-8.20 -75.55
95.90 80.89
31.13 -54.65
-63.09 94.13
-9.73 22.57
8.01 -67.49
95.87 -94.83
-54.96 -17.15
93.21 97.44
14.74 74.12
24.54 99.47
-27.47 86.74
83.75 -82.12
50.65 55.83
-25.75 9.01
-86.42 21.63
-89.31 -53.49
62.98 -71.94
76.73 -58.83
-87.93 7.30
35.91 -49.80
17.02 -70.46
-86.09 -31.72
4.87 -51.20
10.02 -71.71
-4.96 -25.80
-76.11 46.70
-81.50 -39.12
-90.66 89.63
22.12 -61.86
-99.49 40.43
75.66 -76.64
21.01 -6.26
91.85 17.41
49.89 54.05
-35.96 -33.27
-54.01 70.50
-4.01 -74.86
86.14 -91.79
58.74 -62.92
-26.49 -95.55
35.21 3.12
-56.39 -15.64
-15.91 -34.75
-1.42 23.09
-27.32 87.41
-99.80 10.36
-30.98 -8.29
92.25 78.85
17.59 24.05
-83.38 -53.23
62.68 57.03
18.74 -55.56
71.83 55.16
66.03 57.23
82.31 -92.84
-99.55 -41.18
-2.86 -96.97
70.79 98.96
-58.70 52.24
90.81 -39.01
49.24 -15.09
-28.52 64.53
-25.54 10.11
67.41 -79.20
54.24 -15.65
50.89 -9.11
-83.63 -70.06
-86.58 100.71
-78.59 -31.26
-59.32 54.84
57.82 -65.95
70.46 -67.01
-40.02 -81.35
-49.92 -81.31
9.29 -53.47
6.15 67.32
-81.13 92.98
-65.52 -25.77
-71.26 66.80
51.31 -17.31
95.12 -11.56
95.81 -13.67
-35.64 -40.15
-42.89 68.82
13.33 71.91
20.55 47.59
-31.20 -81.36
25.30 19.63
-1.25 -93.80
-54.69 -99.02
21.08 76.93
-53.70 -73.36
-17.09 52.06
90.22 -38.24
-40.83 82.75
-24.92 -90.85
25.76 91.14
33.28 -87.57
41.81 -38.27
16.16 -4.30
46.29 81.15
41.29 27.16
15.97 95.10
-95.54 -1.88
-71.99 84.14
-16.03 -58.19
66.44 7.58
88.55 -5.54
-16.70 54.32
35.58 -60.15
-24.49 19.30
-55.84 59.18
87.48 83.38
5.74 29.98
-57.71 -75.48
54.22 89.35
44.92 8.74
13.12 10.09
-88.40 6.03
-72.51 -54.95
93.03 69.32
71.22 40.02
-32.75 8.67
78.34 13.64
-100.83 -96.05
-90.87 -54.45
-62.46 -72.60
88.68 51.48
14.67 34.56
99.10 -41.25
-33.35 -52.91
-33.58 -76.72
-79.54 2.20
22.17 -34.71
14.76 -62.61
-3.15 -17.62
57.83 82.34
21.58 -97.67
44.46 55.95
31.12 -79.19
-82.26 -66.07
76.70 -80.57
-29.89 43.96
55.08 82.29
34.55 -44.25
-28.69 91.60
36.47 72.10
-74.30 25.31
90.03 42.95
-39.14 27.86
-16.46 26.81
-78.11 -32.19
-27.51 -61.40
85.33 -55.69
66.06 90.67
-62.10 -63.42
-91.23 19.10
-49.50 -63.26
-60.53 -2.22
52.48 -63.68
55.50 -71.72
-32.17 38.65
28.77 23.37
-41.06 37.51
26.51 41.65
30.77 -49.34
-92.93 -90.37
89.29 -72.46
83.74 89.16
-3.24 36.48
41.82 -50.78
-38.89 -82.91
26.54 30.40
-60.57 -37.28
-50.58 19.24
-73.66 55.18
20.80 68.76
-55.18 -5.31
98.30 -6.43
-56.81 -39.86
-5.48 79.14
64.49 -11.40
58.48 -69.92
37.68 -82.33
-87.64 79.75
-62.22 45.10
10.39 -70.86
42.04 35.85
-62.30 -75.78
-6.14 -44.15
-12.49 -92.74
-41.37 93.74
76.44 -37.18
2.39 77.59
-26.55 94.34
-11.95 3.56
85.83 41.68
-29.24 70.02
-88.87 75.90
32.55 89.44
65.21 -40.32
10.39 -78.13
57.82 68.83
-28.61 19.17
63.21 94.63
-19.09 74.54
48.61 -37.73
64.66 -88.50
89.76 6.19
30.85 -28.63
55.29 -15.23
24.83 -35.02
94.81 16.21
-37.05 -57.86
-73.34 94.99
-5.70 -37.47
-42.58 -84.09
-20.91 91.92
-62.89 -1.37
-35.42 -81.94
47.05 -86.26
45.21 21.21
27.24 69.84
-31.04 -55.78
62.63 -23.34
-67.19 -16.41
17.37 -84.85
-81.36 -70.51
30.35 48.55
-87.57 -8.60
88.65 -79.80
31.33 -55.74
51.72 -76.27
26.99 -22.95
-97.29 52.25
97.25 85.06
10.56 -30.72
-20.91 1.29
14.15 -45.18
1.38 36.46
97.83 -88.17
50.16 91.19
84.78 38.54
25.06 -41.79
-5.47 -1.59
-65.22 16.73
74.53 43.35
56.17 50.33
-77.97 52.76
76.14 -5.97
-34.27 -65.46
100.77 -31.31
-88.69 -41.22
40.76 21.96
-40.30 -42.01
-9.79 -50.67
-58.09 -56.95
-55.25 -72.24
-59.30 28.19
19.70 -24.27
33.02 58.44
-99.35 52.92
-35.08 -56.23
89.80 -87.24
-58.65 -58.80
-64.40 45.16
85.66 60.29
48.82 75.37
-78.55 -81.37
-92.70 10.72
94.64 -85.25
46.23 64.01
77.54 55.91
-40.07 85.64
91.15 38.11
-33.87 52.57
10.55 98.21
-41.37 25.94
16.01 -93.38
93.24 -58.34
15.88 -64.78
-68.20 86.06
16.70 -53.22
31.76 -96.63
-3.95 -52.75
-44.10 -91.08
-2.47 -36.53
53.28 -57.33
-73.66 -13.46
9.46 80.37
-9.54 -28.18
-27.28 99.90
42.85 70.70
98.74 -68.08
-28.39 -61.07
71.72 -45.59
-97.43 -96.18
-42.93 -81.52
-34.24 44.40
