-77.554900
254.363510
-40.532545
-28.346617
10.643939
-64.885949
-89.873521
-62.684360
281.473824
99.785288
148.419938
35.442522
-67.145500
134.757895
-19.060075
-83.482646
-95.028081
-54.267812
-27.240259
-87.048890
-31.773180
-65.432292
-90.502252
-48.823440
-68.875342
-29.480320
-64.953370
-88.737200
-82.288558
-53.423432
-99.283807
-58.965824
13.434774
125.251085
130.905545
-57.266108
-21.587050
-75.868114
-84.717906
-41.139208
-96.728805
39.428552
-63.210604
-45.131275
21.342122
36.209588
-99.779280
-36.701758
243.839125
45.870395
-92.226826
155.456404
-47.231944
166.611428
161.048969
-86.946604
-99.735310
-97.056658
239.803784
-37.124880
16.375019
26.719684
17.606044
-18.012094
-65.178720
30.101440
37.143921
-95.098822
-73.064718
-85.282766
-37.011088
-46.262290
-43.765246
-88.813730
-90.640048
-49.147363
77.610180
-63.584674
-74.405496
-52.061680
25.118239
72.564128
69.042773
-61.480540
-3.586898
94.825603
77.919745
-87.175680
49.896390
-93.877500
-99.555962
114.226844
-87.665680
26.072946
17.479872
8.133175
-93.130180
140.377664
-83.433296
-12.460687
11.165120
165.004335
79.664364
126.257470
-95.623848
-48.422386
-64.892143
79.056152
78.104330
28.548560
-45.971370
-9.916570
-29.706112
243.800824
37.440852
-89.630492
192.015570
57.586008
24.533808
-87.700520
-87.615755
226.838396
139.742244
-26.919425
102.665576
-100.032785
-95.841285
-89.714040
185.812464
54.299952
16.971250
-68.614515
-84.537424
-79.089880
-20.235207
-57.091236
-20.214970
187.787222
-97.167186
125.285370
-72.713928
-93.980818
-65.667190
0.930356
182.695332
-24.988375
36.629960
134.864870
-67.795330
171.647885
-22.184404
5.937074
-85.156391
-72.018860
-17.880277
216.626602
-86.136180
-89.554930
-81.446300
-61.406234
-44.619264
-56.024600
-5.953705
58.863549
-18.951606
79.201415
-33.751918
-99.319159
-47.869534
247.562584
32.058048
-30.196196
-89.556301
65.008160
-75.269504
-41.071592
-59.125588
103.862080
-57.559942
85.549310
-74.025534
69.323128
45.738140
-52.329216
-75.671944
-77.782900
-45.181220
-67.832354
92.961340
-90.869060
-47.579190
-93.646774
13.589762
10.839608
81.834401
42.742730
-8.815420
163.283944
20.306152
-80.422330
151.102720
-1.402672
-75.857707
166.447506
-14.924537
217.655623
41.220314
-7.460553
-81.064100
101.506144
-6.612355
31.639333
-18.885466
126.388701
-73.472870
-48.015666
-41.034210
-90.864478
51.789528
-63.398407
-88.336852
-79.795330
76.009041
116.104416
-69.505888
24.672158
-72.574121
-82.218445
-94.503064
93.634925
-88.638980
-61.892700
-41.873342
-63.996844
-2.154205
-95.874025
265.030850
-23.404032
-19.889739
-37.422970
38.343148
-76.596711
187.090904
155.994212
-27.202574
-6.973027
-59.401306
150.188755
134.770361
-66.346972
65.624442
-77.296858
37.908913
-93.351982
71.670896
-65.379970
-55.499407
-81.957745
-87.577400
-47.826670
-9.351190
110.756888
-99.006020
-71.584516
-75.781520
-82.963800
-48.323040
197.594414
160.985634
-96.003865
-91.917440
-71.290600
139.831823
176.802614
11.254052
163.997265
0.894541
119.121155
-26.161378
-92.320138
-19.496216
-59.187064
-40.832920
-45.407740
-95.559688
-54.616375
-95.013720
-38.097709
-34.595424
-77.205364
97.433002
-35.031628
45.367280
143.844950
-36.562192
-72.122227
-6.567148
-99.901826
-89.453464
-5.042560
