0 0 0 0
0 0 0 1
0 0 0 2
0 0 0 3
0 0 0 56
0 0 0 57
0 0 0 58
0 0 0 59
0 0 1 0
0 0 1 1
0 0 1 2
0 0 1 3
0 0 1 56
0 0 1 57
0 0 1 58
0 0 1 59
0 0 2 0
0 0 2 1
0 0 2 2
0 0 2 3
0 0 2 56
0 0 2 57
0 0 2 58
0 0 2 59
0 1 0 0
0 1 0 1
0 1 0 2
0 1 0 3
0 1 0 56
0 1 0 57
0 1 0 58
0 1 0 59
0 1 1 0
0 1 1 1
0 1 1 2
0 1 1 3
0 1 1 56
0 1 1 57
0 1 1 58
0 1 1 59
0 1 2 0
0 1 2 1
0 1 2 2
0 1 2 3
0 1 2 56
0 1 2 57
0 1 2 58
0 1 2 59
0 2 0 0
0 2 0 1
0 2 0 2
0 2 0 3
0 2 0 56
0 2 0 57
0 2 0 58
0 2 0 59
0 2 1 0
0 2 1 1
0 2 1 2
0 2 1 3
0 2 1 56
0 2 1 57
0 2 1 58
0 2 1 59
0 2 2 0
0 2 2 1
0 2 2 2
0 2 2 3
0 2 2 56
0 2 2 57
0 2 2 58
0 2 2 59
0 3 0 0
0 3 0 1
0 3 0 2
0 3 0 3
0 3 0 56
0 3 0 57
0 3 0 58
0 3 0 59
0 3 1 0
0 3 1 1
0 3 1 2
0 3 1 3
0 3 1 56
0 3 1 57
0 3 1 58
0 3 1 59
0 3 2 0
0 3 2 1
0 3 2 2
0 3 2 3
0 3 2 56
0 3 2 57
0 3 2 58
0 3 2 59
0 56 0 0
0 56 0 1
0 56 0 2
0 56 0 3
0 56 0 56
0 56 0 57
0 56 0 58
0 56 0 59
0 56 1 0
0 56 1 1
0 56 1 2
0 56 1 3
0 56 1 56
0 56 1 57
0 56 1 58
0 56 1 59
0 56 2 0
0 56 2 1
0 56 2 2
0 56 2 3
0 56 2 56
0 56 2 57
0 56 2 58
0 56 2 59
0 57 0 0
0 57 0 1
0 57 0 2
0 57 0 3
0 57 0 56
0 57 0 57
0 57 0 58
0 57 0 59
0 57 1 0
0 57 1 1
0 57 1 2
0 57 1 3
0 57 1 56
0 57 1 57
0 57 1 58
0 57 1 59
0 57 2 0
0 57 2 1
0 57 2 2
0 57 2 3
0 57 2 56
0 57 2 57
0 57 2 58
0 57 2 59
0 58 0 0
0 58 0 1
0 58 0 2
0 58 0 3
0 58 0 56
0 58 0 57
0 58 0 58
0 58 0 59
0 58 1 0
0 58 1 1
0 58 1 2
0 58 1 3
0 58 1 56
0 58 1 57
0 58 1 58
0 58 1 59
0 58 2 0
0 58 2 1
0 58 2 2
0 58 2 3
0 58 2 56
0 58 2 57
0 58 2 58
0 58 2 59
0 59 0 0
0 59 0 1
0 59 0 2
0 59 0 3
0 59 0 56
0 59 0 57
0 59 0 58
0 59 0 59
0 59 1 0
0 59 1 1
0 59 1 2
0 59 1 3
0 59 1 56
0 59 1 57
0 59 1 58
0 59 1 59
0 59 2 0
0 59 2 1
0 59 2 2
0 59 2 3
0 59 2 56
0 59 2 57
0 59 2 58
0 59 2 59
1 0 0 0
1 0 0 1
1 0 0 2
1 0 0 3
1 0 0 56
1 0 0 57
1 0 0 58
1 0 0 59
1 0 1 0
1 0 1 1
1 0 1 2
1 0 1 3
1 0 1 56
1 0 1 57
1 0 1 58
1 0 1 59
1 0 2 0
1 0 2 1
1 0 2 2
1 0 2 3
1 0 2 56
1 0 2 57
1 0 2 58
1 0 2 59
1 1 0 0
1 1 0 1
1 1 0 2
1 1 0 3
1 1 0 56
1 1 0 57
1 1 0 58
1 1 0 59
1 1 1 0
1 1 1 1
1 1 1 2
1 1 1 3
1 1 1 56
1 1 1 57
1 1 1 58
1 1 1 59
1 1 2 0
1 1 2 1
1 1 2 2
1 1 2 3
1 1 2 56
1 1 2 57
1 1 2 58
1 1 2 59
1 2 0 0
1 2 0 1
1 2 0 2
1 2 0 3
1 2 0 56
1 2 0 57
1 2 0 58
1 2 0 59
1 2 1 0
1 2 1 1
1 2 1 2
1 2 1 3
1 2 1 56
1 2 1 57
1 2 1 58
1 2 1 59
1 2 2 0
1 2 2 1
1 2 2 2
1 2 2 3
1 2 2 56
1 2 2 57
1 2 2 58
1 2 2 59
1 3 0 0
1 3 0 1
1 3 0 2
1 3 0 3
1 3 0 56
1 3 0 57
1 3 0 58
1 3 0 59
1 3 1 0
1 3 1 1
1 3 1 2
1 3 1 3
1 3 1 56
1 3 1 57
1 3 1 58
1 3 1 59
1 3 2 0
1 3 2 1
1 3 2 2
1 3 2 3
1 3 2 56
1 3 2 57
1 3 2 58
1 3 2 59
1 56 0 0
1 56 0 1
1 56 0 2
1 56 0 3
1 56 0 56
1 56 0 57
1 56 0 58
1 56 0 59
1 56 1 0
1 56 1 1
1 56 1 2
1 56 1 3
1 56 1 56
1 56 1 57
1 56 1 58
1 56 1 59
1 56 2 0
1 56 2 1
1 56 2 2
1 56 2 3
1 56 2 56
1 56 2 57
1 56 2 58
1 56 2 59
1 57 0 0
1 57 0 1
1 57 0 2
1 57 0 3
1 57 0 56
1 57 0 57
1 57 0 58
1 57 0 59
1 57 1 0
1 57 1 1
1 57 1 2
1 57 1 3
1 57 1 56
1 57 1 57
1 57 1 58
1 57 1 59
1 57 2 0
1 57 2 1
1 57 2 2
1 57 2 3
1 57 2 56
1 57 2 57
1 57 2 58
1 57 2 59
1 58 0 0
1 58 0 1
1 58 0 2
1 58 0 3
1 58 0 56
1 58 0 57
1 58 0 58
1 58 0 59
1 58 1 0
1 58 1 1
1 58 1 2
1 58 1 3
1 58 1 56
1 58 1 57
1 58 1 58
1 58 1 59
1 58 2 0
1 58 2 1
1 58 2 2
1 58 2 3
1 58 2 56
1 58 2 57
1 58 2 58
1 58 2 59
1 59 0 0
1 59 0 1
1 59 0 2
1 59 0 3
1 59 0 56
1 59 0 57
1 59 0 58
1 59 0 59
1 59 1 0
1 59 1 1
1 59 1 2
1 59 1 3
1 59 1 56
1 59 1 57
1 59 1 58
1 59 1 59
1 59 2 0
1 59 2 1
1 59 2 2
1 59 2 3
1 59 2 56
1 59 2 57
1 59 2 58
1 59 2 59
2 0 0 0
2 0 0 1
2 0 0 2
2 0 0 3
2 0 0 56
2 0 0 57
2 0 0 58
2 0 0 59
2 0 1 0
2 0 1 1
2 0 1 2
2 0 1 3
2 0 1 56
2 0 1 57
2 0 1 58
2 0 1 59
2 0 2 0
2 0 2 1
2 0 2 2
2 0 2 3
2 0 2 56
2 0 2 57
2 0 2 58
2 0 2 59
2 1 0 0
2 1 0 1
2 1 0 2
2 1 0 3
2 1 0 56
2 1 0 57
2 1 0 58
2 1 0 59
2 1 1 0
2 1 1 1
2 1 1 2
2 1 1 3
2 1 1 56
2 1 1 57
2 1 1 58
2 1 1 59
2 1 2 0
2 1 2 1
2 1 2 2
2 1 2 3
2 1 2 56
2 1 2 57
2 1 2 58
2 1 2 59
2 2 0 0
2 2 0 1
2 2 0 2
2 2 0 3
2 2 0 56
2 2 0 57
2 2 0 58
2 2 0 59
2 2 1 0
2 2 1 1
2 2 1 2
2 2 1 3
2 2 1 56
2 2 1 57
2 2 1 58
2 2 1 59
2 2 2 0
2 2 2 1
2 2 2 2
2 2 2 3
2 2 2 56
2 2 2 57
2 2 2 58
2 2 2 59
2 3 0 0
2 3 0 1
2 3 0 2
2 3 0 3
2 3 0 56
2 3 0 57
2 3 0 58
2 3 0 59
2 3 1 0
2 3 1 1
2 3 1 2
2 3 1 3
2 3 1 56
2 3 1 57
2 3 1 58
2 3 1 59
2 3 2 0
2 3 2 1
2 3 2 2
2 3 2 3
2 3 2 56
2 3 2 57
2 3 2 58
2 3 2 59
2 56 0 0
2 56 0 1
2 56 0 2
2 56 0 3
2 56 0 56
2 56 0 57
2 56 0 58
2 56 0 59
2 56 1 0
2 56 1 1
2 56 1 2
2 56 1 3
2 56 1 56
2 56 1 57
2 56 1 58
2 56 1 59
2 56 2 0
2 56 2 1
2 56 2 2
2 56 2 3
2 56 2 56
2 56 2 57
2 56 2 58
2 56 2 59
2 57 0 0
2 57 0 1
2 57 0 2
2 57 0 3
2 57 0 56
2 57 0 57
2 57 0 58
2 57 0 59
2 57 1 0
2 57 1 1
2 57 1 2
2 57 1 3
2 57 1 56
2 57 1 57
2 57 1 58
2 57 1 59
2 57 2 0
2 57 2 1
2 57 2 2
2 57 2 3
2 57 2 56
2 57 2 57
2 57 2 58
2 57 2 59
2 58 0 0
2 58 0 1
2 58 0 2
2 58 0 3
2 58 0 56
2 58 0 57
2 58 0 58
2 58 0 59
2 58 1 0
2 58 1 1
2 58 1 2
2 58 1 3
2 58 1 56
2 58 1 57
2 58 1 58
2 58 1 59
2 58 2 0
2 58 2 1
2 58 2 2
2 58 2 3
2 58 2 56
2 58 2 57
2 58 2 58
2 58 2 59
2 59 0 0
2 59 0 1
2 59 0 2
2 59 0 3
2 59 0 56
2 59 0 57
2 59 0 58
2 59 0 59
2 59 1 0
2 59 1 1
2 59 1 2
2 59 1 3
2 59 1 56
2 59 1 57
2 59 1 58
2 59 1 59
2 59 2 0
2 59 2 1
2 59 2 2
2 59 2 3
2 59 2 56
2 59 2 57
2 59 2 58
2 59 2 59
