4 6
6 9
76 74
17 58
86 15
17 23
49 43
37 61
1 86
86 99
29 80
89 97
63 70
81 65
16 2
72 64
20 70
44 50
70 22
62 45
17 59
26 88
45 40
86 42
47 34
47 70
99 82
58 68
63 17
60 82
18 39
8 48
72 32
67 31
23 92
77 74
54 3
0 80
3 4
4 63
98 91
51 53
75 44
98 50
65 65
73 59
16 68
13 7
76 0
82 73
29 4
24 4
22 49
60 64
16 90
27 86
38 75
77 82
59 79
64 30
53 38
75 40
85 51
31 89
84 37
70 63
16 21
94 46
29 57
68 94
28 76
93 43
86 96
69 44
64 33
36 10
44 72
78 21
89 89
53 66
28 53
76 55
8 10
24 46
2 13
39 59
35 47
73 16
89 91
84 28
98 0
94 99
84 59
22 96
52 38
12 49
26 67
72 72
21 50
86 51
63 73
72 61
73 44
97 73
79 81
47 98
34 93
7 95
83 54
89 7
69 34
30 8
7 18
19 32
92 23
0 23
1 74
3 5
23 11
65 27
80 70
74 36
76 80
38 24
11 48
65 25
46 38
45 29
80 42
36 90
36 81
18 1
31 75
6 21
52 87
95 93
66 70
46 55
45 42
77 66
17 73
84 78
90 99
95 1
89 16
76 69
74 67
36 95
29 46
20 64
59 86
39 17
10 97
99 9
0 98
40 57
36 37
96 24
26 56
3 46
65 96
33 46
27 6
5 33
89 60
21 67
59 38
81 90
3 75
97 52
76 30
7 21
20 34
23 88
78 99
54 34
3 61
42 85
11 23
20 91
82 80
54 48
6 49
27 8
72 97
9 39
25 8
67 46
56 93
77 36
43 30
76 84
40 65
58 87
92 40
18 67
91 2
21 11
8 68
14 17
95 26
20 74
98 85
58 82
31 10
28 5
83 46
93 59
14 66
98 8
21 84
53 29
77 80
72 57
40 36
48 50
26 82
89 62
43 32
17 63
6 41
26 66
69 20
47 93
19 94
70 9
8 37
26 45
99 53
84 48
65 92
50 45
93 56
69 32
34 91
39 83
81 73
36 89
51 19
58 80
8 25
59 50
41 89
79 65
68 38
17 54
63 22
93 52
73 55
98 98
50 73
32 45
93 57
39 64
75 88
92 52
50 61
91 24
93 13
59 63
82 73
73 22
53 1
24 97
96 46
60 98
60 92
15 32
51 3
4 68
97 0
31 62
29 11
73 91
96 2
39 81
34 54
7 59
88 98
23 82
97 0
67 23
42 0
37 42
28 9
76 77
8 38
6 63
78 62
49 76
69 74
80 65
85 7
9 5
62 76
47 50
89 67
32 42
37 20
73 80
78 47
80 24
29 68
61 31
9 7
97 80
79 69
2 54
85 83
49 94
46 20
87 75
25 94
23 63
82 51
41 96
46 81
96 79
92 59
23 84
65 86
24 48
24 37
88 69
55 45
46 64
40 77
7 89
31 84
41 2
34 28
73 65
91 3
86 37
9 89
66 99
87 46
24 99
9 25
18 3
59 98
6 96
22 20
39 49
76 93
91 11
74 35
81 10
13 91
1 34
2 58
3 29
3 95
97 44
63 25
42 67
40 91
71 59
19 37
17 87
81 5
36 46
49 90
54 7
35 84
95 7
11 48
32 10
65 58
70 86
55 79
2 84
73 49
77 56
97 59
35 8
72 37
31 12
10 29
27 71
23 48
59 18
48 46
49 69
5 80
1 88
72 99
96 56
20 72
2 87
90 65
46 12
24 26
64 52
77 23
59 25
57 74
0 77
41 66
1 32
81 57
63 35
23 26
32 51
8 12
88 5
95 56
20 85
38 53
47 65
83 70
90 80
63 95
91 85
1 33
76 98
41 10
59 1
52 59
11 85
75 55
37 49
32 88
88 77
15 49
26 34
58 35
89 31
57 49
34 70
96 98
66 98
37 56
3 85
77 3
8 83
87 65
32 66
77 29
50 92
15 29
95 63
59 63
68 37
6 4
96 43
47 49
70 90
82 21
45 60
88 96
5 95
53 24
82 22
56 62
40 95
13 73
66 87
89 27
97 98
62 9
42 67
25 2
73 54
34 24
2 3
62 80
29 40
21 41
0 95
18 73
87 20
6 1
90 67
93 81
30 33
9 31
74 80
68 92
57 73
11 32
14 56
86 50
94 77
21 35
93 76
90 12
59 74
88 21
31 12
42 65
93 95
13 75
59 26
89 84
44 75
87 41
78 62
57 25
92 36
13 83
20 59
50 60
17 62
74 12
63 17
16 55
92 24
1 38
58 51
26 12
45 83
89 75
65 39
46 17
18 78
24 26
4 33
67 21
83 12
41 30
12 77
6 26
25 24
84 83
37 68
27 9
47 49
55 88
32 32
3 93
46 80
45 90
22 59
51 32
9 74
60 1
6 26
5 26
12 14
37 81
9 96
5 98
71 46
27 6
18 65
34 13
75 87
43 22
10 78
32 35
36 93
59 83
36 1
8 39
83 3
58 80
61 5
88 48
94 77
39 20
82 45
23 78
85 23
76 69
59 46
83 24
24 96
15 19
74 1
50 49
1 78
82 92
97 46
0 19
31 74
19 84
42 11
33 78
73 47
33 89
87 40
61 30
14 77
49 81
38 41
77 98
70 76
26 26
55 17
56 99
19 61
77 9
80 30
72 44
16 65
25 22
3 82
4 23
73 9
81 46
89 50
62 82
47 82
7 12
67 69
18 28
14 8
97 63
48 58
63 82
46 19
56 39
43 1
86 48
21 77
6 15
77 20
2 92
95 86
41 9
13 18
77 72
63 46
59 72
89 79
69 59
18 90
38 86
13 69
31 76
43 66
64 38
23 65
39 43
53 67
13 53
65 74
65 76
5 27
66 67
66 77
47 98
21 89
98 7
63 38
32 86
49 29
9 7
22 94
62 69
77 34
4 80
90 32
56 41
73 9
2 18
73 27
59 74
0 17
25 54
1 25
53 60
47 52
46 35
63 55
37 67
71 90
42 95
1 59
1 70
24 53
80 31
40 12
47 84
69 94
53 13
58 79
91 98
58 2
78 41
8 25
53 33
78 15
36 24
60 5
95 41
28 61
48 5
84 57
56 33
98 32
61 25
40 36
7 66
91 56
46 48
52 1
23 76
7 12
8 88
97 75
0 3
82 95
85 91
67 53
16 49
88 48
66 59
7 91
6 83
49 85
59 0
92 84
33 42
31 55
36 99
47 15
69 50
25 28
16 94
72 1
96 36
85 2
23 10
72 59
57 25
36 99
5 60
41 48
48 99
48 20
39 58
31 69
5 8
83 17
12 50
99 53
71 19
71 26
25 88
53 43
40 70
92 54
59 74
18 71
17 41
34 0
96 19
41 88
84 45
14 8
96 88
14 20
6 91
68 19
52 10
24 68
30 69
26 79
36 62
81 67
11 46
35 3
32 26
99 76
65 22
24 24
77 82
34 8
36 3
12 63
29 57
36 34
51 63
19 55
59 65
82 70
63 84
70 20
22 42
67 73
98 44
36 57
74 51
0 18
17 92
54 79
16 78
69 80
39 15
68 27
14 86
24 15
30 12
46 25
63 4
48 48
62 87
97 73
32 85
83 78
78 93
57 67
35 69
28 52
75 51
35 96
7 29
39 31
73 16
57 68
95 30
89 52
24 70
3 43
27 49
93 50
79 83
40 1
40 13
35 95
84 37
5 31
44 67
16 64
65 85
36 10
49 0
45 34
59 73
26 29
4 7
66 60
48 75
62 43
40 18
53 76
80 37
40 26
11 34
75 34
79 27
66 48
26 32
47 76
26 41
39 34
48 48
83 63
87 58
66 82
92 81
87 39
11 35
41 86
65 94
37 32
52 62
44 70
41 56
27 44
56 28
90 52
57 26
96 71
75 15
65 22
42 17
27 40
94 69
13 18
71 25
40 86
32 96
58 39
44 11
4 73
60 10
45 91
6 28
80 51
68 78
32 52
89 31
10 19
29 88
60 70
68 19
8 91
85 52
91 41
54 79
58 48
82 29
7 51
84 52
73 89
39 12
29 54
43 25
84 96
81 15
74 16
9 86
57 89
52 69
63 47
28 33
2 29
59 38
21 90
40 80
49 17
77 6
9 51
4 41
40 93
59 52
98 23
67 89
70 64
51 95
42 22
11 13
99 5
74 61
49 36
61 10
89 98
28 8
61 2
21 8
32 75
53 10
27 78
64 71
51 65
99 39
58 42
76 3
70 87
45 39
31 58
11 39
27 99
70 76
78 48
16 53
35 3
45 63
44 4
84 3
8 69
98 50
4 54
7 25
72 22
71 59
60 27
28 29
11 61
8 80
77 79
82 57
58 61
37 16
56 49
31 18
81 40
50 45
37 72
10 46
89 91
28 26
2 19
90 39
42 42
65 20
59 73
53 82
55 46
81 87
5 39
97 59
9 11
87 10
78 32
53 83
22 97
29 24
1 83
34 35
57 60
5 77
34 4
82 70
74 26
33 58
84 86
83 33
31 8
2147483647 99
4294967295 4294967285
