2
15
6
43
89
6
26
24
87
53
77
56
121
16
18
8
82
30
80
19
42
66
5
124
13
105
49
126
46
110
53
56
104
92
75
7
53
80
7
59
57
6
103
80
0
114
84
10
76
27
25
28
39
124
74
77
109
31
116
94
19
99
102
70
113
121
5
112
36
26
80
118
54
105
97
46
100
91
0
119
41
123
2
54
15
28
12
89
2
72
98
61
111
118
18
61
89
0
39
101
118
117
101
40
30
77
127
88
101
94
103
22
21
51
75
23
75
6
28
90
22
110
28
62
59
88
8
48
122
126
117
19
84
19
99
2
4
25
7
15
88
26
57
94
73
9
9
123
51
84
109
54
107
106
98
17
1
120
34
45
33
15
29
36
101
86
29
11
72
85
82
18
54
79
45
20
62
127
28
79
2
6
55
19
41
46
17
109
101
105
53
24
105
109
116
81
89
30
76
31
69
94
55
104
21
25
125
102
76
106
65
40
29
113
12
2
72
103
11
46
47
88
81
114
77
79
45
55
86
100
29
31
101
101
121
116
24
125
32
106
17
9
112
14
98
39
41
105
126
0
123
13
100
103
19
104
15
67
80
4
27
95
52
121
78
94
96
47
48
64
97
33
22
18
98
118
20
60
58
69
97
84
42
15
21
1
46
57
112
125
15
17
82
12
114
29
26
10
49
25
97
72
89
34
14
49
10
52
6
111
58
28
71
40
97
73
127
47
103
67
23
40
61
29
26
110
101
94
75
43
62
8
88
115
80
33
121
123
16
17
89
102
2
22
17
80
105
91
86
35
56
30
92
77
38
105
115
124
54
70
84
10
107
49
119
88
59
42
123
16
120
86
120
117
90
43
109
19
23
92
39
41
30
116
85
89
43
88
92
85
27
34
2
116
90
34
115
77
107
33
104
28
13
19
4
93
103
65
19
110
21
10
96
14
32
46
35
58
15
94
124
20
120
21
62
56
25
70
8
100
2
32
29
86
78
91
22
98
80
110
18
96
4
97
2
75
30
28
71
17
56
90
45
68
6
119
68
21
66
3
55
105
27
127
58
1
110
53
60
95
91
67
7
25
12
63
22
26
24
112
43
54
100
19
54
17
86
113
77
19
107
2
70
33
13
103
126
112
32
120
94
47
14
47
70
46
39
68
39
9
22
126
18
102
63
92
2
37
86
95
55
65
28
1
7
97
18
30
111
0
94
126
119
45
19
67
61
28
31
2
116
105
103
105
29
83
47
28
61
68
3
121
104
37
47
80
106
56
104
19
51
127
89
66
9
21
75
120
28
75
3
79
14
79
19
85
71
33
111
102
120
127
35
67
96
15
47
10
0
38
91
46
68
78
100
81
15
81
19
64
127
107
108
125
11
6
14
6
94
10
109
61
31
42
102
88
9
89
94
9
32
31
5
17
115
22
126
72
112
72
83
105
102
86
12
118
56
11
13
30
1
15
77
76
101
25
118
44
14
72
123
111
84
122
17
64
16
82
113
17
47
24
9
27
13
8
102
29
117
58
71
45
79
36
123
27
56
117
57
56
103
17
20
65
60
57
118
33
53
109
25
66
36
12
69
99
30
53
91
11
80
42
3
13
14
118
33
104
121
92
85
100
59
8
11
40
71
32
119
5
78
73
68
87
29
115
32
71
57
25
83
36
29
90
13
66
62
86
84
93
65
30
110
106
113
85
56
34
115
113
121
6
56
26
93
87
62
92
91
85
26
18
37
32
58
47
87
0
31
42
39
51
36
6
12
36
122
20
107
82
60
10
78
29
121
18
77
121
94
21
40
95
88
23
18
55
59
0
105
40
117
29
19
122
102
40
120
67
26
56
89
125
65
109
94
40
42
111
28
41
37
124
113
26
111
80
20
46
49
15
114
7
3
126
123
21
58
121
117
50
41
105
84
114
58
99
51
5
0
108
109
16
13
112
40
127
31
5
10
106
17
55
36
110
35
39
68
87
59
51
27
31
94
126
64
29
39
77
54
118
26
99
10
20
70
25
69
122
87
83
97
114
121
10
79
52
96
16
43
43
50
52
94
90
95
96
113
16
61
31
29
79
120
32
75
58
45
117
15
117
26
6
108
60
6
102
119
21
55
59
20
63
29
107
63
85
7
114
68
16
79
17
10
37
44
120
10
126
37
32
18
40
87
77
80
50
30
94
124
39
1
54
88
2
107
7
53
9
13
121
31
109
36
2
6
17
125
0
85
114
103
25
6
34
90
2
93
110
102
119
5
82
1
5
72
38
20
80
27
2
114
23
