463 633 13 302 -383 -64
81 430 -544 360 -494 -191
777 697 470 210 843 -22
494 -532 -399 593 564 699
771 -944 74 787 364 -735
528 977 147 947 401 252
531 457 -83 578 705 -703
863 944 -381 475 -943 795
211 509 -59 544 412 394
466 896 32 960 -240 961
779 794 -652 400 909 255
7 898 707 300 321 -338
206 -127 965 564 131 949
249 520 535 140 -665 78
757 33 -227 510 999 502
571 639 939 981 92 231
801 1000 515 344 671 61
973 891 749 750 598 403
749 93 820 671 -45 624
210 858 920 659 219 554
6 363 698 320 -733 -645
803 80 965 810 -11 -952
642 -498 439 441 108 352
170 317 768 674 32 630
516 590 511 923 478 997
336 174 788 531 458 740
688 -458 47 258 -550 21
166 428 -636 594 722 -187
656 982 687 727 336 858
579 522 46 669 -878 632
147 431 -145 942 980 298
965 541 785 537 241 874
402 -788 887 139 -711 732
642 446 994 993 157 704
967 -851 797 122 -423 -908
394 843 333 839 461 -310
536 137 808 775 -809 298
854 335 113 213 -691 29
885 6 748 766 85 272
641 550 -787 230 591 309
900 -887 285 333 85 457
676 -912 858 772 -413 800
678 608 324 677 -848 -362
639 -795 779 647 -596 849
609 480 -55 423 -215 -397
801 560 -234 478 487 418
89 387 -545 469 669 784
354 467 755 704 383 23
160 607 932 842 -40 -282
712 151 31 344 460 905
50 762 -93 790 979 -126
1 436 513 557 350 282
169 520 825 455 42 -807
536 186 -102 890 -801 -565
886 840 448 613 40 -921
505 -335 608 451 567 -765
144 -692 555 617 113 -834
427 152 405 299 -142 495
215 33 410 766 628 466
324 698 281 151 -444 237
371 155 309 915 -295 408
117 587 622 479 -167 991
955 -2 997 318 -983 825
671 478 -772 746 597 -617
322 -82 143 27 35 -132
251 655 -198 709 265 121
971 175 756 324 985 426
691 180 188 114 407 658
90 793 348 870 -867 48
822 184 -495 337 89 949
280 569 250 125 -198 761
855 233 -298 847 -703 443
944 318 225 436 952 788
758 32 -601 108 -388 817
712 135 -986 630 264 419
901 335 -644 379 676 507
160 714 911 387 90 26
949 219 431 719 -877 699
702 -957 460 601 806 578
337 129 474 442 247 -156
360 700 394 835 544 248
773 645 839 196 -909 440
126 708 986 347 206 423
773 478 62 184 834 211
322 122 310 867 43 263
302 875 -301 249 -724 401
214 75 456 70 446 -65
943 753 316 158 -100 988
541 512 455 797 146 -291
812 157 825 908 177 481
56 901 -515 455 82 602
377 -611 -757 558 2 421
589 768 58 361 381 -382
866 123 123 132 293 310
369 814 38 302 -457 -332
898 82 355 105 182 8
1 -944 1 743 -35 410
281 -848 539 547 674 -137
738 220 817 804 461 624
889 -132 20 993 374 355
511 991 67 935 58 313
555 527 300 177 -810 -165
641 -483 377 804 -750 -378
957 292 -813 792 -347 -508
173 -960 633 336 -839 884
673 647 921 672 777 101
356 56 631 30 139 143
680 485 191 798 522 96
372 846 365 130 164 -806
223 853 284 850 225 369
363 -929 570 575 522 -952
842 188 859 296 280 -13
348 777 -219 64 423 -144
748 611 359 540 292 -464
536 -307 841 310 780 342
376 -831 -322 671 825 -218
29 -738 -764 600 748 455
443 -466 411 183 -419 514
605 48 -176 813 611 464
140 162 118 6 610 -23
477 -882 908 275 83 -702
197 282 -711 526 795 979
679 -908 643 573 554 761
673 841 812 892 809 450
679 759 138 984 -850 -329
707 609 191 650 -330 251
170 545 309 288 211 952
394 -478 674 736 598 574
589 729 12 986 -100 367
921 479 296 435 12 997
964 -839 -130 125 354 -672
267 149 631 948 822 -750
31 -201 565 745 383 94
475 96 809 397 111 340
72 -259 979 285 619 -205
889 949 357 857 179 981
739 961 38 160 -72 785
788 211 -377 852 748 -582
505 504 -530 643 39 -448
887 1 -409 716 107 451
412 823 577 873 357 437
782 -649 253 131 3 387
86 -262 407 308 645 775
472 42 -78 97 -926 518
969 808 -792 921 358 939
707 893 827 869 833 603
129 362 98 621 55 453
337 546 -554 789 110 -96
224 336 538 742 652 301
377 928 918 416 149 335
755 687 -185 264 866 818
570 807 923 864 -424 384
896 454 955 441 866 -324
348 93 377 709 -16 -622
909 354 861 128 270 789
969 -804 -913 14 914 364
298 390 -915 93 945 423
527 -561 361 46 791 329
35 697 459 118 606 876
529 -638 -444 470 -817 58
994 192 637 514 705 -344
337 -237 231 795 777 360
866 182 479 590 800 45
203 452 207 457 618 546
704 66 453 921 466 587
428 -499 726 274 -697 599
291 926 172 410 153 80
672 -247 551 340 312 -436
831 182 498 944 861 898
228 957 835 984 -318 83
980 61 336 470 926 513
759 -817 -955 833 -454 332
913 728 -435 972 81 407
993 347 888 159 512 191
495 454 205 127 657 347
351 -1 465 654 704 531
35 -425 -158 281 -202 -973
313 917 926 192 280 677
675 -957 972 976 848 -866
149 775 -607 199 81 455
448 59 425 771 722 962
643 807 825 937 643 376
739 846 -285 45 148 231
35 717 571 525 695 312
751 663 814 681 925 896
799 280 266 355 443 891
344 926 35 675 481 150
246 722 293 665 886 -751
455 696 -348 366 888 588
292 573 894 814 222 374
293 332 -646 722 835 499
266 -315 165 560 1 396
271 102 -65 38 98 68
299 794 901 168 856 576
733 621 689 499 700 707
492 757 230 420 -506 589
919 354 45 67 111 -612
333 725 25 503 977 909
921 361 -310 407 276 504
912 668 333 67 864 268
526 637 774 891 -175 954
23 809 352 963 359 626
331 960 706 76 736 547
682 556 856 295 -20 865
704 753 -913 906 -652 -93
319 801 210 964 915 400
973 854 -896 36 136 -61
817 395 356 438 -498 -683
755 511 -942 690 54 -476
414 -783 -410 562 691 -332
256 226 613 627 765 -852
951 171 184 284 228 363
434 669 -937 996 606 587
270 237 106 10 560 108
101 39 907 978 -384 -548
919 775 525 196 -968 919
778 379 -625 166 -592 -55
475 977 765 121 -443 465
553 -660 260 981 630 -839
279 503 -144 613 507 -429
505 680 771 964 465 82
926 481 78 576 136 320
849 501 -79 872 -906 435
886 420 153 511 -865 116
250 -779 -490 252 472 -31
994 -741 248 820 107 226
214 211 263 134 44 544
142 893 353 412 411 727
136 108 746 390 697 774
861 976 677 313 442 -296
551 60 994 547 331 130
90 788 969 666 949 -914
235 -221 103 442 218 -846
464 880 668 292 761 -629
631 879 604 726 948 245
867 224 66 387 251 207
126 23 718 534 425 643
760 62 -386 68 623 354
315 -697 955 429 169 361
670 551 -895 255 598 897
943 916 419 90 -320 -694
566 359 6 809 -657 -477
862 209 598 226 878 792
380 -415 892 94 -452 798
269 4 153 814 165 284
609 435 558 118 705 21
302 -6 -718 91 896 756
20 465 -597 817 83 161
322 891 314 689 287 386
455 -545 797 944 342 977
669 -487 60 736 180 531
547 698 993 552 -205 886
30 344 295 150 835 921
787 590 425 914 663 744
711 602 970 248 -473 447
39 260 949 53 689 920
136 -3 -231 157 -945 22
867 417 824 529 727 651
284 74 -925 641 662 552
96 -569 -971 958 946 486
760 117 413 118 -241 421
455 376 529 353 447 46
737 335 -373 341 968 842
81 875 572 481 -478 250
348 -277 -73 226 -955 147
993 418 727 66 728 710
979 -641 -205 399 65 -142
756 -456 307 337 20 992
947 192 -286 326 9 886
964 -277 874 953 886 332
57 42 4 711 373 815
544 -335 947 835 -239 448
544 546 836 500 798 544
106 913 393 343 -708 48
553 986 303 636 648 815
939 750 -964 160 256 -344
359 901 532 821 226 -72
99 278 241 336 1000 66
720 566 -628 852 427 12
564 479 -787 409 981 286
351 92 -496 494 606 426
796 -977 626 674 620 -296
822 852 810 362 337 943
826 656 -925 194 630 -879
702 817 501 230 -522 412
618 27 573 790 -871 479
87 284 -741 479 -564 112
190 658 167 339 -781 345
557 452 261 563 908 821
661 -723 620 567 710 -804
214 273 852 218 -692 512
561 778 803 187 853 377
236 221 216 992 16 -116
655 919 518 663 -623 220
863 112 915 184 469 -29
634 697 646 671 595 819
253 -705 257 341 653 307
49 821 205 696 186 643
459 937 721 938 212 183
110 927 98 55 2 761
884 608 525 886 594 538
505 771 686 681 541 53
976 -33 901 376 279 672
280 77 -706 988 98 951
154 671 -393 281 603 390
485 12 37 959 -144 70
957 728 927 269 539 746
920 -292 589 913 500 99
829 -719 -50 415 574 300
125 618 622 153 -171 20
792 646 279 79 160 10
20 -659 666 826 630 451
586 632 524 915 419 536
747 746 650 309 940 -23
645 -627 -652 670 573 910
710 -551 570 905 869 315
24 529 705 725 -699 -873
207 859 -14 406 547 561
348 438 120 371 515 160
564 202 -79 55 540 -562
931 843 989 564 468 693
914 294 339 352 733 209
370 177 365 912 59 544
520 360 883 209 27 429
21 506 346 350 339 660
363 99 939 383 130 877
806 88 269 15 367 115
724 4 821 465 505 -237
93 415 321 386 581 996
40 831 351 465 -464 137
202 949 369 968 311 407
785 630 40 767 -105 287
334 185 197 132 -99 683
278 -319 669 617 212 84
935 421 361 968 577 -602
586 106 981 415 42 445
220 708 562 280 392 525
203 -392 475 751 625 335
643 199 599 134 297 640
472 -932 946 125 -355 193
759 -747 114 696 45 -453
432 349 378 857 237 658
123 516 258 562 463 913
680 -522 -109 534 -914 -992
240 340 -120 526 989 -413
221 217 860 179 62 666
529 -403 405 908 667 74
911 728 -418 821 -244 775
950 617 -192 196 30 -506
493 584 416 433 665 -964
447 747 689 963 270 -443
474 -972 362 733 57 387
99 563 451 901 360 -24
679 202 807 26 687 811
221 149 537 558 881 721
654 69 -752 921 -118 988
645 483 -246 352 155 239
848 224 649 205 483 278
174 275 3 134 -699 548
233 18 604 531 9 242
137 914 51 378 528 120
737 441 58 125 -766 195
219 414 647 882 -795 246
363 770 218 239 500 484
583 394 944 686 331 680
155 902 -197 424 307 186
353 979 652 973 715 23
400 429 -224 621 677 -282
408 259 519 770 145 -606
214 326 659 336 602 2
975 423 522 594 -709 -354
986 538 -533 124 -680 -902
855 -178 230 529 -653 1
929 273 627 949 591 336
332 180 725 989 873 531
195 -427 392 717 496 303
422 -812 44 638 851 -395
402 -646 577 552 739 -146
725 -504 -664 65 850 832
343 -408 -161 626 373 -820
48 105 445 955 248 448
821 953 436 324 974 835
445 993 383 456 355 827
246 465 664 657 443 666
210 538 49 729 572 799
387 -258 113 256 -366 235
347 443 -693 290 995 -813
469 323 794 803 -429 818
203 57 994 227 191 433
390 971 -806 884 976 -944
703 337 228 435 673 917
679 880 517 238 872 66
460 572 -901 892 -695 -683
507 324 369 60 953 -472
521 288 203 527 258 449
994 506 80 289 692 753
799 68 -174 251 711 43
391 371 77 880 816 575
990 326 533 608 -496 209
44 -879 330 538 335 -858
397 250 877 336 335 459
955 512 208 372 491 866
108 -179 751 808 824 439
998 -859 31 676 -844 -694
37 884 639 494 431 119
378 -94 440 360 567 -406
268 -505 377 449 780 -829
375 311 778 129 554 255
380 543 -940 363 57 713
511 491 -913 447 65 355
959 253 801 841 449 886
683 310 500 33 40 415
628 787 207 261 227 948
770 -920 709 950 356 330
741 -274 337 72 501 986
363 332 -753 971 167 932
311 376 965 882 806 854
974 -120 510 535 -606 378
816 824 -613 652 -571 840
836 111 307 240 551 825
952 675 -924 612 -172 44
583 125 83 788 811 -847
269 390 768 485 350 42
338 25 -650 398 250 163
206 295 879 290 687 548
14 103 782 37 96 945
648 853 -494 224 646 683
580 11 510 205 142 364
281 -748 617 581 83 292
366 966 -23 333 593 757
966 -161 -497 919 874 739
58 -463 566 916 867 432
520 300 -332 658 739 -167
556 849 907 555 777 -108
216 481 445 533 -638 -487
684 -177 -466 132 194 744
63 -746 60 940 821 -804
343 -107 117 486 2 -995
941 908 48 2 316 900
99 758 819 14 890 633
360 965 -819 14 566 331
938 701 244 316 209 71
982 418 -652 686 -354 796
786 501 -558 438 64 -789
643 713 -368 54 322 -527
306 123 2 615 211 -275
682 -355 -102 77 643 454
208 143 -940 301 17 -261
272 -536 829 227 395 279
751 477 885 731 239 872
356 41 -298 451 920 880
722 -682 464 128 858 753
579 -522 354 124 509 516
661 601 655 941 687 849
27 424 45 671 439 151
440 665 94 869 87 800
277 121 -58 419 811 109
423 630 589 747 890 94
505 833 822 480 537 929
498 -484 -998 474 943 77
128 265 778 264 112 475
32 41 -481 909 731 277
363 -335 719 442 591 261
549 -461 473 497 172 670
519 753 -559 46 362 730
81 957 619 152 -960 150
204 306 -521 335 -422 -45
608 186 789 409 686 475
430 19 -720 8 542 803
395 48 995 226 741 158
885 -597 83 137 434 471
489 983 839 336 865 -904
552 777 608 132 771 529
579 262 800 182 799 430
850 78 822 300 852 725
971 944 269 450 286 -239
684 224 -379 768 395 629
33 676 733 339 250 917
204 872 80 193 -966 -99
969 -443 802 309 275 803
684 611 -18 293 -759 528
275 989 756 989 639 103
104 918 227 321 967 228
814 -922 674 184 316 -766
435 332 968 254 54 731
739 755 381 337 514 342
336 422 803 433 878 -967
777 336 -536 15 684 -202
82 352 169 290 190 -375
163 -288 -266 803 -442 678
129 143 235 698 -199 638
178 -883 183 262 -511 603
254 732 140 283 292 -639
22 376 -74 183 -653 372
49 -556 484 109 -101 897
240 752 -787 222 61 519
937 312 12 423 25 776
243 213 387 614 131 -427
117 719 259 990 607 281
420 181 867 282 699 251
30 477 -573 31 605 564
302 -318 952 404 957 808
419 477 -368 699 736 387
933 569 -153 180 -689 110
439 574 178 197 141 94
570 -857 -994 812 168 39
79 141 -209 282 -894 566
142 -619 904 29 444 676
855 792 -970 972 860 -176
711 684 678 146 631 720
774 -472 532 893 -902 646
11 595 570 436 -510 -683
110 -612 -389 671 986 -524
377 808 807 133 477 10
270 938 851 31 92 734
170 338 -644 317 -724 663
28 919 -442 845 -413 814
24 -639 768 247 909 391
31 433 231 23 462 -267
612 871 836 919 616 15
766 141 -77 102 267 634
809 692 868 471 222 -156
38 676 652 311 -919 368
157 721 -808 22 221 390
31 616 379 319 867 387
110 224 494 111 599 858
185 305 796 652 812 106
905 -743 235 756 544 -550
651 -986 633 548 274 -818
289 432 719 485 -87 245
764 -174 1000 323 457 6
421 219 248 372 708 -893
730 257 420 554 506 -122
198 -959 615 328 -555 -529
887 648 577 272 773 321
959 337 377 39 769 562
501 406 612 289 969 881
562 916 -229 801 658 173
847 657 549 532 535 450
270 19 155 751 81 -110
943 -658 -935 538 185 902
219 853 990 309 33 267
77 655 902 335 -169 219
468 945 987 127 979 248
455 84 515 263 -817 753
249 -758 135 630 468 535
9 661 741 849 570 208
219 773 318 935 -7 58
265 -750 -535 697 1 663
650 645 155 554 555 996
704 857 -230 727 210 785
408 476 423 241 560 979
327 47 704 991 191 69
689 -468 567 101 672 817
910 65 92 264 -495 292
503 573 -811 720 -21 675
382 89 684 363 27 814
545 -780 -862 514 -301 650
341 496 781 219 865 -88
394 -457 339 302 812 600
493 529 -448 803 456 692
640 391 432 849 -526 576
942 677 571 201 -890 710
162 -50 225 697 -544 -208
459 2 871 83 471 351
736 329 -485 77 947 715
314 482 344 328 543 364
927 -305 93 246 449 133
149 278 435 335 -79 242
786 308 323 433 841 172
104 -47 524 793 603 931
747 55 328 220 730 282
974 92 808 709 626 917
119 851 848 243 327 525
971 175 100 792 787 547
863 398 845 114 716 262
167 316 -644 224 -287 361
118 -447 760 386 270 897
987 298 637 582 345 -362
513 40 677 35 134 16
165 -727 194 287 -941 67
722 -600 354 788 398 832
565 -7 475 306 418 -730
410 -856 -290 562 482 8
385 303 877 523 -657 -623
861 -780 914 454 -69 248
167 -650 -406 560 80 -653
182 -841 424 743 37 589
929 679 705 631 733 167
509 210 -507 937 811 191
821 820 -964 928 209 898
864 -71 652 17 685 638
191 459 527 103 40 162
601 57 -924 657 115 816
627 855 868 535 128 625
83 272 349 832 42 -262
300 727 -973 767 33 768
328 678 12 572 -238 92
959 123 884 10 191 923
495 -193 317 591 -833 145
971 -132 53 286 17 -841
410 355 -822 745 311 29
576 389 179 566 408 606
615 960 -393 470 873 539
751 195 724 198 798 983
705 389 779 732 584 38
232 -577 453 315 -980 726
842 -246 -91 843 852 439
745 106 280 748 -475 705
361 12 273 531 881 759
658 223 766 606 478 403
336 118 630 219 648 667
421 214 208 180 931 816
237 -845 480 89 182 743
228 144 708 312 487 724
622 502 -689 920 456 815
267 107 -10 190 -765 63
488 771 -654 767 571 735
638 -36 396 161 -746 791
364 622 -329 589 129 760
38 907 888 941 19 234
52 -288 860 817 960 170
399 -632 -661 868 -803 965
788 717 233 572 243 -42
164 289 765 816 -111 703
850 257 337 825 608 -302
229 95 755 677 865 -888
817 405 32 615 -420 889
32 663 592 977 756 4
793 791 562 975 341 891
880 342 219 102 517 775
279 611 922 786 519 100
507 54 81 239 -913 795
852 -366 129 853 409 970
10 157 732 903 -603 -243
174 288 -569 570 372 913
501 -476 938 966 207 -431
615 93 840 765 -718 391
821 895 332 810 471 -865
123 855 361 669 799 -722
254 59 411 883 -590 903
581 204 -466 325 -745 121
415 953 874 635 884 430
299 256 739 524 -300 757
885 890 520 970 419 645
478 294 -870 984 381 756
458 -216 644 117 169 433
608 882 765 905 74 671
213 86 773 616 972 389
814 836 494 909 104 327
736 290 -134 587 553 479
352 952 551 682 295 236
374 -485 471 214 6 671
545 769 444 317 507 816
999 489 151 303 760 713
349 22 652 347 -336 134
200 263 348 881 639 730
599 681 -896 379 694 -968
752 640 962 133 45 273
730 58 477 35 286 801
19 -295 -302 348 585 876
960 -804 -38 930 -860 298
624 27 -755 244 76 725
754 -474 101 535 848 699
315 -4 923 158 293 -515
666 -16 82 190 843 -973
250 552 980 690 709 577
550 490 562 986 -787 43
825 815 150 993 756 203
428 485 300 688 461 286
329 -398 390 171 -632 263
82 613 15 416 937 -340
845 -962 334 269 -603 -275
944 -82 474 680 126 213
50 -213 579 867 -37 -870
357 -678 857 117 577 -977
246 665 -157 161 714 301
476 694 918 10 595 -404
1000 -188 578 73 -772 385
588 611 -7 386 -658 140
26 -232 475 824 128 897
633 -637 139 795 -429 -128
618 439 39 699 531 862
707 410 646 31 427 294
610 983 202 890 -756 97
65 -502 -932 609 209 -316
863 -325 109 671 448 908
438 90 298 112 566 606
711 307 -378 209 200 -538
690 20 96 485 845 588
177 756 943 398 239 -197
760 -812 350 417 737 324
663 609 -713 943 887 272
291 -252 31 863 608 128
243 692 926 861 -83 219
692 343 -351 853 -630 917
836 408 933 123 -455 28
735 -64 666 40 380 170
224 -253 106 348 694 148
443 617 89 250 365 -203
158 767 165 8 544 446
208 801 61 268 620 368
399 313 389 800 909 955
336 -578 827 757 -197 -510
597 46 990 90 530 -56
603 -520 518 284 -737 47
350 -659 426 743 840 810
216 -731 276 158 408 -17
6 446 809 506 828 457
235 -30 838 195 994 370
119 816 368 658 -966 777
332 103 72 789 -933 -763
607 157 -587 133 506 569
78 623 -312 368 973 -414
572 659 369 468 -507 904
835 927 529 730 -452 -500
160 552 708 309 124 -281
460 362 96 69 335 -58
1 -455 175 773 851 341
37 -153 -571 446 -310 324
121 749 452 216 805 471
885 621 30 656 558 6
649 758 460 759 809 -165
707 -25 415 796 599 -984
393 -146 685 764 754 213
162 -988 -909 370 340 743
429 872 350 807 911 171
822 555 -460 599 917 -913
731 273 634 148 779 354
689 146 724 491 886 -684
268 556 949 242 882 -216
285 689 -188 544 -31 820
543 -451 422 703 645 895
410 842 359 720 -39 790
504 669 -957 591 -366 -661
36 -428 862 625 158 979
247 115 -109 499 -428 888
347 -37 -292 363 764 971
564 946 998 242 190 692
118 621 631 777 412 266
540 406 580 117 412 658
160 874 517 660 354 223
962 583 -914 996 871 63
868 490 666 877 288 264
998 122 -665 45 870 415
163 61 -305 667 658 582
323 793 932 476 251 481
517 310 773 555 -89 371
293 876 100 712 -6 716
195 673 522 650 -711 239
833 589 -844 285 686 397
53 -836 176 363 702 861
999 945 655 787 276 464
611 341 796 127 -737 -309
252 235 -715 970 756 -266
57 727 805 927 888 433
140 -6 436 570 -219 638
621 235 948 498 640 315
318 405 950 22 724 446
792 18 613 76 145 21
196 137 -468 790 550 -515
826 358 490 696 97 -906
854 396 902 976 -509 -589
982 193 -6 121 533 797
939 -406 811 51 244 466
221 938 520 678 737 -991
904 302 200 186 668 -637
784 -269 108 300 -235 495
20 465 817 621 -186 401
349 596 778 30 912 442
248 839 246 357 410 972
700 21 839 949 770 812
508 787 350 807 716 684
481 833 249 971 112 125
12 794 438 668 -33 815
407 958 458 297 472 -900
662 566 672 451 177 310
602 272 186 113 313 212
399 1000 364 319 -916 -704
915 455 62 409 419 425
475 664 679 661 800 330
435 283 217 595 31 397
288 233 -65 435 -108 678
141 67 -553 122 569 479
5 125 290 996 136 300
727 -253 7 864 520 671
219 187 936 95 563 467
548 450 -93 144 711 -232
612 163 -24 749 626 -830
149 309 725 44 250 -435
524 115 798 968 907 39
361 750 -312 538 496 597
64 58 294 575 729 289
858 423 -529 428 922 472
539 579 981 885 -926 -109
839 192 229 312 -841 916
190 971 267 684 362 752
662 -705 -572 167 774 -200
158 185 -372 86 370 13
382 -792 -895 596 886 112
240 996 -142 706 465 -471
543 -127 -447 448 32 633
169 297 -185 41 542 992
320 909 -601 585 327 217
789 345 665 200 747 965
498 713 -443 144 -714 817
993 633 691 317 542 111
155 277 698 817 103 801
963 75 -229 839 -234 -593
175 104 -943 341 658 478
17 199 357 960 152 637
833 78 -413 29 462 900
295 -671 569 71 14 361
101 669 -151 648 279 316
567 878 -827 851 -412 -238
43 551 -292 718 27 837
38 726 -18 468 -317 -79
345 -787 -786 451 478 268
649 -869 611 256 -507 400
996 877 534 746 866 -656
410 541 -1000 945 -634 -944
737 559 891 430 256 40
238 699 176 418 308 621
849 385 -723 988 953 17
31 -122 119 739 682 386
200 911 -550 820 -657 856
241 512 -699 709 306 585
990 748 727 392 343 397
387 384 959 499 855 806
284 39 345 195 736 -980
604 376 8 67 708 86
621 261 818 951 895 738
856 986 738 711 -96 920
403 10 316 602 61 -236
16 828 -466 283 486 348
106 926 542 480 788 526
183 -239 895 694 -716 -663
199 -942 78 166 197 465
397 323 628 661 727 603
823 329 410 559 -129 -866
877 482 554 265 307 529
41 733 499 93 502 634
733 -984 -456 539 -449 251
990 658 767 252 417 518
222 120 494 780 147 -551
353 469 -117 83 994 40
386 780 -635 876 407 71
790 697 262 580 343 502
379 556 451 109 -924 201
854 -327 -818 924 752 -244
412 -775 555 41 -965 48
44 198 525 425 -484 -211
25 141 921 206 131 569
771 408 -510 559 672 923
884 274 818 102 715 -44
215 723 747 661 653 623
555 166 460 50 673 -322
912 626 -44 235 179 719
672 815 795 33 23 453
988 609 -493 417 -808 -853
944 961 854 975 199 96
723 826 975 274 393 -435
463 32 458 596 128 605
394 362 -218 164 859 612
937 853 174 838 410 795
176 934 282 650 760 929
513 -29 814 800 -167 974
346 854 -482 81 54 386
265 466 -894 468 -758 -813
728 856 522 821 -220 364
774 149 -633 205 259 718
566 72 339 346 280 -593
268 -249 789 569 964 408
862 -285 84 725 -251 486
738 363 20 129 -122 -112
165 584 -260 742 628 -153
282 633 439 409 338 421
564 -502 712 133 -895 49
666 -975 662 535 375 235
333 679 -54 668 867 250
157 899 582 125 722 407
679 362 130 186 576 300
978 882 971 182 847 -293
630 -944 337 784 324 311
97 930 32 956 240 157
544 251 400 340 11 441
476 -709 -669 345 984 818
487 340 93 237 76 810
595 525 713 901 113 484
25 498 352 755 301 159
819 877 -526 889 848 -842
568 -177 552 680 835 -586
85 249 267 756 650 548
642 -635 329 311 -100 -643
117 263 111 164 -61 687
600 -925 -656 431 878 -55
599 345 -106 632 342 789
772 -438 418 998 590 668
285 603 -4 624 593 941
682 29 -144 541 349 53
89 6 577 606 123 658
11 232 -91 116 940 790
811 -98 -535 563 -132 493
790 864 481 576 433 56
957 -628 143 78 626 957
163 -659 62 940 83 6
663 -939 808 269 712 -157
749 582 244 349 808 832
256 59 714 563 73 384
316 950 209 493 -193 868
379 353 -474 265 -707 193
489 -724 757 990 597 106
820 508 338 5 173 509
914 885 248 990 634 51
557 717 159 921 10 70
591 757 441 680 -173 -208
318 -495 453 132 287 328
442 -411 363 760 884 998
840 -34 855 164 367 575
618 994 713 765 -729 306
79 47 277 741 3 866
958 -243 809 998 869 89
939 235 -240 252 219 -399
969 -561 45 972 432 527
891 -254 310 880 826 526
390 456 272 719 378 697
831 -562 594 549 -114 972
214 862 516 841 296 -112
730 427 616 791 48 646
126 -344 271 246 452 161
685 -453 361 778 514 769
319 242 37 367 685 133
481 756 90 924 965 -442
989 72 197 832 151 -428
353 240 -70 601 159 76
348 868 959 377 617 74
989 -567 -477 867 83 698
824 737 -399 682 732 -500
414 534 985 624 14 213
807 -621 -235 975 -156 126
170 615 407 905 540 235
89 4 203 45 134 -350
529 449 -204 445 -207 745
299 491 481 448 270 241
151 897 527 668 -254 881
332 539 -79 728 261 648
314 -283 745 287 531 399
847 158 789 810 238 -215
927 -365 141 943 733 614
897 696 872 665 -482 501
542 180 425 421 418 556
367 78 566 461 542 262
433 87 570 107 -323 322
852 69 251 6 840 696
274 393 93 927 -797 243
284 -592 886 806 287 -506
216 767 326 879 718 -577
327 15 52 648 468 911
577 773 221 885 81 868
767 -892 -289 414 830 701
431 696 148 574 38 66
203 -303 -906 165 363 -361
419 250 312 855 474 -241
910 -11 661 274 232 632
860 397 596 580 637 648
906 -959 -56 472 -78 -565
548 144 431 116 394 -144
772 -957 56 700 940 665
814 999 481 763 298 723
110 664 278 107 913 183
614 925 -520 389 703 285
372 582 -686 823 963 -383
601 275 188 289 501 -926
698 142 567 59 940 -846
197 223 -931 73 920 520
195 986 -412 308 516 -492
439 -575 12 449 750 82
838 535 821 131 473 -88
422 158 498 195 -524 376
573 830 380 561 666 912
100 -3 -114 917 445 407
219 -604 994 620 -47 210
188 31 541 509 951 104
931 787 465 384 319 570
777 320 819 763 515 -506
478 285 155 623 369 566
1 960 723 558 817 703
253 497 49 846 436 282
227 295 769 439 22 720
716 278 252 12 284 709
446 -296 553 252 489 198
669 442 928 333 760 390
411 442 688 97 297 503
758 316 377 21 -177 98
211 -814 -256 561 -996 620
607 -574 657 968 24 -983
419 822 352 383 994 -471
661 -422 -527 604 966 -482
584 484 658 131 -277 134
206 91 42 8 779 -661
