0
M
18.4
18.4
9.2
16.1
6.9
6.9
6.9
9.2
20.7
6.9
18.4
11.5
2.3
18.4
23.0
9.2
23.0
16.1
20.7
6.9
16.1
9.2
6.9
6.9
23.0
13.8
23.0
16.1
9.2
16.1
9.2
2.3
20.7
11.5
2.3
20.7
2.3
2.3
6.9
23.0
18.4
16.1
11.5
4.6
18.4
16.1
11.5
18.4
20.7
20.7
2.3
9.2
2.3
16.1
13.8
11.5
13.8
6.9
18.4
23.0
13.8
16.1
2.3
13.8
16.1
16.1
11.5
4.6
20.7
16.1
11.5
9.2
20.7
20.7
11.5
20.7
9.2
13.8
20.7
6.9
16.1
2.3
4.6
9.2
11.5
11.5
11.5
6.9
18.4
11.5
2.3
2.3
4.6
11.5
9.2
23.0
6.9
23.0
2.3
20.7
2.3
18.4
13.8
13.8
18.4
2.3
20.7
16.1
16.1
2.3
11.5
11.5
16.1
20.7
6.9
6.9
18.4
20.7
20.7
11.5
11.5
20.7
4.6
16.1
20.7
9.2
11.5
11.5
11.5
13.8
20.7
4.6
4.6
18.4
9.2
18.4
2.3
23.0
18.4
23.0
20.7
23.0
9.2
11.5
