1.1 2.1 3.1
1.1 2.1 3.4
1.1 2.4 3.1
1.1 2.4 3.4
1.4 2.1 3.1
1.4 2.1 3.4
1.4 2.4 3.1
1.4 2.4 3.4
1.1 2.1 5.1
1.1 2.1 5.4
1.1 2.4 5.1
1.1 2.4 5.4
1.4 2.1 5.1
1.4 2.1 5.4
1.4 2.4 5.1
1.4 2.4 5.4
1.1 2.1 7.1
1.1 2.1 7.4
1.1 2.4 7.1
1.1 2.4 7.4
1.4 2.1 7.1
1.4 2.1 7.4
1.4 2.4 7.1
1.4 2.4 7.4
1.1 4.1 3.1
1.1 4.1 3.4
1.1 4.4 3.1
1.1 4.4 3.4
1.4 4.1 3.1
1.4 4.1 3.4
1.4 4.4 3.1
1.4 4.4 3.4
1.1 4.1 5.1
1.1 4.1 5.4
1.1 4.4 5.1
1.1 4.4 5.4
1.4 4.1 5.1
1.4 4.1 5.4
1.4 4.4 5.1
1.4 4.4 5.4
1.1 4.1 7.1
1.1 4.1 7.4
1.1 4.4 7.1
1.1 4.4 7.4
1.4 4.1 7.1
1.4 4.1 7.4
1.4 4.4 7.1
1.4 4.4 7.4
1.1 6.1 3.1
1.1 6.1 3.4
1.1 6.4 3.1
1.1 6.4 3.4
1.4 6.1 3.1
1.4 6.1 3.4
1.4 6.4 3.1
1.4 6.4 3.4
1.1 6.1 5.1
1.1 6.1 5.4
1.1 6.4 5.1
1.1 6.4 5.4
1.4 6.1 5.1
1.4 6.1 5.4
1.4 6.4 5.1
1.4 6.4 5.4
1.1 6.1 7.1
1.1 6.1 7.4
1.1 6.4 7.1
1.1 6.4 7.4
1.4 6.1 7.1
1.4 6.1 7.4
1.4 6.4 7.1
1.4 6.4 7.4
3.1 2.1 3.1
3.1 2.1 3.4
3.1 2.4 3.1
3.1 2.4 3.4
3.4 2.1 3.1
3.4 2.1 3.4
3.4 2.4 3.1
3.4 2.4 3.4
3.1 2.1 5.1
3.1 2.1 5.4
3.1 2.4 5.1
3.1 2.4 5.4
3.4 2.1 5.1
3.4 2.1 5.4
3.4 2.4 5.1
3.4 2.4 5.4
3.1 2.1 7.1
3.1 2.1 7.4
3.1 2.4 7.1
3.1 2.4 7.4
3.4 2.1 7.1
3.4 2.1 7.4
3.4 2.4 7.1
3.4 2.4 7.4
3.1 4.1 3.1
3.1 4.1 3.4
3.1 4.4 3.1
3.1 4.4 3.4
3.4 4.1 3.1
3.4 4.1 3.4
3.4 4.4 3.1
3.4 4.4 3.4
3.1 4.1 5.1
3.1 4.1 5.4
3.1 4.4 5.1
3.1 4.4 5.4
3.4 4.1 5.1
3.4 4.1 5.4
3.4 4.4 5.1
3.4 4.4 5.4
3.1 4.1 7.1
3.1 4.1 7.4
3.1 4.4 7.1
3.1 4.4 7.4
3.4 4.1 7.1
3.4 4.1 7.4
3.4 4.4 7.1
3.4 4.4 7.4
3.1 6.1 3.1
3.1 6.1 3.4
3.1 6.4 3.1
3.1 6.4 3.4
3.4 6.1 3.1
3.4 6.1 3.4
3.4 6.4 3.1
3.4 6.4 3.4
3.1 6.1 5.1
3.1 6.1 5.4
3.1 6.4 5.1
3.1 6.4 5.4
3.4 6.1 5.1
3.4 6.1 5.4
3.4 6.4 5.1
3.4 6.4 5.4
3.1 6.1 7.1
3.1 6.1 7.4
3.1 6.4 7.1
3.1 6.4 7.4
3.4 6.1 7.1
3.4 6.1 7.4
3.4 6.4 7.1
3.4 6.4 7.4
5.1 2.1 3.1
5.1 2.1 3.4
5.1 2.4 3.1
5.1 2.4 3.4
5.4 2.1 3.1
5.4 2.1 3.4
5.4 2.4 3.1
5.4 2.4 3.4
5.1 2.1 5.1
5.1 2.1 5.4
5.1 2.4 5.1
5.1 2.4 5.4
5.4 2.1 5.1
5.4 2.1 5.4
5.4 2.4 5.1
5.4 2.4 5.4
5.1 2.1 7.1
5.1 2.1 7.4
5.1 2.4 7.1
5.1 2.4 7.4
5.4 2.1 7.1
5.4 2.1 7.4
5.4 2.4 7.1
5.4 2.4 7.4
5.1 4.1 3.1
5.1 4.1 3.4
5.1 4.4 3.1
5.1 4.4 3.4
5.4 4.1 3.1
5.4 4.1 3.4
5.4 4.4 3.1
5.4 4.4 3.4
5.1 4.1 5.1
5.1 4.1 5.4
5.1 4.4 5.1
5.1 4.4 5.4
5.4 4.1 5.1
5.4 4.1 5.4
5.4 4.4 5.1
5.4 4.4 5.4
5.1 4.1 7.1
5.1 4.1 7.4
5.1 4.4 7.1
5.1 4.4 7.4
5.4 4.1 7.1
5.4 4.1 7.4
5.4 4.4 7.1
5.4 4.4 7.4
5.1 6.1 3.1
5.1 6.1 3.4
5.1 6.4 3.1
5.1 6.4 3.4
5.4 6.1 3.1
5.4 6.1 3.4
5.4 6.4 3.1
5.4 6.4 3.4
5.1 6.1 5.1
5.1 6.1 5.4
5.1 6.4 5.1
5.1 6.4 5.4
5.4 6.1 5.1
5.4 6.1 5.4
5.4 6.4 5.1
5.4 6.4 5.4
5.1 6.1 7.1
5.1 6.1 7.4
5.1 6.4 7.1
5.1 6.4 7.4
5.4 6.1 7.1
5.4 6.1 7.4
5.4 6.4 7.1
5.4 6.4 7.4
