0 10
0 100
0 2
0 3
0 4
0 8
1 10
1 100
1 2
1 3
1 4
1 8
10 10
10 10
1021249121407855813 7900
1026877752516179185 5325
1033510918695333287 2715
1034598173906189150 719
1039458457980093425 3763
1045962703310698667 4916
1046757550859317066 3575
1049909932239188782 1857
1055747798122458953 7496
1063526000591397030 7331
1063870980271194352 2373
107000917955973404 4072
1082721872311892695 2835
1082918533670658249 5138
1093227962073270655 1146
1100344772272337692 4327
1116430173972293764 8528
1125114550478066827 2389
1150426887253260834 288
1152143270237403071 385
1152963723874282484 3650
1162294655064568888 9395
1180345759291716654 6785
1208829757743401627 3058
1228743841375809061 9135
1231413413000 2
1232439729416291988 3428
123413413413 2
1258432385602825816 3462
1260101229239160657 3564
1273941795524786768 8845
1282262976765951392 4092
1284698589413506319 4448
1285665297735054132 7566
1288806300737748531 1849
1289858919073423347 4592
1291782991811750154 8890
1302669342120778134 449
1310607141583880020 7689
1315782760073110722 8473
1329155265807021191 5536
1331613598567430244 5447
1331687959322407667 9999
1338545778168633739 3547
1342364799232149473 3345
1353192420401717149 6479
136036020363329093 5485
1362093929182086039 2381
138310909511701900 294
1395954529788793705 6240
1408325243753453376 5136
1416373147426562184 4807
1470564915153991327 9292
148291093518941641 4112
1488374134203000612 7843
1488480840644015590 2120
1497849257395465644 759
1497959445081408649 5340
1521443174374364801 3279
1521443174374364801 3279
1525457948147204558 5445
1530073673985612842 6247
1535111826802962343 1582
1542721972012972379 425
154647332382354882 7379
1560006192659979056 4987
1566176528763948394 3181
1570274599818928519 976
1580056402436647256 3917
1581164486719021617 2341
1581446037989105046 4483
1587113294282472819 6947
1618788917073870108 2454
1655774214416673879 5456
1658858076804959350 4724
1696064148139318516 2054
170715194130426727 2049
1707182094013377715 4069
1709451991404841806 1837
1710486576837934787 121
1711840945472888489 155
1714092463085653010 6589
1735199040750817109 4109
1738529705815996929 7941
175092885099802883 7669
1756253266750537646 8321
1760697925481306796 7224
1766429061633256497 241
177554891597724099 8818
1786917478653108068 3736
1800964886183634937 8206
1805437200413123251 9714
1811138324317764782 133
1814763358101129285 3759
1815517635492876429 1521
1823259256957539351 9368
1824826223246215423 8071
1830681829987551434 3520
1855750051588946078 2044
1888736147910766887 3072
1905052428141497278 4726
1907551508996000970 6068
1908205917727156144 7713
1912343599219924321 6799
1913389263623036362 6374
1914401187624893203 6562
1945341366236327534 4239
1954395718939082358 5767
1971802921732338374 9642
1978876008016023164 6938
1979636140906085059 532
1987081766127951819 1271
198896012113267606 8643
2 10
2 100
2 2
2004098991138767701 5791
2007909275151297347 5176
2008146528738154616 1357
2020255045911108405 2959
2022414658418355272 4614
2044257081318341380 3569
2049562017981236267 7761
2051770001685872286 8996
2052085144072082908 4096
205503445741099911 7946
2060878538985626416 2780
2074398885702977391 6153
2084143987449270029 8615
2085578828256188137 7388
208747701651639304 1741
2104257281664233554 183
211005858084849318 6343
2115185311654654228 3445
2117513764599593831 511
2125114725712576846 4234
2129032835411899096 7865
2132626027697535506 521
2134782327267783352 6703
2137310397385183272 5697
2150022274071355845 9306
2150521548145207074 3107
2164484968420862189 9409
2168151274166291950 4390
216968883686284553 1265
2173480062052864488 868
2179729372148816509 7592
218132620251321050 9231
2182133783065626766 4530
2192208341302980677 7025
2192894807951907914 813
2196470150568713089 4727
2201137141157097163 7491
2215622591614121991 1302
2216236539840646336 7573
2223792827856360313 1228
2224761283238448969 7578
2225766909000265705 2789
2239237285952651248 3072
2272403391463073768 1240
2279844198589916188 8788
2307049659214563200 9110
2314852966046530952 4073
2316067142326603431 3645
2325236522038299542 8623
233119254787804354 2480
2342158411499904680 1788
2348574830132525845 2560
2362691243381717697 5359
237494062946524032 7722
237521802362709272 926
238973005589918749 3129
2403194732930036120 7868
241638156345654172 1630
2423308214283368556 2928
2442085826235956499 832
2450481639733056485 5416
2450991710785027703 7549
2454879547395798700 2665
2497721568868324177 4187
2498395811881253351 8738
2499916575766176895 5092
2524586753447668315 474
2533241993387751212 2328
253912629127271815 1372
253912629127271815 1372
2540360810569683447 3692
2541606383042315336 6023
2569701042351715269 4949
2578103991238565893 7385
258513866799915514 526
2591554918113428526 8458
2596424989570041387 9881
2599891036797559743 464
2605165045532619724 2668
2617431750213191279 9067
2622471843827276592 800
2623299631179955086 3480
2627370276598744624 9832
2631621053944370716 3781
2647056395083589718 7315
2647555867086897097 9473
2648566045036762552 4556
2661243523279906925 3452
2662767427767629453 5143
2662791479923923424 7316
2665346254253201335 9909
2674799233726771248 825
2677482356703326681 7416
2699520654341231889 2611
2721588964123243348 6360
27482798047405724 20
2779994942291625110 564
2784849702227538474 9062
2789976120663680671 6940
2813209105855911728 573
2823209458769772438 5340
2827257554214355304 3463
2829208468243435656 7579
2837013609346987954 5469
2838118545847890921 1890
2848248161528749692 6196
2853181779945861497 4895
285853593833640768 3587
286017579295330111 6218
2864862908536351759 7136
28741944313979030 5595
287736241797096724 9388
2878749993458025307 2473
288977860381608502 4379
2891764618458706356 629
2900242034127181870 5723
2911275013529827976 632
2951400912583261255 8236
295208255382815265 5390
2953447559014549439 857
2960276445587436386 3768
2977315805753342586 9218
2977620810210676663 57
297778284451457262 4403
2978883593552241626 782
2989906496396199913 2735
2997128269096205020 6501
3 10
3 100
3 2
3014708798131315278 1219
3017859369147490471 5176
3047964745196181793 3534
3066233596491012628 4484
3073018200292555833 476
3078559533810220383 4034
3086831418649940634 2767
3091330910967210919 3568
3094515650074056962 6316
3110192729934990711 4701
3114270153508452933 4971
3117294900708480917 9607
3120136661864966417 5674
312593288787622465 7386
3126895231398836020 1695
3128217284720005243 5109
3139809198945622577 4495
3142158622493096805 9626
31431 7
3149407325773638743 1712
3167342919822527998 3021
3169696025371478913 311
3209052845090594498 7613
3210930922247377638 2926
3259504126650086016 7347
3280922961837079858 962
3281898124206193873 253
3282238530484889273 1196
329722066369998661 9315
3306641219623121758 5973
3325982039681545428 4650
3347161160529827798 7584
334731821340310972 3343
3357775258375212803 1049
3362974972411067779 9293
3362987396115117872 5993
3363523298041485802 2081
3391787127710672469 2010
3397108978216896733 8783
3397470829382488923 4786
3401678815177385089 8008
3406145706884672970 4083
3407129798307723221 9316
3411753063109045712 8264
3441852377452725574 842
3456207541398376122 3782
3466656614911660204 9477
3466736559899906162 1174
3467 10
3467 9350
3469314677952235050 455
3471270043806370771 7355
3483694145228953181 1620
3493736047517636383 4292
3496519581900531364 5025
3500142357457039679 5278
3501686542221490555 7857
3502622623872899542 3689
3506414529051057018 7804
3527277840775257771 2308
3532757790148015638 6827
3536889375659923900 4736
3541548269731547789 446
3553594886184320208 8600
3581536126240168662 4910
3596675017160383653 5415
3602786837643547397 5546
3603452314999691870 3943
3614197956915510956 957
3614633750053292665 1812
3616151653373802050 8031
3619554308412090172 6910
3622002419569547440 3277
3627662050079068239 1777
3633778761683853184 2007
3634364239162415174 8151
3634516824976358711 4317
36362849440275398 3373
3646048394994505825 7022
3649249755298454785 7870
3668447568148018228 376
3668632528467431844 5616
3669910060063556852 2084
3671594269267880995 772
3671764922200128120 9089
3676430228541155222 5919
3680410257369618171 8157
3682452186638937447 3110
3706937088075181992 9027
3707508233264428184 3551
3710931870345632118 6224
3734316288089593752 6982
3742965535503812795 1822
3747521847468063508 4040
3747903008726534778 1451
3750970721632105675 855
3764552077560533665 4827
3770546694699931419 9010
3770808295454174805 8773
3780534917018415066 7318
3783113139497584964 6987
379531311069222930 2349
3803700482299288883 5750
3820690121794196722 6858
3833350427406074947 4320
383903630210651422 4494
3844656445646691714 3354
3844787191703944860 6774
3851071393737443839 9805
3861650319219413371 5476
3867684134465081383 7367
3880755979109336663 2046
3881598206290786187 323
3888250734385413898 8133
3893887861934639913 6983
3895516188591079914 8285
3899142841065855192 8575
3927031341684007698 6155
3952339833038034877 4739
3964858252335226537 6814
3968165116068168746 6360
3968673071199333434 8589
3970838423691904341 8680
3971762490252858755 8353
3989599520300251927 6057
4 2
4014195264420774159 680
4022054524474976378 1509
4027298118275535484 3550
4040058652680797616 8795
404014726759125748 2533
4053217798975715406 6169
4063267349373818009 5413
4067652793945981176 3664
4068255281053286144 8477
4103908125659480071 3818
411144579227250122 6775
4117240161864425537 4578
4123 1413
4131025952946089433 6355
4131025952946089433 6355
4131431341551513513 37
4133487053392394151 6194
4139848045781414857 5202
4143355502636145949 5769
4151538567307326134 2953
4155924649621600905 7947
4169801923411137701 1304
4171762881656565529 5816
4203722968102144251 6822
4207388621251701128 6223
4211816337779407133 5611
4231506330051351837 5481
4237799039443986281 9057
4274299135142970948 3547
4276017113634524033 9863
4284324975961682552 9638
4286286753256745814 1150
429001923515160124 6975
4312386211868926234 6205
4343249641027814223 7201
4343447115571831413 2639
4343789371857592903 3867
4354325046180823294 2434
4378282643821121053 3057
4381143936086042403 6791
4395680746778157666 2339
4419933899278272867 6466
4421650448266990887 4897
4422810426028268232 851
4422928173860356499 5563
4423544179919600188 6897
4430550095758154744 9467
4441567129699130422 5264
4447416636403798471 6850
4461412264954315709 4860
4478737935295818675 6002
4494792880765160036 6064
4498802100956901870 2384
4504732573909913790 7595
4512152438506753947 4056
4532673533077080420 1656
4536744004177420056 4231
4552573998216863083 6033
4553235630058521671 4347
4554911959132865709 4563
4559637903091954485 6920
4577279563498795733 4480
4584115535907660211 8014
458488011289403189 938
4590618109158169278 7532
4590720678601996003 4393
4598047004566730994 3602
4599702773008475607 6050
4601098520217728655 7926
460367178307210443 21
4612474660056863950 6036
4637040662501590320 2809
4644403683781688240 590
4662256884781411307 7515
4666400350786053653 5514
4669737967833143244 7157
4692799845006381719 4825
4693207149784089448 6001
4697030093467700589 9766
4701371928326692787 3155
4703776967847103020 1292
4703844177314277722 9628
4715602284250272713 9855
4716045125434737403 1095
4725317053114790995 4751
4726634646878920115 9339
47271748436426049 23
4729583618948792734 8579
4734570951203669491 3270
4736497675984337960 6667
4748014103622969516 5885
4760016891556432856 9608
4766188016340262451 1711
4775886848185371589 6589
4785596735256923084 3321
4790874696012255713 9590
4796039218702560243 6688
4796107534963271138 1929
4810620531106048945 9399
4818970660901564908 1371
4824620458711181456 4632
4826866702545588440 45
4827369475248617860 1189
4833442263036046657 8412
4847111869248884857 7228
4849695535635034668 7823
4855260234048849596 5414
4869970991787593108 6150
4872902224210955492 2232
4903543639463082079 449
4908429509012389802 6458
4918275060423199758 6227
4933273469775090692 7161
4936743737159092254 4090
4942454028533121694 4763
4966239987304487100 7128
496833927597225480 2483
4973535198956350719 3395
4976200122676785873 24
4989699235425988238 8233
4994781170249868862 2461
5005266832206738129 3937
5006671221702473464 2605
5023751957982521788 291
5031579377289465884 2878
5032717354305002783 1191
5037277971427024475 7196
5055545627534318740 1879
5062407713195360865 9271
5066916789425325653 4988
5067313631352064648 2479
5075582872028586633 7149
5104057097287456561 1780
5110414687249224331 563
51237491040230022 1624
5144589349203399466 3348
5153655790643361023 9052
5157723004180436692 5163
5171692592835804327 4933
5184375005797336102 8775
5190918898178511587 3080
5206796348497945820 7398
5220097207373663339 7072
5233748735162798186 7770
5234200363954188744 2777
52373909747435370 7527
5244491248310312599 2737
5252595260097520783 9587
5257021732449334471 3732
5272283675772217884 8189
5272715881621233613 1332
5285871587964341680 4979
5286222495854982474 8179
5317202211067090458 4223
5329951177707042924 5579
5330265655423819452 3065
5335121236778128838 4842
5342374755801862688 8686
5346833421161766679 7469
5350093014365621327 2968
535170836025359318 374
5354646329654241331 5982
5357333195932829713 5917
5363673128298865665 2504
5367891469521317712 514
5368247579682898467 6609
5375653930703038942 3137
5375698209798861391 3017
5379579171507601343 8957
5382599280912408510 9371
5392028760117872644 9754
5394742867329046430 6279
5395078154159934242 6333
5411735528602953605 6980
5411879441415674545 5990
541991411875173445 1885
5426106960720535062 2886
5442761092766172633 3658
5444014307345239926 1143
5445139579213700491 3974
5461663842384890881 4147
5463360145662036448 2155
5469368106720052067 3701
5492927913401917381 5906
5502188650288563682 7288
5520452158741691755 9794
5523118835726617222 5008
5542434007532084915 9900
5556081999370584106 8025
555871742539948928 806
5559153840997764426 4531
5567632710136394631 2645
5568166096602402476 8252
5568833966659779767 7757
5570366678071275964 9552
557402619387261644 1320
5576190725782843492 3459
5579017150919886894 6776
560815884667783359 6562
5655416426441514619 9969
5660907475381746937 3288
5660989264715621245 4580
566500177473787893 7056
5669293779479615734 4801
568008856049546065 5481
5688126709948755964 9697
5702356356190713848 1733
5717730969501353692 9800
5723460462735115940 9045
5725037043249863000 6579
5725499461650284309 4148
5736677462341519735 3209
5745796354735007463 6108
5754835875665140584 1742
5761943474791114803 7542
5772327899617390624 2254
5791650125916002059 9819
5795530109582249448 7193
5795794652400051203 7139
5806391374166713987 1408
5844999067652673953 2703
5883522776337463443 6105
5894752186897771728 3391
5903520012449060640 555
5905971978978329744 2103
5907904889638782907 3882
5912367704986001569 7432
5913233922221205234 9281
5929428957888828510 7126
5948570297309390117 4258
5960597926379161766 9415
596070125550289949 3928
5967235514541986118 4033
5972227814845199387 5278
5975277433271511918 941
5975717115395840110 7716
5975874490156834326 6336
5978369100631221626 5740
5990417230629142988 5303
5995443751154635367 413
6027523338493322520 7932
6037113240745857049 800
6045981575068619833 5115
6069346496234826840 6804
6070276651448237020 1500
6081733273574305790 7097
6082969266423430128 3690
6088015964024525309 1892
6095211145341064560 3790
610758063964622544 3272
613218008557658790 357
6135411295402972506 9194
6139598755791157802 6520
6145966427968692671 545
6149560201275812608 9233
6160087069854525629 3026
6172805055466354751 2609
617592720567129956 2260
6181382599183553890 2917
6189101112418638506 1401
6190089008645017422 1632
6203326054946540455 3246
6215105040327838673 9358
6216454713422247564 6082
6223114968063280885 2214
6232143133703486478 6336
623431391156477321 2702
6249267809520977581 1185
6251063829142346172 9641
6251810856298637232 3711
626032478277928714 2573
626482197249155547 6440
6277811268100080582 3938
6287951017503996814 6447
6291889912711480186 9397
6302316375607756712 2096
630596627660002215 560
6307942120241854272 244
6318925606970890336 5165
6325265725002625358 5678
6332520577046170279 7827
6333585623746010816 1773
6346694120088064994 6477
6355551365400137872 1503
6361035445718423643 9170
6361157994781439998 4627
6376453273747045317 7514
6392758807417892920 1730
6404500782915829170 8624
6408120948156426923 8244
6420538271468615321 1731
6424376988196665563 4730
6425152912738123233 1490
644605419792855043 1209
6454270737112508982 2376
6461599907242658731 6811
646222957031187025 8561
6464751361163081510 5155
6473015608729170737 2348
6477814926479127578 8375
6486765516088423868 9630
6493917196026047912 9948
6504505576122328825 4928
6510395936445626913 1240
6510762735115032997 8985
6512759559125320310 697
6519494169174906160 1623
652005208230477591 934
6528308278220562071 2747
6546808564480875894 7152
6565808510495273698 5194
6580313840800021625 9003
6586742939014939185 5715
6607517027219544446 1007
6628499433549396875 162
6678807388953956872 4947
6681567690924511941 1215
669228715653583408 1023
6692493519141914228 5069
6692844336554524977 5989
6699681634211641007 4004
6700793032344525921 6283
6711292901329830231 4595
671176608325402686 8998
672230503757591424 2800
6729593312951065702 1972
6729781174245126386 8793
6740948848415063142 5037
67422511338436248 4879
6743157705555390255 7137
6747634082557636649 417
674961746278433161 244
676042847911473944 5299
6767129975066060707 658
6783383215869219985 8621
678963155096465349 8351
6790403751900184402 695
6801611064800121305 8008
6829839528761776765 6
6840054438256599094 4025
6844311084934180168 1212
6847156038674920910 2121
6852808297318603897 3822
6853434970969280607 4061
685596231440889948 429
6859568159563252497 812
6862468798974146942 6850
6866478953935996531 5190
6868570566976782986 7622
6872787647164199459 6189
6874675731798563976 1618
6888306998812870980 6251
6891288131834355777 6298
6903371547108247712 6533
6916864279443520631 2487
6922313057986264116 2143
6923256832858297077 9113
6949483913638849592 5576
6954099552753487602 2250
6954951759105003756 7292
69610808788130296 3044
6981194674711726988 7537
6984177061562785514 6442
6985807370044170850 5960
6996523192817544 8236
6996535884197053309 5795
6997212026023811045 3565
7009176728981584662 266
7027150452249712255 8447
7027214314116682352 4080
7029365619654536459 7348
7034328078872983019 1506
7038767091580926051 1266
7056377864083442369 6448
7064249419307373489 2732
7065356202589551518 8556
7066212639242136365 8455
706687503821131668 8383
7076212302026559504 3293
7077314716093535501 8094
7081721399931716660 6963
7097098617161116499 7867
7102887017855859963 2685
7111980016536542999 1802
7121166983827162253 6895
7127390155372002503 780
7137370461253839262 4394
7138615740389756217 8652
7138945955124555756 2719
714433785878094131 642
7151515819053545996 8020
7159419757727966696 9776
7160021652584838897 7468
7162007809450439421 8506
7164586534566784677 3901
7173547049380792526 7744
7175604679314332844 7214
7191341321280196037 1670
7194803909572405898 4744
7195023671666948455 2909
7198714594873866851 4752
7219069541872297096 408
7231994113529669002 6572
7243625786313764437 7608
7246265429348195518 2155
7257589531224191583 1950
7267850363213429882 9630
7298451956251870611 6999
7302897111756904983 9504
7306654527378345205 8285
7311833055384322474 998
7327345713555593809 3008
7351538655920081259 4492
7361455261304958756 4657
737964820938587653 6636
7380099900462163626 5193
73970133564828858 1828
7402328491131267557 7209
7435609947170464232 9808
7436038826130832903 4093
7442049043099161572 1196
7459836542445505674 1576
747464642626101158 4
7480554828846881306 453
7486211180998601463 3094
749667357148984801 1109
7514244342261713959 182
7515082581098350252 1202
7515829101108452407 6687
7520983792770216319 6306
7538390934968866318 8320
7542120215408782077 4198
7542864361269228898 1511
7548285487250538708 7437
7554627002064840944 1214
7556228725075818730 4405
7568899536426898880 4341
7577945901345455011 1854
7606641779980418001 7978
7624934110798828613 1899
7629371868879024821 4359
7637213019249087465 7396
7637928725458275661 7101
7640770739844755867 309
7646164200454946554 2796
7654223112485296417 6449
767411039701823353 8149
7677304617660786954 943
7679048541851925645 8947
7685739469340573 7045
7686667338446409683 824
7692789450942565697 350
7693566739769856058 7440
7699630174703867630 3441
7701855233203088077 3884
7704807188250495086 1544
7710350553926167041 8706
7716475195591966898 6133
772425389035141799 5597
7726163372777956648 8012
7727878213445348329 6025
7731266937719337125 6841
7738981695131985019 9772
7757006574147785651 5307
7757623214473713542 6719
7759654121793818669 7706
7772964183230228780 7173
7779693581359933181 487
7783313247062895642 3786
7795731095424610250 6575
780366095395796710 58
7803929103544620644 5780
7804282296715324823 6
7809256406763697636 1650
7811214301975106490 5201
7812674937485742928 3849
7813397269876631753 3446
7814313767633818183 9801
781431886857968434 8455
782774421711125830 5008
7837857667914103453 98
7851507899698335820 7922
7886783666539692210 4815
7891800440262862840 6949
7904724790631237948 1337
7907994196089343182 2701
7924316318179536739 6776
7927460478159125469 5857
7929724580517842488 6383
793749800593208768 2527
7970288201193934034 2570
7978327059778286417 3669
7982961290764644057 9403
7992451777017594377 9483
7992837043637476399 7223
7995305155218546588 3817
8039430269510620641 9522
80447333480529073 7843
805478800185755007 8886
8067718647372644875 6569
8075420367273829180 4283
8110040418852983192 2454
8117225279573427492 8559
8124451613125715166 1879
8125356539018717775 8856
8125957373750144363 7687
8136968983898958781 6746
8143126532609505579 8692
8146956985201781816 5139
8153291507902577536 3770
8160163570973330558 5814
8163897601320984901 5160
8165240868506541990 2706
8179932064065574336 6516
8180057859792918639 733
8180599069679337826 5060
8183931433677935463 900
8185051061203854958 1771
8186907793193506948 5681
8201827175870476945 7203
8208112804305402809 2011
8209512399133107188 2867
8233116362214106122 1845
8240742863338315158 7386
8255408356171738558 6322
8267191259720090419 261
8297825340694669810 3814
831978820109396673 1797
8331405919243896014 3686
8349958182557940965 3483
83523687724114458 706
8355810307426415905 8339
8364871634682477469 2828
837040725133219341 8246
8372973738642275121 8707
8377380466527466778 7053
8379287227976580796 1027
8383784378399646829 3031
8387304365633213973 2295
8396420293860169283 4385
8400596572245738969 6705
8409632016790426125 9790
8410916674762502232 9526
8416626130398072392 2963
8425607488786484183 9750
8436076398256822472 9912
8446361288328391687 1663
8454587449686364022 4121
8470661442949317874 1973
8478718544933066730 2699
848771648536166078 715
8494208651281487028 3202
8501978403429499836 4968
851992315767565753 8576
8523531425753552640 9780
8539531758538928917 1176
8565468413382862147 6079
857070676905794015 9678
8586068301599866634 1661
8620054289275314928 7858
8621108924227246077 8530
8626040419158014101 1327
8636240689336836195 7060
8641766836471707195 6998
8643161903432908483 9812
8657941751889094183 253
8663456772033642990 8919
8668270966636777701 5438
8675411150290089212 8213
8680865080959778035 9691
8690381951003932581 7015
8695306746191517483 9192
870300413229061994 4821
8710797334382142179 11
8720787329439928229 5995
8722105209853434889 6892
8730143064524815532 9390
8734382364062468496 8003
8739367007731601366 9031
873949822670349445 4458
8748369689905923937 7737
8749877413903453683 7440
875733230649684082 7217
8758344721505909869 8443
8763584089672192722 3555
8786373298957601853 1580
8798853134134856543 1030
8808932945060104956 4861
8820155140407014376 9683
8821888262984491153 2329
8824987184122858247 5924
8825048536321402629 546
8826547307799412229 1805
8843558454020117363 5238
8877802973622716301 3978
8911145697759652462 3769
8927527942722661391 9443
8927649821272822606 5561
8937374970380603863 9143
8948551161987796336 4939
8952720492258307651 912
8956444603450403284 1841
8956634153162959677 6648
8958419469053313789 5252
8968831462202022220 2404
8993047162980465970 9220
8994912475452807933 7661
8996469413205805299 9080
8998769758233358867 2108
9012668067252726916 6975
901503788558792904 6029
90231009391185754 9471
9032344858598614264 5154
9054387450353924135 3657
9058282636625397531 9849
907796269053838208 3560
9107649976488652535 5261
9110056585393553370 3074
9110638736906994679 6620
9110688375193603046 2032
9118545882376626829 6863
9123420805989801403 374
912388042777897709 2451
912486357146205975 2080
9129442951173558124 5729
9132063499720157684 2687
9134453353211920397 5616
9149298913305323800 1715
916207966685812218 2049
9178906599872707160 2097
9193879340865944985 5499
9205540233206471523 1989
9209464530811685747 1514
9212471766625243101 5862
9214250817150353707 1730
924976575675855550 5912
938431188638893321 2055
957217911574180862 8807
971891745757165811 9619
975488584061120181 1619
976513928825238703 1802
978363497471974200 3506
978387038061627621 5975
98305966838441200 5106
997697233849507455 6969
0 0
