2
2
3
7
25
121
721
5041
40321
362881
3628801
39916801
479001601
6227020801
87178291201
1307674368001
20922789888001
355687428096001
6402373705728001
121645100408832001
2432902008176640001
2
2
3
7
25
121
721
5041
40321
362881
3628801
39916801
479001601
6227020801
87178291201
1307674368001
20922789888001
355687428096001
6402373705728001
121645100408832001
2432902008176640001
3
3
4
8
26
122
722
5042
40322
362882
3628802
39916802
479001602
6227020802
87178291202
1307674368002
20922789888002
355687428096002
6402373705728002
121645100408832002
2432902008176640002
7
7
8
12
30
126
726
5046
40326
362886
3628806
39916806
479001606
6227020806
87178291206
1307674368006
20922789888006
355687428096006
6402373705728006
121645100408832006
2432902008176640006
25
25
26
30
48
144
744
5064
40344
362904
3628824
39916824
479001624
6227020824
87178291224
1307674368024
20922789888024
355687428096024
6402373705728024
121645100408832024
2432902008176640024
121
121
122
126
144
240
840
5160
40440
363000
3628920
39916920
479001720
6227020920
87178291320
1307674368120
20922789888120
355687428096120
6402373705728120
121645100408832120
2432902008176640120
721
721
722
726
744
840
1440
5760
41040
363600
3629520
39917520
479002320
6227021520
87178291920
1307674368720
20922789888720
355687428096720
6402373705728720
121645100408832720
2432902008176640720
5041
5041
5042
5046
5064
5160
5760
10080
45360
367920
3633840
39921840
479006640
6227025840
87178296240
1307674373040
20922789893040
355687428101040
6402373705733040
121645100408837040
2432902008176645040
40321
40321
40322
40326
40344
40440
41040
45360
80640
403200
3669120
39957120
479041920
6227061120
87178331520
1307674408320
20922789928320
355687428136320
6402373705768320
121645100408872320
2432902008176680320
362881
362881
362882
362886
362904
363000
363600
367920
403200
725760
3991680
40279680
479364480
6227383680
87178654080
1307674730880
20922790250880
355687428458880
6402373706090880
121645100409194880
2432902008177002880
3628801
3628801
3628802
3628806
3628824
3628920
3629520
3633840
3669120
3991680
7257600
43545600
482630400
6230649600
87181920000
1307677996800
20922793516800
355687431724800
6402373709356800
121645100412460800
2432902008180268800
39916801
39916801
39916802
39916806
39916824
39916920
39917520
39921840
39957120
40279680
43545600
79833600
518918400
6266937600
87218208000
1307714284800
20922829804800
355687468012800
6402373745644800
121645100448748800
2432902008216556800
479001601
479001601
479001602
479001606
479001624
479001720
479002320
479006640
479041920
479364480
482630400
518918400
958003200
6706022400
87657292800
1308153369600
20923268889600
355687907097600
6402374184729600
121645100887833600
2432902008655641600
6227020801
6227020801
6227020802
6227020806
6227020824
6227020920
6227021520
6227025840
6227061120
6227383680
6230649600
6266937600
6706022400
12454041600
93405312000
1313901388800
20929016908800
355693655116800
6402379932748800
121645106635852800
2432902014403660800
87178291201
87178291201
87178291202
87178291206
87178291224
87178291320
87178291920
87178296240
87178331520
87178654080
87181920000
87218208000
87657292800
93405312000
174356582400
1394852659200
21009968179200
355774606387200
6402460884019200
121645187587123200
2432902095354931200
1307674368001
1307674368001
1307674368002
1307674368006
1307674368024
1307674368120
1307674368720
1307674373040
1307674408320
1307674730880
1307677996800
1307714284800
1308153369600
1313901388800
1394852659200
2615348736000
22230464256000
356995102464000
6403681380096000
121646408083200000
2432903315851008000
20922789888001
20922789888001
20922789888002
20922789888006
20922789888024
20922789888120
20922789888720
20922789893040
20922789928320
20922790250880
20922793516800
20922829804800
20923268889600
20929016908800
21009968179200
22230464256000
41845579776000
376610217984000
6423296495616000
121666023198720000
2432922930966528000
355687428096001
355687428096001
355687428096002
355687428096006
355687428096024
355687428096120
355687428096720
355687428101040
355687428136320
355687428458880
355687431724800
355687468012800
355687907097600
355693655116800
355774606387200
356995102464000
376610217984000
711374856192000
6758061133824000
122000787836928000
2433257695604736000
6402373705728001
6402373705728001
6402373705728002
6402373705728006
6402373705728024
6402373705728120
6402373705728720
6402373705733040
6402373705768320
6402373706090880
6402373709356800
6402373745644800
6402374184729600
6402379932748800
6402460884019200
6403681380096000
6423296495616000
6758061133824000
12804747411456000
128047474114560000
2439304381882368000
121645100408832001
121645100408832001
121645100408832002
121645100408832006
121645100408832024
121645100408832120
121645100408832720
121645100408837040
121645100408872320
121645100409194880
121645100412460800
121645100448748800
121645100887833600
121645106635852800
121645187587123200
121646408083200000
121666023198720000
122000787836928000
128047474114560000
243290200817664000
2554547108585472000
2432902008176640001
2432902008176640001
2432902008176640002
2432902008176640006
2432902008176640024
2432902008176640120
2432902008176640720
2432902008176645040
2432902008176680320
2432902008177002880
2432902008180268800
2432902008216556800
2432902008655641600
2432902014403660800
2432902095354931200
2432903315851008000
2432922930966528000
2433257695604736000
2439304381882368000
2554547108585472000
4865804016353280000
