8 nao existe
7 4 10
4 7 10
4 10 7
7 4 3 2 1 10
1 2 3 4 7 10
1 2 3 4 10 7
4 3 2 1 10
1 2 3 4 10
1 2 3 10 4
4 3 1 10
1 3 4 10
1 3 10 4
4 3 1 10
1 3 4 10
1 3 10 4
4 3 1 10 11
1 3 4 10 11
1 3 11 10 4
4 3 1 10 8 15
1 3 4 8 10 15
1 3 8 15 10 4
3 1 10 8 15
1 3 8 10 15
1 8 15 10 3
3 1 8 15
1 3 8 15
1 15 8 3
1 8 15
1 8 15
15 8 1
8 15
8 15
15 8
15
15
15
20
20
20
20 existe
1 2 3 4 5 6 7 8 10 15 16 17 20 20 25 30 35 37 38 39 40 41
20 20 8 5 3 2 1 4 7 6 15 16 17 30 25 35 40 39 38 37 41
1 2 4 3 6 5 17 16 15 7 20 25 37 38 39 41 40 35 30 20
1 2 3 4 5 6 7 15 16 17 20 20 25 35 37 38 39 40 41
20 7 5 3 2 1 4 6 15 16 17 25 35 40 39 38 37 41
1 2 4 3 6 5 20 17 16 15 7 37 38 41 39 35 25 20
1 2 3 4 4 5 5 6 7 7 11 15 15 16 17 17 20 20 23 24 25 25 28 35 35 37 38 39 40 41 42
