1
12687
31862
37425
41257
43302
61428
72765
85357
104788
113920
116075
124579
125192
132741
143631
146372
150834
157536
158886
166912
176893
179888
185438
204031
219130
221101
231520
241357
246880
254400
262408
266548
273088
282036
293389
310288
318925
329676
348048
357455
367996
369915
383615
402199
406849
414820
417692
433964
438128
439229
458037
461538
472162
488021
492174
492567
494031
506009
512594
531361
541050
557271
576539
586702
589637
596619
614503
629264
639023
643212
654562
666253
673717
676102
679077
691281
700419
703706
720521
724326
731193
743153
750773
767443
780155
780886
788201
793007
805251
805874
807433
813409
813614
819390
827051
835470
839255
840037
854503
863606
866583
877831
892292
892622
896705
905010
906900
907689
913385
919699
920014
928268
940279
943719
951100
967824
986887
988472
990374
