67 1
66 2
65 3

49 1
50 2
51 3

70 1
69 1
68 1
67 1
66 2
65 3

69 3
68 3
67 4
66 4
65 6

91 1
88 1
87 1
86 1
83 1
81 1
79 1
78 1
77 1
76 1
73 1
69 1
68 1
63 1
62 1
59 1
57 1
55 1
50 1
48 1
42 1
41 1
39 1
37 1
36 1
32 1
96 2
89 2
85 2
84 2
74 2
61 2
45 2
44 2
34 2
60 3
46 4

95 1
91 1
90 1
89 1
88 1
85 1
84 1
82 1
81 1
80 1
71 1
69 1
63 1
61 1
52 1
51 1
49 1
42 1
38 1
37 1
35 1
33 1
96 2
87 2
83 2
66 2
56 2
53 2
50 2
46 2
44 2
36 2
86 3
73 3
58 3

95 1
92 1
87 1
79 1
77 1
76 1
74 1
73 1
63 1
61 1
60 1
58 1
56 1
54 1
52 1
51 1
50 1
49 1
44 1
41 1
90 2
89 2
86 2
83 2
71 2
67 2
64 2
43 2
39 2
36 2
35 2
84 3
55 3
48 3

96 1
95 1
93 1
92 1
91 1
90 1
87 1
84 1
81 1
79 1
78 1
76 1
71 1
70 1
69 1
65 1
64 1
61 1
53 1
46 1
45 1
43 1
34 1
94 2
85 2
82 2
73 2
72 2
68 2
60 2
54 2
52 2
51 2
48 2
66 3
37 3

95 1
90 1
87 1
85 1
82 1
79 1
78 1
76 1
72 1
71 1
70 1
64 1
62 1
61 1
58 1
56 1
54 1
51 1
50 1
49 1
47 1
45 1
43 1
34 1
86 2
77 2
69 2
68 2
57 2
46 2
39 2
38 2
37 2
33 2
80 3
59 3

93 1
89 1
86 1
81 1
80 1
78 1
77 1
74 1
72 1
69 1
66 1
62 1
61 1
56 1
55 1
54 1
50 1
46 1
45 1
43 1
39 1
34 1
33 1
94 2
90 2
75 2
67 2
60 2
49 2
48 2
37 2
85 3
79 3
40 3
32 3
