300
4 20
1 5 10 15 
5 934
1 5 10 15 20 
2 153
1 5 
19 474
1 5 10 15 20 25 30 35 40 45 50 55 60 65 70 75 80 85 90 
10 552
1 5 10 15 20 25 30 35 40 45 
10 600
1 5 10 15 20 25 30 35 40 45 
10 319
1 5 10 15 20 25 30 35 40 45 
2 357
1 5 
6 680
1 5 10 15 20 25 
12 762
1 5 10 15 20 25 30 35 40 45 50 55 
16 336
1 5 10 15 20 25 30 35 40 45 50 55 60 65 70 75 
9 814
1 5 10 15 20 25 30 35 40 
20 768
1 5 10 15 20 25 30 35 40 45 50 55 60 65 70 75 80 85 90 95 
22 323
1 5 10 15 20 25 30 35 40 45 50 55 60 65 70 75 80 85 90 95 100 105 
12 224
1 5 10 15 20 25 30 35 40 45 50 55 
10 141
1 5 10 15 20 25 30 35 40 45 
6 713
1 5 10 15 20 25 
20 415
1 5 10 15 20 25 30 35 40 45 50 55 60 65 70 75 80 85 90 95 
19 234
1 5 10 15 20 25 30 35 40 45 50 55 60 65 70 75 80 85 90 
11 203
1 5 10 15 20 25 30 35 40 45 50 
9 540
1 5 10 15 20 25 30 35 40 
24 796
1 5 10 15 20 25 30 35 40 45 50 55 60 65 70 75 80 85 90 95 100 105 110 115 
8 565
1 5 10 15 20 25 30 35 
5 491
1 5 10 15 20 
8 954
1 5 10 15 20 25 30 35 
16 362
1 5 10 15 20 25 30 35 40 45 50 55 60 65 70 75 
17 641
1 5 10 15 20 25 30 35 40 45 50 55 60 65 70 75 80 
16 943
1 5 10 15 20 25 30 35 40 45 50 55 60 65 70 75 
23 777
1 5 10 15 20 25 30 35 40 45 50 55 60 65 70 75 80 85 90 95 100 105 110 
19 395
1 5 10 15 20 25 30 35 40 45 50 55 60 65 70 75 80 85 90 
10 446
1 5 10 15 20 25 30 35 40 45 
23 519
1 5 10 15 20 25 30 35 40 45 50 55 60 65 70 75 80 85 90 95 100 105 110 
3 930
1 5 10 
21 972
1 5 10 15 20 25 30 35 40 45 50 55 60 65 70 75 80 85 90 95 100 
23 300
1 5 10 15 20 25 30 35 40 45 50 55 60 65 70 75 80 85 90 95 100 105 110 
24 344
1 5 10 15 20 25 30 35 40 45 50 55 60 65 70 75 80 85 90 95 100 105 110 115 
17 946
1 5 10 15 20 25 30 35 40 45 50 55 60 65 70 75 80 
19 580
1 5 10 15 20 25 30 35 40 45 50 55 60 65 70 75 80 85 90 
22 101
1 5 10 15 20 25 30 35 40 45 50 55 60 65 70 75 80 85 90 95 100 105 
5 835
1 5 10 15 20 
11 508
1 5 10 15 20 25 30 35 40 45 50 
7 253
1 5 10 15 20 25 30 
19 267
1 5 10 15 20 25 30 35 40 45 50 55 60 65 70 75 80 85 90 
3 370
1 5 10 
19 676
1 5 10 15 20 25 30 35 40 45 50 55 60 65 70 75 80 85 90 
16 597
1 5 10 15 20 25 30 35 40 45 50 55 60 65 70 75 
22 557
1 5 10 15 20 25 30 35 40 45 50 55 60 65 70 75 80 85 90 95 100 105 
18 850
1 5 10 15 20 25 30 35 40 45 50 55 60 65 70 75 80 85 
11 137
1 5 10 15 20 25 30 35 40 45 50 
11 412
1 5 10 15 20 25 30 35 40 45 50 
5 589
1 5 10 15 20 
10 126
1 5 10 15 20 25 30 35 40 45 
23 265
1 5 10 15 20 25 30 35 40 45 50 55 60 65 70 75 80 85 90 95 100 105 110 
10 270
1 5 10 15 20 25 30 35 40 45 
8 725
1 5 10 15 20 25 30 35 
2 493
1 5 
3 358
1 5 10 
4 558
1 5 10 15 
13 447
1 5 10 15 20 25 30 35 40 45 50 55 60 
9 287
1 5 10 15 20 25 30 35 40 
12 677
1 5 10 15 20 25 30 35 40 45 50 55 
19 925
1 5 10 15 20 25 30 35 40 45 50 55 60 65 70 75 80 85 90 
2 168
1 5 
25 80
1 5 10 15 20 25 30 35 40 45 50 55 60 65 70 75 80 85 90 95 100 105 110 115 120 
19 552
1 5 10 15 20 25 30 35 40 45 50 55 60 65 70 75 80 85 90 
19 685
1 5 10 15 20 25 30 35 40 45 50 55 60 65 70 75 80 85 90 
23 60
1 5 10 15 20 25 30 35 40 45 50 55 60 65 70 75 80 85 90 95 100 105 110 
23 365
1 5 10 15 20 25 30 35 40 45 50 55 60 65 70 75 80 85 90 95 100 105 110 
10 455
1 5 10 15 20 25 30 35 40 45 
6 50
1 5 10 15 20 25 
19 821
1 5 10 15 20 25 30 35 40 45 50 55 60 65 70 75 80 85 90 
9 528
1 5 10 15 20 25 30 35 40 
24 382
1 5 10 15 20 25 30 35 40 45 50 55 60 65 70 75 80 85 90 95 100 105 110 115 
23 682
1 5 10 15 20 25 30 35 40 45 50 55 60 65 70 75 80 85 90 95 100 105 110 
20 887
1 5 10 15 20 25 30 35 40 45 50 55 60 65 70 75 80 85 90 95 
23 17
1 5 10 15 20 25 30 35 40 45 50 55 60 65 70 75 80 85 90 95 100 105 110 
19 947
1 5 10 15 20 25 30 35 40 45 50 55 60 65 70 75 80 85 90 
5 941
1 5 10 15 20 
20 45
1 5 10 15 20 25 30 35 40 45 50 55 60 65 70 75 80 85 90 95 
12 682
1 5 10 15 20 25 30 35 40 45 50 55 
15 793
1 5 10 15 20 25 30 35 40 45 50 55 60 65 70 
2 741
1 5 
21 667
1 5 10 15 20 25 30 35 40 45 50 55 60 65 70 75 80 85 90 95 100 
20 349
1 5 10 15 20 25 30 35 40 45 50 55 60 65 70 75 80 85 90 95 
3 366
1 5 10 
23 451
1 5 10 15 20 25 30 35 40 45 50 55 60 65 70 75 80 85 90 95 100 105 110 
10 573
1 5 10 15 20 25 30 35 40 45 
14 510
1 5 10 15 20 25 30 35 40 45 50 55 60 65 
13 264
1 5 10 15 20 25 30 35 40 45 50 55 60 
15 554
1 5 10 15 20 25 30 35 40 45 50 55 60 65 70 
14 546
1 5 10 15 20 25 30 35 40 45 50 55 60 65 
4 245
1 5 10 15 
14 746
1 5 10 15 20 25 30 35 40 45 50 55 60 65 
12 169
1 5 10 15 20 25 30 35 40 45 50 55 
5 98
1 5 10 15 20 
18 194
1 5 10 15 20 25 30 35 40 45 50 55 60 65 70 75 80 85 
9 513
1 5 10 15 20 25 30 35 40 
2 161
1 5 
18 683
1 5 10 15 20 25 30 35 40 45 50 55 60 65 70 75 80 85 
14 108
1 5 10 15 20 25 30 35 40 45 50 55 60 65 
2 152
1 5 
3 415
1 5 10 
5 797
1 5 10 15 20 
9 150
1 5 10 15 20 25 30 35 40 
21 770
1 5 10 15 20 25 30 35 40 45 50 55 60 65 70 75 80 85 90 95 100 
16 888
1 5 10 15 20 25 30 35 40 45 50 55 60 65 70 75 
7 428
1 5 10 15 20 25 30 
4 556
1 5 10 15 
19 855
1 5 10 15 20 25 30 35 40 45 50 55 60 65 70 75 80 85 90 
25 855
1 5 10 15 20 25 30 35 40 45 50 55 60 65 70 75 80 85 90 95 100 105 110 115 120 
13 463
1 5 10 15 20 25 30 35 40 45 50 55 60 
19 433
1 5 10 15 20 25 30 35 40 45 50 55 60 65 70 75 80 85 90 
6 943
1 5 10 15 20 25 
14 754
1 5 10 15 20 25 30 35 40 45 50 55 60 65 
25 333
1 5 10 15 20 25 30 35 40 45 50 55 60 65 70 75 80 85 90 95 100 105 110 115 120 
10 407
1 5 10 15 20 25 30 35 40 45 
13 785
1 5 10 15 20 25 30 35 40 45 50 55 60 
18 594
1 5 10 15 20 25 30 35 40 45 50 55 60 65 70 75 80 85 
20 52
1 5 10 15 20 25 30 35 40 45 50 55 60 65 70 75 80 85 90 95 
24 423
1 5 10 15 20 25 30 35 40 45 50 55 60 65 70 75 80 85 90 95 100 105 110 115 
23 55
1 5 10 15 20 25 30 35 40 45 50 55 60 65 70 75 80 85 90 95 100 105 110 
14 14
1 5 10 15 20 25 30 35 40 45 50 55 60 65 
12 851
1 5 10 15 20 25 30 35 40 45 50 55 
20 916
1 5 10 15 20 25 30 35 40 45 50 55 60 65 70 75 80 85 90 95 
13 960
1 5 10 15 20 25 30 35 40 45 50 55 60 
11 491
1 5 10 15 20 25 30 35 40 45 50 
14 326
1 5 10 15 20 25 30 35 40 45 50 55 60 65 
23 87
1 5 10 15 20 25 30 35 40 45 50 55 60 65 70 75 80 85 90 95 100 105 110 
6 569
1 5 10 15 20 25 
20 454
1 5 10 15 20 25 30 35 40 45 50 55 60 65 70 75 80 85 90 95 
8 536
1 5 10 15 20 25 30 35 
19 267
1 5 10 15 20 25 30 35 40 45 50 55 60 65 70 75 80 85 90 
21 115
1 5 10 15 20 25 30 35 40 45 50 55 60 65 70 75 80 85 90 95 100 
22 799
1 5 10 15 20 25 30 35 40 45 50 55 60 65 70 75 80 85 90 95 100 105 
5 846
1 5 10 15 20 
5 731
1 5 10 15 20 
22 466
1 5 10 15 20 25 30 35 40 45 50 55 60 65 70 75 80 85 90 95 100 105 
25 950
1 5 10 15 20 25 30 35 40 45 50 55 60 65 70 75 80 85 90 95 100 105 110 115 120 
4 861
1 5 10 15 
7 1004
1 5 10 15 20 25 30 
14 612
1 5 10 15 20 25 30 35 40 45 50 55 60 65 
23 367
1 5 10 15 20 25 30 35 40 45 50 55 60 65 70 75 80 85 90 95 100 105 110 
24 240
1 5 10 15 20 25 30 35 40 45 50 55 60 65 70 75 80 85 90 95 100 105 110 115 
25 86
1 5 10 15 20 25 30 35 40 45 50 55 60 65 70 75 80 85 90 95 100 105 110 115 120 
7 384
1 5 10 15 20 25 30 
10 177
1 5 10 15 20 25 30 35 40 45 
21 595
1 5 10 15 20 25 30 35 40 45 50 55 60 65 70 75 80 85 90 95 100 
8 709
1 5 10 15 20 25 30 35 
23 807
1 5 10 15 20 25 30 35 40 45 50 55 60 65 70 75 80 85 90 95 100 105 110 
10 207
1 5 10 15 20 25 30 35 40 45 
14 230
1 5 10 15 20 25 30 35 40 45 50 55 60 65 
19 743
1 5 10 15 20 25 30 35 40 45 50 55 60 65 70 75 80 85 90 
7 617
1 5 10 15 20 25 30 
21 408
1 5 10 15 20 25 30 35 40 45 50 55 60 65 70 75 80 85 90 95 100 
25 328
1 5 10 15 20 25 30 35 40 45 50 55 60 65 70 75 80 85 90 95 100 105 110 115 120 
19 774
1 5 10 15 20 25 30 35 40 45 50 55 60 65 70 75 80 85 90 
7 90
1 5 10 15 20 25 30 
20 586
1 5 10 15 20 25 30 35 40 45 50 55 60 65 70 75 80 85 90 95 
22 818
1 5 10 15 20 25 30 35 40 45 50 55 60 65 70 75 80 85 90 95 100 105 
14 483
1 5 10 15 20 25 30 35 40 45 50 55 60 65 
17 590
1 5 10 15 20 25 30 35 40 45 50 55 60 65 70 75 80 
15 949
1 5 10 15 20 25 30 35 40 45 50 55 60 65 70 
25 693
1 5 10 15 20 25 30 35 40 45 50 55 60 65 70 75 80 85 90 95 100 105 110 115 120 
13 470
1 5 10 15 20 25 30 35 40 45 50 55 60 
11 140
1 5 10 15 20 25 30 35 40 45 50 
13 850
1 5 10 15 20 25 30 35 40 45 50 55 60 
2 304
1 5 
10 397
1 5 10 15 20 25 30 35 40 45 
21 810
1 5 10 15 20 25 30 35 40 45 50 55 60 65 70 75 80 85 90 95 100 
11 60
1 5 10 15 20 25 30 35 40 45 50 
2 728
1 5 
12 667
1 5 10 15 20 25 30 35 40 45 50 55 
16 459
1 5 10 15 20 25 30 35 40 45 50 55 60 65 70 75 
10 362
1 5 10 15 20 25 30 35 40 45 
24 551
1 5 10 15 20 25 30 35 40 45 50 55 60 65 70 75 80 85 90 95 100 105 110 115 
6 449
1 5 10 15 20 25 
18 936
1 5 10 15 20 25 30 35 40 45 50 55 60 65 70 75 80 85 
18 201
1 5 10 15 20 25 30 35 40 45 50 55 60 65 70 75 80 85 
24 292
1 5 10 15 20 25 30 35 40 45 50 55 60 65 70 75 80 85 90 95 100 105 110 115 
25 92
1 5 10 15 20 25 30 35 40 45 50 55 60 65 70 75 80 85 90 95 100 105 110 115 120 
19 832
1 5 10 15 20 25 30 35 40 45 50 55 60 65 70 75 80 85 90 
10 662
1 5 10 15 20 25 30 35 40 45 
17 590
1 5 10 15 20 25 30 35 40 45 50 55 60 65 70 75 80 
25 339
1 5 10 15 20 25 30 35 40 45 50 55 60 65 70 75 80 85 90 95 100 105 110 115 120 
8 268
1 5 10 15 20 25 30 35 
13 290
1 5 10 15 20 25 30 35 40 45 50 55 60 
21 274
1 5 10 15 20 25 30 35 40 45 50 55 60 65 70 75 80 85 90 95 100 
22 457
1 5 10 15 20 25 30 35 40 45 50 55 60 65 70 75 80 85 90 95 100 105 
20 362
1 5 10 15 20 25 30 35 40 45 50 55 60 65 70 75 80 85 90 95 
20 973
1 5 10 15 20 25 30 35 40 45 50 55 60 65 70 75 80 85 90 95 
4 487
1 5 10 15 
4 563
1 5 10 15 
23 703
1 5 10 15 20 25 30 35 40 45 50 55 60 65 70 75 80 85 90 95 100 105 110 
18 423
1 5 10 15 20 25 30 35 40 45 50 55 60 65 70 75 80 85 
10 650
1 5 10 15 20 25 30 35 40 45 
3 295
1 5 10 
20 425
1 5 10 15 20 25 30 35 40 45 50 55 60 65 70 75 80 85 90 95 
25 408
1 5 10 15 20 25 30 35 40 45 50 55 60 65 70 75 80 85 90 95 100 105 110 115 120 
20 820
1 5 10 15 20 25 30 35 40 45 50 55 60 65 70 75 80 85 90 95 
15 282
1 5 10 15 20 25 30 35 40 45 50 55 60 65 70 
22 908
1 5 10 15 20 25 30 35 40 45 50 55 60 65 70 75 80 85 90 95 100 105 
20 420
1 5 10 15 20 25 30 35 40 45 50 55 60 65 70 75 80 85 90 95 
6 897
1 5 10 15 20 25 
25 334
1 5 10 15 20 25 30 35 40 45 50 55 60 65 70 75 80 85 90 95 100 105 110 115 120 
7 560
1 5 10 15 20 25 30 
8 849
1 5 10 15 20 25 30 35 
11 804
1 5 10 15 20 25 30 35 40 45 50 
21 65
1 5 10 15 20 25 30 35 40 45 50 55 60 65 70 75 80 85 90 95 100 
12 348
1 5 10 15 20 25 30 35 40 45 50 55 
14 663
1 5 10 15 20 25 30 35 40 45 50 55 60 65 
25 323
1 5 10 15 20 25 30 35 40 45 50 55 60 65 70 75 80 85 90 95 100 105 110 115 120 
15 694
1 5 10 15 20 25 30 35 40 45 50 55 60 65 70 
12 922
1 5 10 15 20 25 30 35 40 45 50 55 
3 117
1 5 10 
21 476
1 5 10 15 20 25 30 35 40 45 50 55 60 65 70 75 80 85 90 95 100 
16 655
1 5 10 15 20 25 30 35 40 45 50 55 60 65 70 75 
15 471
1 5 10 15 20 25 30 35 40 45 50 55 60 65 70 
8 407
1 5 10 15 20 25 30 35 
12 695
1 5 10 15 20 25 30 35 40 45 50 55 
14 350
1 5 10 15 20 25 30 35 40 45 50 55 60 65 
17 705
1 5 10 15 20 25 30 35 40 45 50 55 60 65 70 75 80 
8 635
1 5 10 15 20 25 30 35 
25 640
1 5 10 15 20 25 30 35 40 45 50 55 60 65 70 75 80 85 90 95 100 105 110 115 120 
4 718
1 5 10 15 
24 44
1 5 10 15 20 25 30 35 40 45 50 55 60 65 70 75 80 85 90 95 100 105 110 115 
6 471
1 5 10 15 20 25 
24 402
1 5 10 15 20 25 30 35 40 45 50 55 60 65 70 75 80 85 90 95 100 105 110 115 
21 511
1 5 10 15 20 25 30 35 40 45 50 55 60 65 70 75 80 85 90 95 100 
3 39
1 5 10 
16 761
1 5 10 15 20 25 30 35 40 45 50 55 60 65 70 75 
9 289
1 5 10 15 20 25 30 35 40 
2 506
1 5 
15 563
1 5 10 15 20 25 30 35 40 45 50 55 60 65 70 
3 787
1 5 10 
23 156
1 5 10 15 20 25 30 35 40 45 50 55 60 65 70 75 80 85 90 95 100 105 110 
14 854
1 5 10 15 20 25 30 35 40 45 50 55 60 65 
16 505
1 5 10 15 20 25 30 35 40 45 50 55 60 65 70 75 
15 202
1 5 10 15 20 25 30 35 40 45 50 55 60 65 70 
22 348
1 5 10 15 20 25 30 35 40 45 50 55 60 65 70 75 80 85 90 95 100 105 
13 43
1 5 10 15 20 25 30 35 40 45 50 55 60 
4 592
1 5 10 15 
24 388
1 5 10 15 20 25 30 35 40 45 50 55 60 65 70 75 80 85 90 95 100 105 110 115 
2 403
1 5 
4 417
1 5 10 15 
6 633
1 5 10 15 20 25 
3 689
1 5 10 
14 803
1 5 10 15 20 25 30 35 40 45 50 55 60 65 
11 194
1 5 10 15 20 25 30 35 40 45 50 
15 981
1 5 10 15 20 25 30 35 40 45 50 55 60 65 70 
2 425
1 5 
24 616
1 5 10 15 20 25 30 35 40 45 50 55 60 65 70 75 80 85 90 95 100 105 110 115 
23 515
1 5 10 15 20 25 30 35 40 45 50 55 60 65 70 75 80 85 90 95 100 105 110 
24 826
1 5 10 15 20 25 30 35 40 45 50 55 60 65 70 75 80 85 90 95 100 105 110 115 
8 268
1 5 10 15 20 25 30 35 
10 301
1 5 10 15 20 25 30 35 40 45 
15 248
1 5 10 15 20 25 30 35 40 45 50 55 60 65 70 
23 955
1 5 10 15 20 25 30 35 40 45 50 55 60 65 70 75 80 85 90 95 100 105 110 
18 637
1 5 10 15 20 25 30 35 40 45 50 55 60 65 70 75 80 85 
15 977
1 5 10 15 20 25 30 35 40 45 50 55 60 65 70 
25 797
1 5 10 15 20 25 30 35 40 45 50 55 60 65 70 75 80 85 90 95 100 105 110 115 120 
18 198
1 5 10 15 20 25 30 35 40 45 50 55 60 65 70 75 80 85 
6 497
1 5 10 15 20 25 
24 236
1 5 10 15 20 25 30 35 40 45 50 55 60 65 70 75 80 85 90 95 100 105 110 115 
22 587
1 5 10 15 20 25 30 35 40 45 50 55 60 65 70 75 80 85 90 95 100 105 
23 559
1 5 10 15 20 25 30 35 40 45 50 55 60 65 70 75 80 85 90 95 100 105 110 
9 230
1 5 10 15 20 25 30 35 40 
22 826
1 5 10 15 20 25 30 35 40 45 50 55 60 65 70 75 80 85 90 95 100 105 
7 383
1 5 10 15 20 25 30 
14 347
1 5 10 15 20 25 30 35 40 45 50 55 60 65 
21 274
1 5 10 15 20 25 30 35 40 45 50 55 60 65 70 75 80 85 90 95 100 
16 643
1 5 10 15 20 25 30 35 40 45 50 55 60 65 70 75 
11 772
1 5 10 15 20 25 30 35 40 45 50 
25 275
1 5 10 15 20 25 30 35 40 45 50 55 60 65 70 75 80 85 90 95 100 105 110 115 120 
8 255
1 5 10 15 20 25 30 35 
17 759
1 5 10 15 20 25 30 35 40 45 50 55 60 65 70 75 80 
12 208
1 5 10 15 20 25 30 35 40 45 50 55 
5 777
1 5 10 15 20 
13 442
1 5 10 15 20 25 30 35 40 45 50 55 60 
10 165
1 5 10 15 20 25 30 35 40 45 
15 997
1 5 10 15 20 25 30 35 40 45 50 55 60 65 70 
4 469
1 5 10 15 
3 592
1 5 10 
7 320
1 5 10 15 20 25 30 
21 856
1 5 10 15 20 25 30 35 40 45 50 55 60 65 70 75 80 85 90 95 100 
19 346
1 5 10 15 20 25 30 35 40 45 50 55 60 65 70 75 80 85 90 
22 557
1 5 10 15 20 25 30 35 40 45 50 55 60 65 70 75 80 85 90 95 100 105 
24 108
1 5 10 15 20 25 30 35 40 45 50 55 60 65 70 75 80 85 90 95 100 105 110 115 
2 482
1 5 
18 846
1 5 10 15 20 25 30 35 40 45 50 55 60 65 70 75 80 85 
19 608
1 5 10 15 20 25 30 35 40 45 50 55 60 65 70 75 80 85 90 
14 216
1 5 10 15 20 25 30 35 40 45 50 55 60 65 
11 563
1 5 10 15 20 25 30 35 40 45 50 
21 456
1 5 10 15 20 25 30 35 40 45 50 55 60 65 70 75 80 85 90 95 100 
16 439
1 5 10 15 20 25 30 35 40 45 50 55 60 65 70 75 
21 861
1 5 10 15 20 25 30 35 40 45 50 55 60 65 70 75 80 85 90 95 100 
8 688
1 5 10 15 20 25 30 35 
25 786
1 5 10 15 20 25 30 35 40 45 50 55 60 65 70 75 80 85 90 95 100 105 110 115 120 
4 775
1 5 10 15 
24 404
1 5 10 15 20 25 30 35 40 45 50 55 60 65 70 75 80 85 90 95 100 105 110 115 
2 172
1 5 
