2
51
33
10
15
14
11
73
28
16
6
25
12
7
8
5
32
5
7
7
14
8
17
26
32
7
9
16
10
5
11
9
93
12
3
7
13
7
2
42
14
12
5
37
9
10
8
10
5
11
34
4
3
6
21
101
39
40
10
10
15
11
36
1
9
8
1
4
11
2
11
17
6
9
12
3
13
48
1
15
15
149
9
8
38
6
16
8
9
12
10
17
13
7
8
7
16
33
11
5
32
42
42
4
8
15
18
38
10
8
11
8
41
16
6
11
14
11
3
7
1
5
17
11
16
11
6
3
27
9
17
5
2
12
44
38
6
8
59
38
12
6
3
2
17
6
6
25
10
7
4
12
23
8
6
13
3
8
11
11
8
18
9
8
3
15
64
11
9
2
148
15
11
10
6
22
12
4
5
3
12
17
8
7
11
5
7
7
6
14
35
41
10
8
15
30
5
7
9
6
12
5
38
7
19
29
20
1
10
14
6
14
19
14
6
9
8
14
13
6
9
19
6
51
5
20
6
7
8
12
12
102
11
81
3
18
7
5
7
4
42
7
83
30
29
73
16
8
15
85
7
5
9
11
8
7
9
10
16
9
6
22
4
8
10
6
9
16
8
7
12
18
3
8
14
7
41
10
4
17
35
61
11
10
5
8
4
98
11
10
5
15
6
10
10
23
8
52
8
36
