1 37
1 64
1 100
137 7
137 58
137 76
137 85
273 16
273 52
273 76
273 82
273 97
409 1
409 19
409 31
409 58
545 67
545 79
545 100
681 10
681 49
681 55
681 94
817 13
817 28
817 31
817 40
817 55
817 88
953 1
953 7
953 64
953 79
1089 19
1089 79
1089 91
1225 4
1225 49
1225 91
1361 43
1361 61
1497 1
1497 25
1497 76
1633 49
1633 67
1633 100
1769 10
1769 31
1769 34
1769 52
1769 100
1905 85
2041 1
2041 16
2041 28
2041 43
2041 76
2041 79
2177 7
2177 46
2177 52
2177 73
2177 85
2177 100
2313 52
2313 73
2313 85
2449 28
2449 31
2585 7
2585 10
2585 28
2585 40
2585 43
2585 49
2585 79
2721 52
2721 55
2721 91
2857 7
2857 25
2857 100
2993 4
2993 16
2993 31
2993 55
2993 58
2993 61
2993 67
2993 94
3129 1
3129 13
3129 25
3129 28
3129 55
3129 73
3265 19
3265 22
3265 25
3265 40
3265 43
3265 55
3265 61
3265 73
3265 88
3265 97
3265 100
3401 25
3401 28
3401 61
3537 10
3537 52
3537 61
3673 79
3673 94
3673 97
3809 79
4081 31
4081 40
4081 43
4081 49
4081 73
4081 82
4081 88
4081 97
4217 43
4217 46
4217 76
4353 1
4353 31
4353 49
4353 61
4353 76
4489 19
4489 52
4625 4
4625 7
4625 46
4625 91
4761 25
4761 82
4761 94
4897 88
4897 100
5033 28
5033 79
5169 22
5169 49
5169 82
5305 40
5305 52
5305 67
5305 76
5441 10
5441 16
5441 31
5441 55
5441 76
5441 79
5441 94
5577 76
5577 97
5713 22
5713 37
5713 64
5849 13
5849 22
5849 46
5849 64
5849 73
5849 76
5849 100
5985 4
5985 19
6121 13
6121 49
6121 85
6121 97
6257 7
6257 85
6257 91
6257 97
6393 10
6393 16
6393 25
6393 43
6393 46
6393 55
6393 64
6393 82
6529 4
6529 82
6529 85
6665 43
6665 46
6801 7
6801 28
6801 40
6801 46
6801 88
7073 7
7073 73
7209 16
7209 19
7209 49
7209 52
7209 67
7209 70
7345 31
7345 34
7345 49
7345 79
7481 79
7481 97
7617 4
7617 7
7617 10
7617 16
7617 25
7617 34
7617 73
7617 88
7617 97
7617 100
7753 16
7753 46
7753 79
7889 16
7889 25
7889 37
7889 46
7889 61
7889 73
8025 13
8161 55
8161 58
8161 76
8161 94
8297 25
8297 28
8297 70
8297 76
8297 88
8433 31
8433 49
8569 16
8569 34
8569 64
8705 34
8705 70
8705 94
8841 4
8841 7
8841 94
8977 1
8977 4
9113 49
9113 52
9113 76
9113 82
9113 97
9249 16
9249 25
9249 28
9249 52
9249 70
9249 76
9249 82
9249 85
9249 88
9385 28
9385 55
9385 61
9385 82
9521 58
9521 61
9521 82
9521 91
9657 22
9657 88
9657 97
9657 100
9793 52
9929 19
9929 31
9929 43
100000000 1
