1
1
1
4
21
61
52
1
13
45
27
79
0
10
6
3
9
71
45
1
44
21
23
11
5
11
17
47
25
0
1
57
5
6
62
88
1
0
42
28
19
0
22
53
16
25
33
9
2
1
1
69
35
0
9
25
20
65
66
0
15
45
60
52
77
25
50
18
13
0
2
5
9
25
5
37
57
17
26
82
1
7
57
1
1
17
23
35
4
45
79
0
9
4
21
49
63
16
9
15
25
40
20
32
53
9
64
65
1
13
46
7
1
60
39
7
84
17
20
1
39
14
66
63
33
7
3
31
37
0
13
41
22
21
5
17
1
5
25
75
11
5
61
57
97
21
56
21
24
3
25
1
12
61
1
1
16
51
45
69
83
29
48
15
15
17
12
19
7
25
9
73
49
1
0
11
45
1
10
6
52
69
49
3
9
18
29
45
13
57
79
1
51
69
0
41
4
25
1
39
25
3
65
9
8
6
33
40
69
29
1
44
77
55
12
1
1
7
1
17
1
25
49
51
17
9
25
11
1
14
8
23
20
5
4
21
41
29
77
22
9
37
13
25
1
5
9
1
57
1
25
57
1
0
5
0
1
48
13
69
11
92
1
24
9
45
9
53
65
69
9
5
35
52
37
9
5
9
57
21
65
54
57
17
11
9
39
0
