10
7 49
7 42
8 16
3 15
1 3
3 21
2 12
4 36
4 36
7 28
10
9 63
8 32
3 9
2 8
6 42
1 3
4 12
8 48
7 35
6 54
10
8 40
8 64
3 30
9 63
5 30
4 32
7 42
6 60
2 14
8 16
9
3 30
8 64
5 15
6 60
3 18
3 24
9 18
3 24
7 35
2
5 50
10 50
6
3 30
3 6
10 50
4 28
1 2
10 40
10
8 32
5 30
1 9
1 3
8 80
8 48
8 72
5 50
7 70
5 50
2
8 16
5 25
3
8 80
6 18
10 60
10
8 64
9 81
7 21
3 6
3 21
10 70
7 42
7 56
7 70
3 24
2
7 70
10 50
2
7 49
3 24
5
4 24
6 60
7 14
7 21
10 40
7
9 72
7 14
10 40
2 4
8 32
5 10
9 54
8
1 2
4 16
9 63
8 72
3 12
5 15
2 8
1 9
7
4 32
2 4
8 72
10 40
7 14
3 6
1 8
1
6 36
6
7 14
7 49
7 28
4 20
6 18
1 6
6
4 28
4 28
3 9
2 6
2 12
6 48
3
8 24
6 12
1 10
5
8 64
4 8
2 4
3 12
3 30
4
1 7
6 48
7 21
2 4
7
7 35
1 10
3 12
2 6
4 36
10 30
10 50
1
5 45
4
6 48
2 16
5 15
2 6
2
3 24
5 35
1
1 8
5
3 9
8 48
7 70
3 9
9 90
6
1 5
5 15
3 18
9 27
3 6
1 2
9
1 10
8 16
7 49
4 16
8 48
6 30
9 63
2 10
2 10
2
9 63
10 30
3
8 40
10 30
10 30
9
1 4
8 80
6 48
7 28
3 21
2 14
1 4
9 54
5 50
8
9 27
10 70
4 32
1 5
9 63
6 48
10 60
1 5
4
2 14
2 12
2 16
5 40
10
8 32
6 60
10 20
1 5
4 36
6 54
9 27
1 7
9 63
3 15
9
1 7
2 8
8 32
4 40
10 40
10 90
5 35
10 60
10 60
1
7 70
4
4 12
7 21
8 72
7 56
8
6 36
2 6
4 8
2 18
6 36
7 63
3 9
2 14
5
4 16
3 24
1 10
6 42
5 50
2
1 9
5 35
1
6 12
3
10 50
9 18
9 54
6
8 56
8 16
7 28
6 48
1 4
8 32
7
4 32
10 100
7 56
7 14
3 30
2 6
4 32
5
8 24
8 80
10 60
1 5
3 6
7
9 90
9 45
6 54
2 12
9 63
8 40
1 9
5
2 18
2 20
2 14
6 30
1 7
3
8 48
3 27
3 21
6
2 10
5 30
2 4
5 15
8 72
2 20
1
10 50
2
3 6
10 100
3
9 36
9 27
2 12
1
5 15
9
7 14
5 20
3 30
5 35
1 4
1 9
7 70
7 70
5 30
9
9 45
6 24
1 9
1 2
2 12
8 80
6 24
8 32
2 12
5
5 50
5 50
5 30
7 28
2 6
4
7 14
6 12
5 35
4 12
7
1 7
10 40
4 20
10 100
5 50
8 16
1 9
10
7 35
6 12
7 63
8 40
2 14
10 60
10 30
6 12
4 24
1 5
6
10 100
3 9
6 12
5 45
1 7
7 28
9
5 45
8 48
2 8
2 20
4 32
3 27
6 54
7 35
9 54
9
2 14
2 10
8 48
1 2
2 4
9 90
2 20
9 63
1 6
10
6 36
1 6
6 12
6 42
9 81
10 30
10 30
7 21
1 2
4 24
9
10 100
2 20
8 48
8 56
2 4
4 28
10 50
6 30
5 25
7
4 16
2 8
9 54
9 90
8 64
5 50
4 28
6
4 12
1 2
4 8
8 56
9 54
7 28
2
2 10
7 35
5
5 25
7 56
6 30
5 35
5 45
8
9 45
8 40
7 35
6 30
9 63
8 40
6 42
1 3
5
2 10
4 8
3 21
3 15
2 6
4
5 30
8 48
2 18
1 10
6
2 20
8 16
1 9
5 45
2 4
1 7
4
10 70
10 90
1 3
9 36
4
1 8
3 21
2 4
8 16
5
1 2
3 21
3 24
2 8
2 18
3
2 4
1 4
3 9
5
4 28
2 6
10 50
9 81
2 10
6
7 14
2 10
3 30
6 36
2 16
4 12
9
8 40
2 18
3 18
8 48
9 54
2 10
3 30
8 40
4 36
10
9 54
3 27
3 27
1 6
6 12
8 72
5 20
7 28
1 6
6 60
4
5 25
8 56
5 45
5 10
7
4 40
1 9
2 20
9 45
5 35
2 10
6 54
7
5 35
2 14
3 6
7 63
2 6
10 30
9 90
6
9 54
6 30
9 18
4 24
3 12
7 49
4
1 6
3 21
2 16
5 45
9
9 81
2 20
6 54
8 80
7 14
9 27
2 20
4 40
9 18
7
8 40
9 27
2 8
6 60
9 54
3 18
1 2
10
3 18
7 42
3 9
3 15
8 64
3 12
6 12
9 81
10 100
6 48
7
10 50
5 40
4 40
9 18
1 9
9 81
7 42
1
9 36
1
10 90
10
5 15
4 32
6 24
5 45
8 40
10 40
4 36
9 72
3 12
5 25
9
1 7
1 7
1 6
7 35
3 12
1 3
5 40
7 21
5 30
1
5 15
8
7 42
3 30
2 6
7 14
10 100
6 24
10 30
8 40
8
7 35
1 5
7 14
10 50
3 12
9 90
1 5
3 12
10
10 80
9 27
8 64
7 35
10 60
3 9
2 16
2 18
2 12
9 36
6
8 56
4 24
2 18
3 6
8 56
3 12
0
