100
1 11
1 11
3 11 12 13
3 11 12 13
7 11 12 13 14 15 16 17
7 11 12 13 14 15 16 17
5 11 12 13 14 15
1 11
5 11 12 13 14 15
5 11 12 13 14 15
7 11 12 13 14 15 16 17
7 11 12 13 14 15 16 17
9 11 12 13 14 15 16 17 18 19
5 11 12 13 14 15
7 11 12 13 14 15 16 17
7 11 12 13 14 15 16 17
1 11
1 11
1 11
5 11 12 13 14 15
9 11 12 13 14 15 16 17 18 19
3 11 12 13
9 11 12 13 14 15 16 17 18 19
3 11 12 13
5 11 12 13 14 15
5 11 12 13 14 15
9 11 12 13 14 15 16 17 18 19
9 11 12 13 14 15 16 17 18 19
3 11 12 13
7 11 12 13 14 15 16 17
7 11 12 13 14 15 16 17
9 11 12 13 14 15 16 17 18 19
5 11 12 13 14 15
3 11 12 13
9 11 12 13 14 15 16 17 18 19
9 11 12 13 14 15 16 17 18 19
3 11 12 13
9 11 12 13 14 15 16 17 18 19
3 11 12 13
7 11 12 13 14 15 16 17
3 11 12 13
9 11 12 13 14 15 16 17 18 19
3 11 12 13
1 11
3 11 12 13
3 11 12 13
7 11 12 13 14 15 16 17
7 11 12 13 14 15 16 17
5 11 12 13 14 15
3 11 12 13
9 11 12 13 14 15 16 17 18 19
7 11 12 13 14 15 16 17
1 11
3 11 12 13
5 11 12 13 14 15
1 11
9 11 12 13 14 15 16 17 18 19
3 11 12 13
5 11 12 13 14 15
3 11 12 13
1 11
3 11 12 13
3 11 12 13
7 11 12 13 14 15 16 17
3 11 12 13
3 11 12 13
7 11 12 13 14 15 16 17
3 11 12 13
7 11 12 13 14 15 16 17
9 11 12 13 14 15 16 17 18 19
3 11 12 13
9 11 12 13 14 15 16 17 18 19
9 11 12 13 14 15 16 17 18 19
9 11 12 13 14 15 16 17 18 19
1 11
7 11 12 13 14 15 16 17
9 11 12 13 14 15 16 17 18 19
9 11 12 13 14 15 16 17 18 19
1 11
9 11 12 13 14 15 16 17 18 19
5 11 12 13 14 15
3 11 12 13
9 11 12 13 14 15 16 17 18 19
7 11 12 13 14 15 16 17
3 11 12 13
5 11 12 13 14 15
3 11 12 13
9 11 12 13 14 15 16 17 18 19
9 11 12 13 14 15 16 17 18 19
9 11 12 13 14 15 16 17 18 19
9 11 12 13 14 15 16 17 18 19
7 11 12 13 14 15 16 17
3 11 12 13
7 11 12 13 14 15 16 17
5 11 12 13 14 15
7 11 12 13 14 15 16 17
3 11 12 13
9 11 12 13 14 15 16 17 18 19
3 11 12 13
3 11 12 13
