+0
+0.00
+0.0000000
+0.00000000000
+0.00000000000000000027
+0.00000000010000000027
+0.000027
+0.100000000000000000027
+0.100000000010000000027
+0.99
+1
+1.618033
+100000000000000000000000000000000000000000000000000000000000000000000000000000000000000000.987654
+1000000000000000000000000000000000000000000000000000000000000000000000000000000000000000000.987654
+1000000000000000000000000000000000000000000000000000000000000000000000000000000000000000000000000
+10000000000000000000000000000000000000000000000000000000000000000000000000000000000000000000000000
+3
+3.1
+3.14
+3.141
+3.1415
+3.14150
+3.14151
+3.14152
+3.14153
+3.14154
+3.14155
+3.14156
+3.14157
+3.14158
+3.14159
+3.141592
+31415.02
+31415.12
+31415.22
+31415.32
+31415.42
+31415.52
+31415.62
+31415.72
+31415.82
+31415.92
+602214085774747474747474
-0
-0.00000000000
-0.00000000000000000027
-0.00000000010000000027
-0.000027
-100000000000000000000000000000000000000000000000000000000000000000000000000000000000000000.987654
-1000000000000000000000000000000000000000000000000000000000000000000000000000000000000000000000000
0.00
0.0000000
0.000027
0.100000000000000000027
0.100000000010000000027
0.99
1
1.618033
1000000000000000000000000000000000000000000000000000000000000000000000000000000000000000000.987654
10000000000000000000000000000000000000000000000000000000000000000000000000000000000000000000000000
3
3.1
3.14
3.141
3.1415
3.14150
3.14151
3.14152
3.14153
3.14154
3.14155
3.14156
3.14157
3.14158
3.14159
3.141592
31415.02
31415.12
31415.22
31415.32
31415.42
31415.52
31415.62
31415.72
31415.82
31415.92
602214085774747474747474
