100 228 238
205
120
72
205
215
243
105
188
66
106
131
94
213
97
55
90
64
187
73
137
75
126
165
190
240
145
100
90
225
188
116
174
183
181
72
225
50
233
53
127
228
238
91
74
207
50
87
219
239
64
246
175
202
208
160
128
162
249
81
170
161
205
112
80
198
165
82
153
181
98
121
205
59
108
205
113
108
107
135
152
209
158
120
190
75
136
54
67
238
56
75
58
129
55
125
50
221
114
144
184
100 88 125
74
77
97
202
177
214
110
137
200
199
246
209
97
211
224
249
164
213
68
80
233
65
89
124
201
75
144
94
95
145
234
172
65
199
207
87
165
225
85
94
247
216
240
247
80
221
95
225
215
97
227
150
206
67
192
235
81
69
139
149
154
215
148
140
92
169
239
190
250
116
222
215
196
150
98
162
250
179
90
91
132
98
172
244
201
97
231
213
194
51
55
202
108
95
206
219
129
194
208
224
100 147 178
90
99
200
136
248
222
90
126
52
140
242
132
80
140
122
75
61
212
168
182
195
193
123
122
191
215
73
90
83
63
128
75
159
127
140
118
226
229
238
170
157
106
66
99
171
191
186
65
247
95
79
173
205
81
171
190
118
107
242
132
222
90
247
168
186
55
225
110
89
87
101
130
90
102
54
192
68
129
69
155
226
161
242
120
235
149
173
165
89
186
63
76
220
139
225
140
65
82
135
234
100 181 248
81
60
126
193
75
238
246
145
237
170
108
183
77
182
160
54
56
192
100
148
107
176
119
105
76
57
67
52
116
52
134
163
87
129
51
173
83
248
191
99
50
226
229
144
225
221
210
125
132
249
169
244
200
107
197
58
86
144
60
133
202
152
113
123
182
101
237
91
186
229
239
183
64
113
87
83
60
111
90
193
233
109
122
105
221
198
246
177
60
81
185
234
51
140
99
221
218
85
127
163
100 65 168
135
239
124
244
177
101
63
101
148
53
64
87
97
88
229
163
196
228
226
81
175
145
61
140
178
65
158
136
229
230
102
244
209
83
246
63
211
231
63
214
68
59
158
129
187
141
83
119
132
233
131
205
205
198
118
154
177
166
153
75
177
98
67
155
149
98
53
232
82
73
170
91
176
109
156
138
230
233
238
59
216
51
159
235
102
141
238
79
187
66
146
176
200
164
83
185
154
237
212
103
100 144 244
183
228
149
183
214
160
147
75
207
92
146
227
149
76
144
193
100
63
247
153
149
210
164
203
228
94
73
216
113
214
171
241
184
138
157
122
196
210
235
221
181
117
75
208
89
82
243
82
58
188
74
98
226
100
199
85
226
122
224
117
99
178
176
222
205
81
162
166
65
221
114
108
54
243
237
129
145
150
158
227
128
162
202
56
190
210
54
52
97
72
188
198
98
210
125
172
93
226
129
121
100 71 207
117
248
156
217
189
157
239
106
114
100
244
231
137
245
115
114
218
141
129
172
144
103
207
129
58
168
243
189
195
100
92
123
191
122
75
149
115
191
84
167
144
121
125
230
214
55
153
76
167
235
114
151
86
170
179
77
91
118
151
78
234
145
246
245
60
112
224
114
154
85
241
132
222
222
207
130
58
148
250
50
131
54
73
166
77
93
134
203
195
66
195
86
153
60
96
177
153
147
243
210
100 89 146
146
58
118
142
235
109
218
195
151
113
230
160
158
207
68
225
106
230
212
184
196
152
92
135
106
225
150
166
164
88
153
84
55
225
195
216
64
240
205
114
224
75
240
207
97
160
228
137
239
67
151
70
132
158
246
249
166
189
76
243
125
223
180
232
84
142
88
208
80
130
62
61
81
186
73
65
91
201
129
158
81
238
120
141
185
210
122
139
178
112
234
66
206
247
221
227
217
141
60
191
100 61 230
165
202
147
237
250
178
51
77
173
144
233
211
165
177
167
78
102
206
58
242
135
83
176
127
226
123
136
104
143
51
123
196
111
99
159
71
244
59
67
192
50
83
236
100
247
161
112
240
166
79
238
142
65
187
218
240
218
158
196
203
117
64
119
120
217
131
99
196
143
133
76
76
140
181
167
115
120
158
143
209
223
229
144
78
234
225
224
149
138
210
121
164
114
118
83
170
243
139
197
124
100 176 214
89
193
185
134
218
100
192
132
240
121
65
170
137
53
237
240
132
112
102
88
100
111
244
77
75
112
217
175
207
92
222
191
147
64
180
136
225
242
76
106
222
58
55
244
186
54
59
97
144
169
105
141
115
168
229
115
107
124
165
151
76
250
168
136
134
209
89
99
245
66
172
105
162
195
65
208
102
50
65
229
55
202
87
151
176
229
169
59
200
110
113
237
159
147
247
97
172
151
104
160
100 130 182
229
132
181
112
50
68
199
145
243
162
160
237
52
54
108
222
145
245
128
188
103
168
198
182
99
124
129
112
139
149
218
173
138
106
69
237
116
244
201
191
189
58
109
62
63
74
52
167
120
137
113
100
203
181
101
158
187
114
226
64
162
109
227
234
79
127
118
159
241
74
195
206
165
238
242
79
187
205
248
137
122
245
75
241
131
180
208
227
105
106
235
227
205
236
70
213
175
106
169
128
100 131 169
121
52
69
138
157
99
182
191
152
55
57
117
183
191
245
242
104
238
116
179
52
89
125
109
172
145
117
154
101
105
184
228
160
56
183
129
101
135
144
234
50
174
156
98
98
126
55
206
54
142
66
57
107
225
101
118
244
135
81
162
167
100
145
208
125
151
148
160
131
241
172
224
247
168
56
81
185
55
231
131
75
72
167
194
154
216
50
59
114
147
77
129
244
137
186
183
230
65
89
80
100 152 172
219
199
111
130
79
92
152
228
195
117
193
148
166
115
217
202
81
203
93
58
213
212
145
117
125
72
148
225
173
154
119
233
182
76
170
95
237
84
111
221
206
137
126
211
189
93
59
183
249
225
240
70
94
177
225
130
204
103
248
221
131
179
74
74
154
65
247
123
84
247
140
61
135
193
69
121
109
189
204
196
89
82
205
101
61
219
204
160
227
127
202
67
202
199
126
63
111
153
175
73
100 220 231
219
77
99
197
170
158
156
58
244
220
51
202
98
160
241
192
62
153
72
224
177
96
128
122
132
71
72
80
209
117
82
84
127
160
204
215
110
168
248
250
80
108
219
246
236
169
103
113
152
180
185
175
244
183
242
227
231
103
103
191
167
103
209
100
235
191
67
250
229
70
193
160
179
110
103
112
227
150
90
164
107
127
140
229
165
187
235
90
174
191
138
67
203
90
216
115
118
172
109
244
100 81 226
160
188
242
179
217
112
242
163
113
102
89
123
144
214
100
77
247
247
153
88
249
231
228
99
70
103
108
187
226
153
52
170
105
183
94
225
114
178
82
177
203
185
200
137
128
196
56
110
87
217
174
239
130
133
160
78
63
231
55
249
188
117
201
86
201
180
127
154
167
238
87
185
145
249
228
52
62
76
155
194
131
87
249
173
73
216
107
63
222
53
224
122
111
234
101
181
96
150
133
163
100 215 238
192
147
92
193
159
146
109
68
196
77
240
74
147
73
239
180
177
131
184
108
201
234
196
54
139
218
179
193
84
208
149
185
146
137
106
96
89
99
185
116
250
84
158
224
140
66
153
128
236
247
168
63
228
246
87
51
68
87
98
69
116
134
153
51
69
206
134
182
73
150
108
153
66
235
63
201
161
209
77
210
84
134
205
244
105
156
92
124
217
121
115
152
130
144
63
183
74
174
100
72
100 138 181
212
72
53
231
50
111
69
232
160
129
243
182
80
63
76
248
144
90
159
187
72
204
150
101
244
165
153
106
213
236
234
73
83
230
200
187
143
117
229
206
87
126
232
69
83
58
136
240
69
170
152
172
181
200
109
132
156
242
169
145
173
158
172
66
198
173
234
110
79
170
116
54
78
205
106
149
179
222
96
203
221
68
129
176
61
161
164
240
182
60
142
137
50
205
200
99
242
160
142
217
100 99 110
218
117
237
230
64
104
165
159
176
186
169
166
155
79
157
75
62
54
168
134
160
238
202
86
118
132
195
108
170
155
116
166
86
230
171
114
98
223
147
90
127
207
186
55
199
181
130
237
103
51
189
183
235
205
58
101
213
56
234
165
218
117
162
213
206
84
240
245
79
52
97
115
65
201
77
100
68
73
115
98
201
174
234
182
128
161
102
200
245
90
175
153
105
139
58
221
107
51
110
213
100 172 223
133
116
139
103
242
237
216
119
178
90
160
122
203
226
145
151
162
220
213
239
148
126
148
140
69
219
143
110
107
212
143
103
205
109
182
182
146
75
170
103
87
216
96
244
73
120
249
213
145
97
161
78
179
218
163
184
246
131
81
194
242
246
181
87
206
88
129
171
106
63
160
58
57
143
64
122
171
198
138
131
171
170
171
91
52
205
197
235
83
129
115
85
55
177
125
156
85
71
90
244
100 76 95
218
226
95
92
154
55
161
98
248
248
52
177
132
93
163
249
233
219
239
101
72
67
154
212
60
154
161
233
190
209
60
59
52
189
176
235
81
163
77
145
80
76
221
163
239
145
121
247
152
107
88
120
235
90
216
112
90
180
203
61
143
136
204
226
184
213
105
113
169
118
178
235
216
187
143
136
138
87
181
96
168
210
170
146
235
153
115
55
211
205
240
244
59
236
100
126
194
152
102
163
100 199 235
247
226
215
80
140
134
219
156
228
160
206
120
81
162
213
155
65
193
62
54
143
152
85
98
92
154
240
243
59
209
72
117
93
224
151
99
187
89
232
156
245
68
207
175
211
123
116
224
200
115
148
207
167
102
204
163
169
242
245
119
156
226
188
211
170
223
199
142
208
120
201
126
63
55
81
199
196
61
167
211
102
148
221
60
203
62
148
77
229
177
219
116
59
227
141
77
246
229
71
224
100 104 157
84
219
240
121
194
93
139
98
209
142
83
168
111
85
137
90
236
224
69
185
111
69
55
242
177
208
58
119
186
197
198
192
237
179
55
202
243
115
219
96
243
185
188
150
145
111
227
88
76
198
132
69
63
242
171
161
154
127
184
60
148
57
240
237
110
194
181
76
184
150
108
150
190
101
125
157
219
123
196
67
57
248
108
148
146
199
216
107
179
129
224
59
177
100
76
248
201
166
110
130
100 135 199
151
234
114
149
71
226
184
71
179
150
137
206
88
141
236
114
128
91
206
222
126
74
106
134
220
198
87
233
94
213
153
59
238
165
139
107
80
121
182
71
74
188
187
117
83
181
182
74
198
228
132
150
142
229
224
218
182
160
236
236
225
68
98
62
143
204
186
80
233
215
189
104
229
168
137
118
185
173
122
151
158
249
204
162
110
212
204
210
69
134
120
172
73
149
165
249
156
87
161
52
100 97 226
216
195
235
96
90
213
82
238
235
91
170
121
87
166
237
210
205
61
150
112
214
89
155
140
123
210
168
70
226
129
138
227
61
65
239
53
130
204
152
112
104
167
225
205
220
71
119
218
246
82
236
107
223
153
144
175
231
99
245
212
179
186
137
120
245
250
221
139
52
98
163
157
199
198
133
101
154
103
124
174
233
116
122
170
248
126
114
188
175
131
209
61
181
128
163
221
231
154
211
172
100 164 165
181
172
238
92
165
123
130
205
230
134
102
108
227
60
225
157
171
116
59
158
215
105
56
51
71
67
65
111
127
74
166
245
232
193
51
128
205
82
208
220
128
128
163
95
209
118
108
129
238
116
243
181
232
93
125
160
175
65
124
226
104
241
124
57
174
67
97
122
81
129
67
232
89
106
51
92
91
218
227
222
191
130
189
57
207
81
112
229
73
137
67
131
228
110
103
128
222
131
56
230
100 145 246
241
104
105
154
197
153
125
226
246
195
91
62
176
114
206
153
80
233
117
245
125
223
187
56
227
156
203
219
138
187
130
208
145
189
53
223
186
95
133
202
142
155
172
121
135
112
81
101
150
194
84
119
169
151
175
123
142
53
80
247
202
195
127
159
53
76
217
150
207
129
201
57
243
189
200
207
236
224
160
178
224
216
197
117
167
239
167
150
59
92
66
146
98
131
97
119
66
102
121
179
100 58 185
138
233
102
223
58
210
114
211
195
55
208
97
158
52
51
69
141
165
207
154
57
163
190
86
246
117
118
179
238
110
206
142
164
213
174
78
244
171
99
117
160
223
102
126
134
157
184
182
83
195
120
233
144
116
120
116
122
90
118
67
88
125
150
174
192
155
95
70
60
118
159
84
67
87
97
80
63
197
129
204
249
225
177
125
237
117
209
98
107
92
226
172
159
111
60
107
67
140
219
158
100 93 172
146
182
70
137
68
206
171
115
148
214
191
205
146
209
153
149
87
139
72
84
95
120
55
237
177
66
176
247
219
136
199
115
177
103
62
238
221
201
63
203
58
190
192
100
171
190
71
218
138
236
213
164
217
169
76
214
197
178
140
55
100
135
51
223
230
88
245
64
203
105
51
233
204
81
248
187
249
90
215
83
224
158
59
74
79
109
152
230
88
158
240
219
238
131
248
190
76
250
109
194
100 63 71
167
220
74
90
170
86
205
188
121
52
250
102
71
170
145
118
196
224
62
142
72
183
150
130
225
122
133
223
212
79
196
111
227
175
244
221
165
180
179
192
94
214
242
89
192
206
241
183
229
124
213
166
95
112
178
231
129
163
213
154
102
155
113
160
198
187
139
221
188
118
171
224
220
51
54
166
179
109
236
185
158
221
184
230
131
134
228
173
192
199
160
213
134
219
183
189
221
246
198
128
100 114 193
94
57
129
93
197
224
54
206
196
231
121
121
245
145
61
50
75
180
141
177
101
88
149
190
238
159
176
195
133
75
91
123
216
214
102
144
198
237
54
72
57
231
63
193
56
76
183
69
115
235
250
185
69
191
236
167
60
54
214
143
137
225
151
85
236
58
86
103
76
175
57
116
76
148
147
148
241
100
51
82
118
109
64
93
123
103
230
192
137
85
194
111
233
119
232
227
112
59
73
82
100 216 221
126
57
65
161
146
172
120
246
95
206
209
243
143
105
180
98
115
51
151
247
188
101
200
236
239
87
160
124
185
65
239
243
231
148
102
202
58
180
222
99
115
131
81
68
159
129
103
196
174
103
148
84
148
125
138
107
211
216
159
141
228
126
143
59
144
78
219
208
240
163
188
146
126
131
226
57
218
115
104
216
130
142
88
171
158
96
180
136
75
73
118
75
91
117
147
85
84
100
116
54
100 101 153
120
54
136
52
78
190
178
135
156
106
236
144
69
56
96
191
138
208
97
66
179
227
237
147
174
54
215
232
168
62
249
198
179
96
184
143
137
162
193
117
75
133
138
83
167
132
164
154
81
160
179
81
79
62
218
137
210
76
216
230
166
196
228
243
88
100
144
132
131
162
99
69
163
156
55
110
197
115
94
83
67
178
200
182
162
155
113
101
105
158
96
72
210
120
87
123
62
153
139
92
100 132 205
116
123
61
207
61
121
131
186
166
118
69
94
55
89
229
200
229
185
115
132
186
208
141
216
190
186
213
94
226
187
119
75
179
95
155
114
104
247
59
224
141
237
248
162
239
133
198
210
128
187
111
231
50
105
89
174
243
159
109
50
60
95
135
185
230
186
204
162
118
59
96
102
198
78
207
158
136
207
218
161
153
237
123
183
92
59
105
111
145
68
165
207
91
225
186
53
246
215
239
108
100 50 99
116
88
186
77
100
151
211
149
105
106
120
226
214
168
163
168
205
202
237
127
56
122
52
107
169
240
235
230
61
193
231
153
90
123
242
109
200
66
245
139
244
232
171
101
95
81
74
241
229
187
178
139
121
68
63
213
85
62
167
164
218
229
169
93
172
186
62
149
231
63
245
90
177
54
223
84
204
113
68
67
65
140
110
223
240
71
202
114
81
181
56
144
93
149
245
195
214
68
206
228
100 135 221
173
200
137
63
223
66
177
116
159
238
216
146
86
54
194
203
103
202
52
194
76
58
78
107
104
243
208
139
102
195
110
61
194
221
145
89
150
206
250
208
197
87
135
105
107
90
249
105
76
238
215
189
104
172
191
208
62
135
229
107
126
180
72
195
184
134
136
225
171
84
121
180
199
182
88
156
71
183
62
107
233
194
200
71
131
147
203
160
168
112
217
75
164
53
124
170
195
160
111
86
100 121 184
58
83
119
149
119
198
200
151
69
145
73
121
163
87
244
88
226
76
89
238
217
56
81
220
54
162
109
155
104
52
207
181
165
177
91
199
90
209
56
201
128
69
87
245
74
136
229
185
111
215
221
84
173
105
51
84
107
233
175
53
130
142
178
136
155
112
77
115
91
88
75
189
219
247
148
185
233
182
172
68
201
151
163
146
246
177
94
57
248
53
115
69
119
206
92
210
72
154
246
82
100 56 112
124
115
132
145
127
204
74
200
161
106
52
171
96
215
158
190
153
91
56
190
159
83
169
114
91
103
114
149
165
61
59
195
88
185
129
232
239
103
235
153
223
211
244
123
160
218
201
105
70
69
112
140
107
110
168
227
198
63
87
75
196
157
67
179
182
75
247
249
213
93
191
72
70
50
173
203
176
88
126
207
182
76
174
159
50
124
179
191
97
158
135
234
121
149
200
177
212
61
100
93
100 63 144
84
65
240
241
220
56
201
112
176
124
61
234
226
232
98
239
208
167
188
98
194
67
89
140
64
64
189
155
101
196
194
193
192
196
150
215
204
108
165
70
174
164
129
198
167
150
227
162
218
85
159
208
70
181
144
117
226
195
149
250
178
103
55
179
194
141
131
246
208
193
143
227
226
228
66
218
115
189
141
129
199
237
55
88
78
134
84
54
179
215
68
89
54
64
94
96
51
71
154
78
100 92 110
203
207
206
116
200
73
225
91
108
173
216
244
100
248
212
120
214
160
166
172
123
176
201
91
245
178
126
70
139
180
155
136
144
170
181
211
89
148
238
138
155
167
173
179
59
136
152
220
124
202
173
109
146
56
149
190
146
234
191
92
232
53
59
175
206
132
72
167
175
95
197
138
145
219
82
119
165
74
54
233
119
203
186
216
193
144
203
166
231
116
131
170
247
90
234
58
64
173
215
242
100 112 247
187
109
112
232
198
122
131
144
173
103
95
107
92
89
173
75
104
143
242
117
205
61
243
249
180
245
59
86
215
59
143
64
250
237
102
105
129
185
123
144
209
220
227
168
87
190
153
162
85
237
78
224
89
223
169
238
66
209
55
197
60
130
183
143
169
224
133
194
185
98
123
151
110
83
219
106
132
206
154
210
176
181
245
238
234
156
158
135
60
246
82
250
145
150
233
82
150
82
243
201
100 118 208
78
218
246
202
167
154
63
140
152
122
188
143
232
195
135
65
54
194
103
63
58
111
194
66
110
84
90
189
97
170
74
53
146
226
192
232
150
90
139
199
102
231
223
84
69
89
130
95
124
238
63
92
166
139
212
200
187
181
58
93
169
50
216
178
194
62
182
142
103
104
173
152
114
192
85
113
64
60
66
110
109
173
123
62
213
147
241
70
229
64
70
144
185
162
145
62
91
53
77
211
100 166 214
158
195
127
71
93
53
60
51
154
146
199
81
245
192
195
51
197
166
155
91
236
168
174
227
181
96
221
148
202
67
87
120
114
177
227
108
204
118
206
71
111
87
90
106
234
172
172
172
95
190
234
152
170
97
82
167
121
89
165
164
239
90
108
121
147
204
144
159
81
221
217
177
155
117
196
69
186
199
247
139
137
123
180
198
96
80
206
68
126
83
85
168
101
56
138
190
226
93
226
218
100 197 219
114
128
244
79
167
242
182
135
187
181
131
234
186
83
209
54
72
172
200
211
202
128
247
222
220
113
151
239
212
69
221
201
103
230
185
154
93
155
142
172
248
243
203
116
185
234
212
250
88
168
163
98
186
168
120
247
70
174
186
243
104
107
68
202
87
72
199
125
148
196
192
209
237
168
108
79
181
123
104
84
247
153
52
248
55
75
128
81
185
221
121
202
136
125
157
155
162
56
229
116
100 55 216
70
114
87
55
56
212
172
130
177
174
96
179
224
214
126
247
213
170
218
204
70
79
122
122
137
60
186
72
149
197
196
100
220
82
136
101
163
58
82
198
93
77
171
84
110
194
69
140
243
147
164
77
158
156
198
133
123
242
109
104
114
192
226
148
81
77
74
160
119
137
92
157
214
162
138
218
102
53
188
238
155
205
52
236
182
99
107
222
52
212
214
123
245
223
103
78
82
101
209
81
100 99 159
135
172
133
112
249
169
218
130
177
76
192
136
64
146
180
137
248
124
58
159
132
78
102
67
218
60
248
73
106
90
78
250
72
66
56
245
223
162
107
199
118
97
136
53
131
62
57
94
159
250
196
218
125
135
232
218
63
195
84
69
159
81
127
133
103
234
212
109
200
102
209
247
148
52
230
248
156
221
210
52
130
63
86
209
87
215
75
204
90
206
87
180
223
116
221
193
169
197
121
126
100 58 128
224
155
201
58
144
162
186
50
149
144
101
70
76
166
180
202
58
143
208
84
143
233
194
158
91
229
196
55
55
209
222
96
172
53
227
68
215
231
139
88
124
122
172
212
87
96
222
105
207
62
158
208
233
223
137
220
76
125
175
183
78
116
187
50
106
188
116
244
250
241
137
241
183
196
173
105
149
101
63
69
180
110
52
110
133
220
193
215
115
160
85
78
208
245
227
132
209
240
52
163
100 180 182
191
108
161
245
216
118
104
163
139
123
137
131
96
74
161
96
66
171
78
209
50
114
104
62
80
57
99
182
105
237
55
118
118
151
122
163
88
100
169
104
131
80
217
194
143
159
53
198
233
138
73
207
73
232
223
225
163
243
210
173
222
154
54
217
219
232
148
139
106
221
129
83
203
232
98
152
219
189
193
111
50
191
75
116
170
89
69
204
136
242
195
145
51
145
168
78
138
146
240
114
100 163 171
249
238
79
223
77
213
226
244
226
228
92
121
202
85
217
241
196
85
135
232
141
220
133
102
61
106
246
169
193
103
153
91
152
161
106
211
66
86
143
105
230
240
233
234
185
65
64
221
233
219
155
205
211
213
221
188
76
76
107
231
166
222
217
103
62
179
176
248
110
120
115
119
211
185
231
54
114
210
184
65
72
161
155
129
92
81
122
97
174
59
69
149
210
150
89
237
82
87
168
108
100 184 247
56
165
116
59
69
137
176
90
154
116
212
105
181
171
212
169
138
225
134
236
132
128
150
207
68
223
232
183
127
127
180
107
130
71
207
116
237
220
173
197
196
211
65
222
208
92
114
131
174
76
51
149
159
218
104
115
192
165
151
175
249
173
172
93
133
221
109
82
170
191
159
185
135
205
191
169
64
149
57
120
214
131
62
96
61
218
155
156
190
91
104
100
120
83
81
228
220
129
186
196
100 120 135
126
133
82
178
137
220
235
96
83
58
94
54
165
196
178
59
153
58
222
248
217
179
125
188
206
216
94
152
248
74
206
118
216
63
77
121
242
153
168
162
73
156
55
65
90
153
207
198
241
127
154
219
87
131
87
126
76
230
107
149
120
198
190
243
55
245
146
209
82
182
150
184
105
135
96
234
170
208
128
70
111
116
162
112
213
121
133
172
137
220
165
70
69
181
189
110
100
124
231
84
100 69 128
55
128
202
175
70
64
92
192
237
70
244
88
125
196
139
100
171
166
84
184
114
81
52
189
120
207
95
51
139
77
61
138
232
171
65
102
138
75
56
250
172
120
143
85
169
109
201
64
67
225
159
139
142
209
212
125
94
92
73
246
233
139
66
171
121
171
172
98
224
89
152
200
235
140
191
54
105
126
201
128
219
72
105
62
105
104
121
66
189
112
164
204
73
207
91
181
201
173
245
227
100 171 242
83
141
204
163
112
138
173
154
195
101
59
74
88
220
116
63
242
185
173
232
156
189
165
224
189
139
123
155
179
189
219
165
108
73
169
191
84
245
164
138
97
227
159
229
88
96
176
182
216
219
86
86
194
104
102
229
128
113
243
216
192
101
103
129
73
103
229
249
94
55
222
191
112
184
57
119
183
182
62
132
181
193
225
231
101
125
160
167
194
61
226
50
134
53
98
134
141
155
214
202
100 74 110
209
62
72
165
216
237
103
140
66
175
203
199
231
150
149
235
188
162
185
60
77
244
107
57
61
248
174
167
142
53
79
59
76
162
173
133
107
193
233
190
246
186
151
70
147
208
94
126
146
127
50
242
99
119
170
207
83
217
186
198
73
87
225
155
91
125
127
197
129
194
246
126
107
235
145
163
86
243
158
128
60
212
157
149
128
225
112
205
83
115
80
63
185
206
91
249
231
89
112
168
100 173 242
78
203
155
115
155
216
228
87
232
154
183
228
185
173
77
172
88
242
178
173
91
141
233
170
233
236
224
90
214
122
126
165
73
138
213
85
116
167
220
237
231
177
70
173
129
61
151
183
215
199
89
222
182
94
218
59
139
128
218
97
109
207
186
225
130
215
146
144
61
119
109
241
159
101
90
51
198
159
217
238
173
100
158
72
235
93
190
214
161
168
50
143
145
162
98
53
197
250
195
160
100 144 179
90
204
143
153
125
78
231
102
164
219
201
211
156
55
137
221
115
108
172
237
153
105
222
182
163
246
59
201
147
118
149
152
219
185
236
160
64
221
135
224
106
232
201
64
203
196
182
93
128
136
169
230
106
195
86
221
211
113
78
145
241
78
227
133
132
156
158
180
82
95
68
164
61
221
212
69
206
115
72
210
106
102
106
180
221
223
243
149
234
73
57
93
151
59
106
131
102
159
181
228
100 57 83
149
246
91
63
135
184
151
161
233
250
203
112
145
134
134
185
89
173
171
228
165
238
73
236
212
190
217
240
239
206
98
222
63
215
116
220
191
102
59
98
99
190
71
158
188
150
100
214
148
223
230
247
96
183
78
99
147
110
184
153
64
84
91
134
56
77
149
157
210
178
123
227
205
52
178
57
230
230
189
221
103
187
108
54
207
247
86
67
59
195
102
129
159
122
135
69
232
84
66
61
100 164 223
144
231
166
111
246
181
118
127
136
143
148
117
177
97
76
128
250
193
209
237
101
183
113
122
82
177
193
180
142
114
162
182
237
51
204
157
244
106
57
134
238
147
249
221
218
173
216
128
64
176
226
113
231
215
144
202
77
81
244
141
88
238
103
244
189
140
113
140
59
212
55
235
210
211
221
73
154
128
135
214
74
79
120
222
122
249
235
250
88
123
240
225
134
206
70
142
67
215
238
236
100 104 128
111
165
99
87
159
240
196
85
102
65
59
169
207
189
70
127
212
113
118
135
132
94
188
195
212
188
128
196
133
230
177
106
111
241
88
157
153
115
247
200
77
90
156
241
206
243
217
123
184
129
236
247
234
74
83
171
64
248
172
201
108
114
237
173
170
116
231
59
59
186
215
89
160
203
243
164
237
170
114
111
183
51
84
220
80
150
248
182
103
53
210
73
131
100
80
227
184
56
125
139
100 115 227
156
59
122
209
53
250
67
173
108
65
63
183
97
215
51
154
233
207
58
130
173
98
132
177
160
114
220
76
212
206
250
145
226
228
102
134
97
225
197
129
126
148
148
208
212
51
196
78
100
58
199
93
109
85
156
204
131
246
221
215
50
223
203
235
168
190
160
142
114
155
89
188
146
115
106
152
227
103
239
99
101
112
86
128
168
204
212
58
238
161
84
207
145
137
84
82
91
126
69
169
100 157 214
196
62
98
56
66
202
187
115
208
58
230
175
147
50
177
219
112
232
109
237
179
55
76
192
97
119
181
120
160
176
70
77
188
211
92
193
219
139
209
63
159
172
136
181
64
144
143
158
225
71
176
107
118
238
67
125
226
151
158
58
142
79
205
131
120
203
180
83
237
234
227
133
117
50
71
116
125
172
228
143
146
171
107
208
175
75
155
140
221
182
143
203
119
151
183
115
75
136
145
153
100 218 226
231
161
202
202
68
241
159
239
168
174
80
97
122
89
90
62
196
155
52
180
160
56
171
171
177
243
94
139
182
134
155
129
65
188
73
217
232
72
81
65
194
73
219
65
143
167
90
79
228
76
65
90
110
230
99
175
189
225
126
147
182
63
183
121
132
176
157
223
124
76
169
200
177
69
225
54
131
172
59
129
177
238
171
81
133
71
76
115
249
137
185
147
194
232
159
169
242
140
204
155
100 60 170
209
177
159
201
90
242
250
62
236
154
119
189
84
123
219
153
106
195
110
206
157
164
164
152
110
74
60
194
213
130
160
65
110
200
108
57
204
236
215
242
167
175
170
219
166
233
100
155
239
196
235
231
51
170
220
75
61
76
114
107
75
62
222
219
110
166
219
229
82
204
167
89
102
118
138
132
62
85
87
67
98
126
205
63
219
92
50
211
117
243
198
56
211
143
63
198
69
222
101
213
100 134 197
177
196
173
64
162
166
156
244
163
55
230
85
100
240
156
136
184
149
143
192
126
139
195
159
96
161
242
122
213
152
180
85
176
57
106
174
122
57
103
204
101
210
92
244
136
139
139
73
220
75
106
92
159
178
194
201
250
98
128
144
157
169
175
103
74
151
59
91
178
129
71
119
176
88
114
164
114
127
142
63
196
250
176
220
70
125
53
138
206
219
76
108
210
75
225
83
109
180
178
90
100 63 242
184
191
236
91
241
87
184
151
178
100
150
162
121
76
156
218
88
166
202
58
226
90
246
132
66
162
192
80
123
64
181
120
196
211
202
215
123
193
212
202
240
92
104
83
159
132
199
224
211
239
152
187
64
242
146
163
141
154
71
207
172
73
53
84
230
177
245
188
109
175
100
166
126
132
144
233
77
216
193
65
184
91
58
50
140
127
148
182
101
74
88
232
67
53
227
180
120
204
219
119
100 115 128
106
206
132
116
52
153
81
72
102
108
233
112
93
80
63
58
152
162
236
144
94
190
129
108
164
161
99
145
83
160
104
121
167
216
97
94
186
199
68
54
129
144
213
174
193
218
113
76
87
62
201
218
212
157
134
119
65
191
79
110
199
123
128
145
124
232
235
230
57
250
58
212
54
217
241
174
166
142
167
89
78
152
208
160
223
233
114
124
234
218
234
150
62
137
245
233
162
123
162
108
100 92 150
244
134
158
149
218
228
186
130
72
147
175
220
224
236
81
86
55
184
72
221
171
132
111
206
129
82
146
249
118
167
247
77
58
145
208
96
53
142
55
250
190
239
145
192
84
234
212
198
105
55
106
116
175
232
241
158
204
84
176
71
234
93
213
192
88
193
178
247
190
102
200
55
250
204
177
110
170
98
165
144
214
96
234
186
150
139
136
133
194
152
216
164
110
51
60
119
167
191
148
154
100 78 177
108
94
186
245
242
247
82
147
239
76
240
89
164
198
214
125
221
131
238
99
205
195
126
155
93
170
228
231
114
120
206
50
89
220
190
140
182
105
63
225
174
85
71
176
119
175
160
51
149
117
212
230
109
132
104
221
79
61
114
180
98
91
142
181
125
170
169
192
139
103
219
209
164
83
192
125
118
80
100
207
51
190
143
111
56
234
193
132
147
196
233
134
149
141
54
199
106
155
60
69
100 140 222
246
116
197
96
128
199
202
188
209
186
225
84
156
211
250
132
106
140
231
165
95
175
181
184
93
58
174
190
220
100
158
248
119
131
214
232
174
214
122
218
181
185
180
134
116
250
73
232
215
64
214
99
150
95
159
89
241
152
203
112
164
169
104
215
74
180
113
51
213
51
107
190
244
165
92
139
56
241
236
70
194
123
89
136
93
52
103
53
59
52
156
157
239
62
233
50
217
120
183
96
100 89 205
52
245
82
176
73
248
148
135
158
132
235
224
63
226
130
196
152
65
117
94
135
157
156
146
171
136
198
91
214
69
177
203
200
163
80
60
91
69
142
196
84
231
90
60
233
56
109
127
148
206
76
81
229
190
76
246
142
207
59
101
178
250
221
125
192
111
102
124
164
148
164
86
78
221
154
64
147
148
180
163
149
89
196
231
104
102
165
159
204
182
95
108
173
221
218
103
200
94
62
220
100 160 234
250
168
87
86
242
96
150
138
99
247
143
227
181
204
118
185
227
247
196
173
175
59
114
112
179
216
86
81
130
63
245
119
58
84
101
205
128
110
122
149
119
239
81
186
148
114
125
232
236
166
146
155
177
234
181
175
136
69
138
151
204
223
149
217
58
183
61
117
101
100
233
60
221
163
197
208
115
110
205
154
168
219
179
100
125
172
77
225
182
218
248
120
234
156
117
60
52
187
97
201
100 113 165
162
243
140
71
92
90
141
191
77
65
95
63
190
163
184
207
193
158
219
155
137
69
143
89
203
238
50
96
57
107
171
80
111
183
164
101
175
129
207
126
218
204
239
224
154
60
143
69
64
172
217
63
91
208
76
77
107
203
249
250
121
145
229
239
107
187
156
164
54
134
165
225
123
95
128
116
118
168
186
52
166
168
145
161
65
102
239
168
215
84
112
208
82
221
152
84
95
184
241
97
100 80 188
62
73
83
199
213
153
239
75
91
162
184
162
183
127
166
50
53
207
240
148
159
59
197
211
134
101
219
233
223
51
168
233
116
244
133
186
74
204
94
213
173
69
102
192
231
176
79
65
149
103
166
71
230
65
241
108
61
106
99
235
184
231
61
117
143
210
179
50
132
67
108
111
236
178
137
207
89
179
109
142
238
218
145
61
86
94
124
93
157
171
204
63
123
140
97
154
54
92
227
90
100 129 199
67
63
225
224
116
223
51
188
156
132
57
54
128
186
171
202
156
163
197
240
135
241
187
68
78
176
150
113
191
65
116
228
199
229
243
173
117
190
74
66
153
95
196
204
156
103
53
74
221
65
174
124
125
124
198
51
133
130
63
165
118
74
116
111
164
194
115
129
99
202
238
60
230
99
136
56
90
215
178
104
227
144
90
200
179
184
202
171
53
170
159
127
223
84
156
164
177
216
60
150
100 80 212
147
133
195
133
233
68
179
165
62
82
100
188
205
170
60
64
190
112
69
229
164
96
216
109
155
119
193
148
66
224
125
99
191
146
100
217
165
132
130
232
208
141
247
135
87
185
154
74
139
97
131
97
222
99
192
102
73
221
153
141
246
195
116
97
193
156
66
214
143
249
150
198
153
203
213
216
115
64
248
170
181
79
235
59
202
77
111
129
196
218
79
63
70
55
224
218
214
127
154
54
100 89 212
117
52
109
106
126
239
107
205
98
166
117
50
116
202
169
197
235
144
50
174
195
73
112
242
219
62
55
115
115
50
50
232
75
221
133
82
50
231
182
167
177
82
121
76
128
142
143
207
153
87
102
115
201
125
227
221
207
89
215
113
202
249
87
110
50
61
117
229
218
65
114
126
175
130
131
148
138
122
206
78
156
183
171
127
116
130
95
92
110
181
59
188
76
152
236
135
72
131
115
67
100 132 171
243
244
109
155
65
160
96
216
148
80
114
75
152
151
164
93
193
165
138
122
60
174
91
197
138
184
119
78
93
66
74
85
88
73
207
110
97
143
67
117
144
71
98
101
79
220
233
239
192
132
216
249
167
151
73
69
69
127
115
112
52
242
144
103
210
229
168
215
173
207
101
239
133
186
171
114
241
163
174
121
98
203
194
76
127
215
149
90
55
147
242
93
76
91
105
170
153
207
185
163
100 155 245
102
189
209
56
197
75
76
149
110
130
95
210
74
161
222
174
231
103
111
229
175
234
203
155
210
102
207
78
163
58
151
136
95
188
233
192
199
53
146
149
220
123
127
134
102
107
77
57
50
179
187
230
231
132
73
136
139
162
226
162
245
89
87
230
133
123
243
209
145
192
154
248
222
157
163
208
119
174
236
166
94
82
214
105
187
174
137
179
220
80
73
112
90
145
52
90
152
121
117
225
100 56 68
67
189
109
218
239
209
223
237
138
170
75
200
186
250
95
104
53
110
212
200
206
151
163
128
166
220
247
92
66
86
191
191
73
109
105
155
198
236
63
78
194
135
56
131
226
79
173
191
226
74
202
107
86
67
130
77
70
176
188
194
112
119
248
241
237
192
62
248
176
123
79
149
100
132
180
214
103
133
151
79
218
56
76
73
92
103
114
197
130
184
135
158
247
209
229
172
98
156
225
234
100 53 207
199
76
89
100
202
218
99
192
130
57
71
219
144
226
52
62
54
118
112
226
67
136
215
188
101
183
221
92
94
152
242
229
147
130
223
238
175
55
51
112
211
129
186
150
92
140
163
131
195
106
180
52
174
157
105
214
201
238
177
167
122
189
171
157
180
219
103
212
192
180
141
223
170
175
215
188
83
85
134
245
54
119
152
208
138
146
160
182
244
83
183
133
154
206
54
53
234
239
87
71
100 98 160
116
169
54
246
165
215
155
174
99
237
53
86
231
90
109
143
126
211
179
79
85
188
143
125
103
81
120
68
160
183
105
174
68
73
220
197
107
228
138
116
167
170
139
87
146
239
224
69
231
71
224
219
166
82
90
58
132
97
160
202
200
91
203
157
111
209
195
186
228
105
216
111
235
137
201
91
163
231
229
198
185
250
242
108
99
112
185
130
217
207
223
161
97
98
193
178
234
214
237
201
100 136 199
80
146
77
87
163
91
195
227
131
240
88
176
108
148
141
117
110
136
105
233
151
83
57
221
91
193
193
79
187
184
53
55
94
61
132
68
85
202
130
55
115
60
162
105
128
119
211
173
178
204
224
96
218
227
62
108
250
78
54
113
67
127
106
100
172
64
189
192
107
81
115
149
150
50
146
172
186
109
125
200
102
52
230
200
77
162
171
60
117
236
66
100
209
86
234
100
117
204
171
203
100 201 234
81
94
198
89
126
71
227
148
214
96
222
179
123
239
112
190
95
177
82
128
80
74
127
197
230
243
122
123
215
126
98
126
90
56
83
59
168
54
155
75
219
91
210
207
128
160
71
93
87
76
120
186
66
213
138
231
128
215
79
214
112
230
218
101
122
150
81
196
50
56
221
183
230
138
79
104
241
171
156
63
90
175
146
157
195
210
137
76
223
250
202
155
132
80
137
57
52
86
170
193
100 76 217
72
92
173
143
181
87
164
160
191
233
204
144
238
211
239
95
212
174
145
171
101
247
89
175
219
103
53
226
165
130
120
227
227
200
227
154
72
156
83
162
161
175
242
219
115
175
244
193
116
202
232
180
136
148
85
205
155
114
51
65
249
201
64
150
101
114
167
206
107
249
236
161
208
103
218
173
146
92
177
126
213
116
215
69
54
202
137
124
197
100
54
136
96
239
250
192
243
81
53
96
100 71 152
239
171
67
103
204
169
230
222
89
215
152
144
214
135
239
106
143
171
177
193
63
222
126
180
83
84
134
53
99
242
245
249
59
72
226
186
115
51
212
117
116
239
201
250
186
215
93
163
196
148
207
127
248
107
123
226
81
131
226
203
148
197
244
131
148
154
109
109
156
197
184
145
244
136
190
205
70
247
51
166
178
58
206
63
158
171
220
135
193
203
124
206
67
83
162
142
108
115
64
60
100 54 223
77
87
140
159
109
191
206
77
87
149
160
204
127
134
180
232
237
203
228
189
108
192
77
246
117
248
207
229
237
188
74
217
128
119
141
71
152
232
194
69
89
59
99
121
202
115
128
120
196
214
102
77
202
189
50
141
63
228
128
69
242
63
226
180
185
235
192
250
174
94
95
234
117
110
203
171
248
247
141
58
224
119
133
160
224
119
75
136
115
240
210
246
60
141
196
114
123
191
110
173
100 89 148
80
169
50
226
175
56
203
60
88
203
174
77
112
201
109
237
165
84
72
128
81
223
83
141
186
85
126
159
135
167
130
238
125
66
241
108
84
141
194
207
250
160
88
130
228
179
215
101
74
159
75
146
66
157
244
150
196
73
153
186
146
214
76
58
227
236
110
107
50
73
166
108
118
207
163
122
126
79
206
178
225
115
62
159
100
233
185
168
193
229
198
210
213
132
72
243
231
162
83
133
100 173 221
148
213
242
95
145
190
115
212
177
143
198
187
83
208
129
226
128
75
120
195
56
152
229
102
154
96
231
144
246
153
79
79
198
160
77
133
154
154
64
223
141
151
200
166
147
155
152
180
81
61
217
250
99
122
242
149
225
153
215
250
95
207
162
239
93
227
71
193
166
138
167
86
78
70
204
157
233
108
127
217
117
247
150
133
169
72
65
248
163
95
181
112
58
216
215
164
112
137
84
204
100 96 182
140
107
245
89
60
96
226
210
88
72
197
160
120
137
93
158
134
143
92
232
232
124
247
117
242
138
190
141
108
228
183
140
235
239
87
83
93
202
166
223
178
212
56
198
125
84
74
149
222
202
138
236
195
70
162
91
161
227
167
225
55
53
243
149
77
150
197
124
133
234
96
85
54
62
131
86
168
202
139
125
170
176
60
85
79
52
108
52
108
115
195
248
203
197
88
158
178
159
56
201
100 57 78
248
150
69
248
188
94
236
86
218
152
127
233
102
180
148
95
66
189
143
204
64
192
207
87
123
248
71
235
181
80
150
218
97
184
162
142
187
225
69
164
193
107
236
82
50
198
113
56
242
246
213
91
162
116
88
170
70
126
144
187
114
122
173
66
129
178
216
70
135
55
183
52
83
120
89
171
70
155
239
242
119
118
101
135
171
164
61
78
230
230
147
138
119
147
139
95
124
209
178
231
100 54 164
218
156
203
222
119
248
108
121
101
89
227
133
115
97
238
146
221
114
187
241
120
133
224
190
90
83
66
151
161
115
111
197
53
235
100
227
240
138
238
165
237
205
230
139
62
233
169
161
143
83
191
113
127
158
119
242
239
62
55
84
57
68
55
229
87
114
73
206
218
140
130
150
197
150
96
113
161
72
116
246
62
239
213
119
84
67
124
132
232
134
131
74
95
110
230
131
182
82
123
198
100 79 214
214
190
85
50
207
131
165
182
77
66
159
221
191
228
240
165
167
238
146
73
107
116
120
105
112
62
238
153
181
70
97
109
181
100
126
154
118
170
236
61
91
69
72
119
240
180
97
171
97
206
69
177
113
239
188
136
187
180
115
56
175
130
178
87
161
116
135
119
87
211
230
200
166
86
220
126
104
107
199
185
221
84
172
232
150
67
142
205
229
173
112
157
154
177
132
164
69
146
84
119
100 94 180
55
102
94
222
182
171
200
110
190
88
87
80
241
140
209
51
101
239
98
183
210
62
205
92
172
132
77
67
163
53
108
152
121
116
64
90
193
100
91
236
111
225
177
111
180
87
240
232
122
95
73
182
163
111
152
71
111
134
131
164
172
181
135
154
218
174
147
184
243
176
64
225
52
178
151
173
83
58
128
190
89
200
120
147
186
75
87
131
158
74
128
206
105
161
219
236
213
151
98
60
100 50 62
128
156
122
161
232
180
159
219
218
102
101
177
215
246
121
142
138
86
211
63
223
175
244
167
141
241
77
224
139
246
125
157
77
124
139
110
213
237
128
162
177
89
207
126
104
118
105
198
139
69
170
187
119
168
98
216
75
99
120
55
92
223
68
85
159
248
76
117
125
87
175
55
228
114
236
190
170
76
117
242
110
146
128
154
88
100
232
186
150
90
132
217
133
163
117
86
233
164
199
69
100 149 188
80
171
87
238
198
173
176
56
61
99
67
155
80
236
181
164
179
85
155
191
169
204
221
183
134
210
95
236
126
58
250
86
80
217
55
201
59
82
61
177
67
124
212
112
165
84
233
172
181
62
162
86
130
216
70
247
59
148
70
60
94
68
114
65
244
104
142
181
245
123
129
225
68
105
81
234
246
166
178
197
208
248
142
211
202
71
241
113
218
172
199
86
247
71
156
233
196
99
208
96
100 243 250
215
129
143
101
139
190
94
208
79
77
115
228
158
135
218
50
182
166
106
236
87
213
231
131
106
242
246
151
174
53
112
102
85
178
160
243
174
124
66
109
97
77
217
166
66
57
105
84
239
119
67
218
229
116
60
187
172
235
90
100
168
179
97
167
178
98
123
95
202
87
148
133
151
208
229
94
241
130
200
200
212
72
248
143
109
55
219
135
127
217
74
189
54
187
184
86
85
98
94
146
100 119 192
125
187
73
190
161
109
189
179
234
109
201
139
222
218
132
85
183
169
91
164
93
73
180
111
245
167
211
197
66
133
77
205
156
175
237
83
225
95
228
90
223
57
67
125
154
159
128
72
216
138
204
129
206
246
90
56
52
124
177
101
204
185
133
230
138
97
143
177
239
202
117
220
181
213
230
102
219
139
200
206
250
192
116
248
126
168
104
199
191
213
57
149
88
128
145
177
182
85
121
216
100 110 166
61
94
223
220
188
167
225
144
136
201
138
201
87
55
166
51
60
163
155
213
191
175
247
240
228
122
223
132
138
173
138
76
111
184
140
237
117
70
81
225
79
57
239
95
128
110
188
176
63
148
234
224
183
176
232
85
186
189
237
236
223
168
204
202
157
193
202
225
71
61
128
167
201
189
175
119
110
205
50
120
134
182
169
150
202
82
207
56
169
237
90
226
52
146
160
137
105
144
131
50
100 107 182
73
209
208
215
84
71
133
179
80
244
241
232
232
105
190
99
126
112
134
54
127
203
156
81
72
76
206
180
199
161
65
116
227
245
110
130
178
174
91
134
238
71
124
125
219
81
203
65
199
115
137
138
182
224
67
193
103
128
151
222
159
78
90
193
166
94
113
89
104
184
89
246
174
132
71
111
222
167
241
138
184
207
52
113
80
51
62
140
135
85
86
164
142
175
111
125
99
222
215
64
100 95 207
84
86
223
223
63
52
91
142
137
200
97
158
210
124
197
79
174
200
68
151
225
208
212
103
63
119
159
160
198
139
244
56
123
207
84
148
125
207
187
56
73
81
72
93
114
136
143
86
109
102
222
139
121
238
52
113
100
157
151
104
61
57
166
109
158
249
169
166
168
97
140
232
189
248
80
78
61
93
161
199
217
121
100
104
105
199
197
193
118
73
123
213
153
108
145
92
95
170
222
169
100 221 247
83
213
153
190
98
113
70
219
250
57
80
70
148
239
62
222
74
193
104
82
111
208
60
189
182
179
131
249
186
104
173
103
130
197
187
108
108
156
99
78
165
84
106
155
216
99
164
209
155
95
233
233
100
222
64
225
74
150
170
249
100
229
103
69
98
230
212
65
196
62
92
60
97
122
169
104
124
147
112
180
127
155
225
184
197
55
232
106
62
67
232
134
67
168
153
164
218
126
102
135
