706
1928
2045
4052
7183
2022
4076
5873
9934
5409
131
1294
6519
2292
9959
4005
905
1005
9740
5653
1929
6459
5156
668
7429
1191
8861
3610
4860
3517
7271
1251
6000
7544
7174
191
8497
7660
3259
809
3184
9144
802
7672
5331
920
4368
9377
1709
3322
5805
9403
386
2962
1914
287
9595
7202
3733
5353
7668
1938
6025
5493
3516
3875
9858
5392
5805
5553
7667
5054
3289
6163
2477
1298
1917
7573
6307
3428
7527
9532
2162
6967
3109
2271
7406
1751
8725
6965
427
6137
9083
9374
8025
3988
1787
8031
1955
8650
6746
33
8186
7584
7862
1747
9019
7227
8047
6097
42
1893
8092
9624
3353
5930
8312
458
4695
1299
3544
8871
3680
1271
5647
2360
8789
9833
8362
9342
3840
5751
8692
6595
4698
5385
3967
6172
1634
7488
2312
6281
6558
2496
3241
6587
9870
1104
2177
9738
4570
5333
5353
4361
6184
4474
8928
3288
775
2312
7699
358
4459
6728
6117
6680
2886
2360
9881
35
5299
4978
6455
7071
5058
3890
326
8162
7930
28
4057
32
1900
5397
2403
7111
1071
1114
9374
3242
5820
4612
5597
7967
2820
8894
5801
8200
9835
5759
7617
1440
4528
2078
9470
7332
8173
3225
30
4928
3560
9690
2041
8192
9678
8195
932
3458
3469
1131
3776
1992
5529
5785
540
7591
1970
2663
7655
3148
4262
2970
1595
9932
8752
3749
6170
1805
2855
7546
1568
3536
3769
630
9393
5637
5383
7845
7304
2679
7927
7652
1276
220
605
1028
2973
83
925
5959
6071
3346
3798
6528
5351
8876
1352
9585
2310
3626
9623
8606
8541
8321
3100
3282
5930
1194
1617
2164
7165
154
3632
6128
5084
3626
6785
319
6493
5357
2170
1006
4176
3690
5666
6109
5990
141
4881
2717
4728
72
2395
7502
7273
8749
9122
3095
3348
3555
4444
3580
8885
6088
2238
1094
9149
1970
9348
7961
5366
4085
9584
381
2394
9565
1573
5370
748
8871
7119
3763
6173
5914
7793
6066
8067
5671
2933
3452
2962
4274
8412
8066
6997
2601
1988
2325
8477
9567
5906
2599
9924
923
3410
9445
6542
6025
8292
9632
668
3
2666
7948
900
3902
7072
3767
5241
3850
1614
2403
8978
1467
9885
8752
6408
2670
1742
2210
1562
2183
6059
5223
1522
618
3814
8108
7905
9638
6998
7651
5011
1655
4267
8920
7090
999
5268
707
7765
6196
1458
4532
6741
3636
7902
5520
7926
5430
7741
5931
3929
6540
4615
8856
8742
3006
3662
1112
8511
9635
5790
909
1643
938
2197
6471
401
1775
2222
9421
6593
3386
7814
7893
4708
2934
6192
1045
1977
8960
7746
3915
206
8808
8375
6782
2861
6259
6733
424
2229
299
2803
7556
9454
5773
6395
3056
8716
4560
5284
89
5087
7036
3978
3649
214
2284
5708
7509
2703
3520
910
1046
3734
6275
2592
7823
9459
9892
5242
8081
2471
8007
2346
1724
8069
8540
2982
2855
2853
4128
4141
634
9487
8564
5203
49
237
567
5623
8463
1038
1499
1130
1224
1821
5398
7323
9054
4308
6026
6115
6433
2146
1615
3415
2682
7191
3079
7849
726
2743
2659
1496
760
1856
8336
5669
8703
7288
3675
5708
3360
423
6958
8045
600
9134
8386
540
8190
9504
5777
9383
9073
2502
8192
768
1016
8368
4326
3259
6244
5564
7063
3051
745
2326
3615
7767
599
4769
7637
4905
1462
4085
155
2805
7275
5633
5310
5760
4846
4601
2601
9486
9559
3131
6827
6028
8862
5690
5270
3248
4713
5526
7633
2808
156
9110
936
1469
3028
946
1884
4618
2517
7686
8145
1893
5771
3076
4400
4496
5718
1441
8111
2636
2282
4469
3557
2992
6192
7281
4283
3856
7949
5283
4528
3095
9436
9220
7198
3052
6221
4309
2610
4526
6577
3691
9939
5629
4144
361
8899
2683
9911
8462
1327
7213
2609
7451
9036
734
7891
3436
1596
5385
708
1608
7966
136
9557
1529
5408
2094
341
6644
8657
1883
9837
6648
1903
8812
3911
7431
7744
9444
4912
543
9869
8100
1829
7276
5776
8391
3758
1217
6954
4557
5681
9342
4466
840
9908
8148
481
3875
9217
1113
6486
6155
3485
2362
2381
18
3595
2334
2428
5479
5762
5634
2834
2601
582
2229
3577
1169
5106
7263
2829
5093
9969
3841
635
9728
6262
58
8780
6514
8311
5888
9097
6799
9596
9316
4311
9217
6976
2089
639
2070
4319
939
5985
6186
4058
1113
6943
2857
6554
6286
6855
2325
3589
4542
172
1174
252
5762
9745
5885
703
8840
9293
9010
6484
719
8183
85
8963
1425
4409
264
2312
2472
7976
580
1249
556
5795
394
2542
2212
1246
4499
2195
1563
7403
4784
114
2863
6767
5984
317
3402
4909
4821
567
6164
940
1532
5242
266
6708
5051
2193
1272
6787
4905
1976
8854
6350
1900
1071
4741
2627
2729
5015
2244
7470
1272
1437
1329
7925
8537
888
5138
2355
7170
553
3117
648
9718
2561
6707
973
122
9822
9574
9727
3836
7886
3391
3451
3564
6229
5392
7839
9135
7044
1890
7753
4176
9026
1271
2517
195
390
6908
7383
7507
1561
648
6656
8143
8656
2917
1874
4301
8678
8692
1480
3022
9461
62
8580
1765
5573
651
6975
3139
8285
1949
7156
4984
3377
1812
2326
2490
710
4425
6312
9803
5213
6996
7531
144
302
5522
4712
9766
2588
6453
3702
5587
6721
7617
2869
3472
2140
5680
2564
4706
7645
4609
2599
7523
8543
6945
6589
9711
609
1121
8310
4159
4805
3174
9124
8292
1633
9441
1478
7769
6960
1480
2446
1114
7481
2875
4432
1610
134
3452
2626
2343
2206
1029
1449
3101
7684
8723
5141
2193
4010
6834
6649
6
1103
2900
920
7578
1438
8928
8644
5201
3094
2586
8640
4484
9994
740
2094
8926
9387
4169
4221
6669
283
7438
9199
7142
458
6981
7429
7303
9197
6648
1453
3591
2701
4064
7583
4465
7761
2081
1539
6885
5492
7554
4726
3961
3970
2101
4935
5905
8907
