707
709
711
713
715
717
1929
1931
1933
1935
1937
1939
2045
2047
2049
2051
2053
2055
4053
4055
4057
4059
4061
4063
7183
7185
7187
7189
7191
7193
2023
2025
2027
2029
2031
2033
4077
4079
4081
4083
4085
4087
5873
5875
5877
5879
5881
5883
9935
9937
9939
9941
9943
9945
5409
5411
5413
5415
5417
5419
131
133
135
137
139
141
1295
1297
1299
1301
1303
1305
6519
6521
6523
6525
6527
6529
2293
2295
2297
2299
2301
2303
9959
9961
9963
9965
9967
9969
4005
4007
4009
4011
4013
4015
905
907
909
911
913
915
1005
1007
1009
1011
1013
1015
9741
9743
9745
9747
9749
9751
5653
5655
5657
5659
5661
5663
1929
1931
1933
1935
1937
1939
6459
6461
6463
6465
6467
6469
5157
5159
5161
5163
5165
5167
669
671
673
675
677
679
7429
7431
7433
7435
7437
7439
1191
1193
1195
1197
1199
1201
8861
8863
8865
8867
8869
8871
3611
3613
3615
3617
3619
3621
4861
4863
4865
4867
4869
4871
3517
3519
3521
3523
3525
3527
7271
7273
7275
7277
7279
7281
1251
1253
1255
1257
1259
1261
6001
6003
6005
6007
6009
6011
7545
7547
7549
7551
7553
7555
7175
7177
7179
7181
7183
7185
191
193
195
197
199
201
8497
8499
8501
8503
8505
8507
7661
7663
7665
7667
7669
7671
3259
3261
3263
3265
3267
3269
809
811
813
815
817
819
3185
3187
3189
3191
3193
3195
9145
9147
9149
9151
9153
9155
803
805
807
809
811
813
7673
7675
7677
7679
7681
7683
5331
5333
5335
5337
5339
5341
921
923
925
927
929
931
4369
4371
4373
4375
4377
4379
9377
9379
9381
9383
9385
9387
1709
1711
1713
1715
1717
1719
3323
3325
3327
3329
3331
3333
5805
5807
5809
5811
5813
5815
9403
9405
9407
9409
9411
9413
387
389
391
393
395
397
2963
2965
2967
2969
2971
2973
1915
1917
1919
1921
1923
1925
287
289
291
293
295
297
9595
9597
9599
9601
9603
9605
7203
7205
7207
7209
7211
7213
3733
3735
3737
3739
3741
3743
5353
5355
5357
5359
5361
5363
7669
7671
7673
7675
7677
7679
1939
1941
1943
1945
1947
1949
6025
6027
6029
6031
6033
6035
5493
5495
5497
5499
5501
5503
3517
3519
3521
3523
3525
3527
3875
3877
3879
3881
3883
3885
9859
9861
9863
9865
9867
9869
5393
5395
5397
5399
5401
5403
5805
5807
5809
5811
5813
5815
5553
5555
5557
5559
5561
5563
7667
7669
7671
7673
7675
7677
5055
5057
5059
5061
5063
5065
3289
3291
3293
3295
3297
3299
6163
6165
6167
6169
6171
6173
2477
2479
2481
2483
2485
2487
1299
1301
1303
1305
1307
1309
1917
1919
1921
1923
1925
1927
7573
7575
7577
7579
7581
7583
6307
6309
6311
6313
6315
6317
3429
3431
3433
3435
3437
3439
7527
7529
7531
7533
7535
7537
9533
9535
9537
9539
9541
9543
2163
2165
2167
2169
2171
2173
6967
6969
6971
6973
6975
6977
3109
3111
3113
3115
3117
3119
2271
2273
2275
2277
2279
2281
7407
7409
7411
7413
7415
7417
1751
1753
1755
1757
1759
1761
8725
8727
8729
8731
8733
8735
6965
6967
6969
6971
6973
6975
427
429
431
433
435
437
6137
6139
6141
6143
6145
6147
9083
9085
9087
9089
9091
9093
9375
9377
9379
9381
9383
9385
8025
8027
8029
8031
8033
8035
3989
3991
3993
3995
3997
3999
1787
1789
1791
1793
1795
1797
8031
8033
8035
8037
8039
8041
1955
1957
1959
1961
1963
1965
8651
8653
8655
8657
8659
8661
6747
6749
6751
6753
6755
6757
33
35
37
39
41
43
8187
8189
8191
8193
8195
8197
7585
7587
7589
7591
7593
7595
7863
7865
7867
7869
7871
7873
1747
1749
1751
1753
1755
1757
9019
9021
9023
9025
9027
9029
7227
7229
7231
7233
7235
7237
8047
8049
8051
8053
8055
8057
6097
6099
6101
6103
6105
6107
43
45
47
49
51
53
1893
1895
1897
1899
1901
1903
8093
8095
8097
8099
8101
8103
9625
9627
9629
9631
9633
9635
3353
3355
3357
3359
3361
3363
5931
5933
5935
5937
5939
5941
8313
8315
8317
8319
8321
8323
459
461
463
465
467
469
4695
4697
4699
4701
4703
4705
1299
1301
1303
1305
1307
1309
3545
3547
3549
3551
3553
3555
8871
8873
8875
8877
8879
8881
3681
3683
3685
3687
3689
3691
1271
1273
1275
1277
1279
1281
5647
5649
5651
5653
5655
5657
2361
2363
2365
2367
2369
2371
8789
8791
8793
8795
8797
8799
9833
9835
9837
9839
9841
9843
8363
8365
8367
8369
8371
8373
9343
9345
9347
9349
9351
9353
3841
3843
3845
3847
3849
3851
5751
5753
5755
5757
5759
5761
8693
8695
8697
8699
8701
8703
6595
6597
6599
6601
6603
6605
4699
4701
4703
4705
4707
4709
5385
5387
5389
5391
5393
5395
3967
3969
3971
3973
3975
3977
6173
6175
6177
6179
6181
6183
1635
1637
1639
1641
1643
1645
7489
7491
7493
7495
7497
7499
2313
2315
2317
2319
2321
2323
6281
6283
6285
6287
6289
6291
6559
6561
6563
6565
6567
6569
2497
2499
2501
2503
2505
2507
3241
3243
3245
3247
3249
3251
6587
6589
6591
6593
6595
6597
9871
9873
9875
9877
9879
9881
1105
1107
1109
1111
1113
1115
2177
2179
2181
2183
2185
2187
9739
9741
9743
9745
9747
9749
4571
4573
4575
4577
4579
4581
5333
5335
5337
5339
5341
5343
5353
5355
5357
5359
5361
5363
4361
4363
4365
4367
4369
4371
6185
6187
6189
6191
6193
6195
4475
4477
4479
4481
4483
4485
8929
8931
8933
8935
8937
8939
3289
3291
3293
3295
3297
3299
775
777
779
781
783
785
2313
2315
2317
2319
2321
2323
7699
7701
7703
7705
7707
7709
359
361
363
365
367
369
4459
4461
4463
4465
4467
4469
6729
6731
6733
6735
6737
6739
6117
6119
6121
6123
6125
6127
6681
6683
6685
6687
6689
6691
2887
2889
2891
2893
2895
2897
2361
2363
2365
2367
2369
2371
9881
9883
9885
9887
9889
9891
35
37
39
41
43
45
5299
5301
5303
5305
5307
5309
4979
4981
4983
4985
4987
4989
6455
6457
6459
6461
6463
6465
7071
7073
7075
7077
7079
7081
5059
5061
5063
5065
5067
5069
3891
3893
3895
3897
3899
3901
327
329
331
333
335
337
8163
8165
8167
8169
8171
8173
7931
7933
7935
7937
7939
7941
29
31
33
35
37
39
4057
4059
4061
4063
4065
4067
33
35
37
39
41
43
1901
1903
1905
1907
1909
1911
5397
5399
5401
5403
5405
5407
2403
2405
2407
2409
2411
2413
7111
7113
7115
7117
7119
7121
1071
1073
1075
1077
1079
1081
1115
1117
1119
1121
1123
1125
9375
9377
9379
9381
9383
9385
3243
3245
3247
3249
3251
3253
5821
5823
5825
5827
5829
5831
4613
4615
4617
4619
4621
4623
5597
5599
5601
5603
5605
5607
7967
7969
7971
7973
7975
7977
2821
2823
2825
2827
2829
2831
8895
8897
8899
8901
8903
8905
5801
5803
5805
5807
5809
5811
8201
8203
8205
8207
8209
8211
9835
9837
9839
9841
9843
9845
5759
5761
5763
5765
5767
5769
7617
7619
7621
7623
7625
7627
1441
1443
1445
1447
1449
1451
4529
4531
4533
4535
4537
4539
2079
2081
2083
2085
2087
2089
9471
9473
9475
9477
9479
9481
7333
7335
7337
7339
7341
7343
8173
8175
8177
8179
8181
8183
3225
3227
3229
3231
3233
3235
31
33
35
37
39
41
4929
4931
4933
4935
4937
4939
3561
3563
3565
3567
3569
3571
9691
9693
9695
9697
9699
9701
2041
2043
2045
2047
2049
2051
8193
8195
8197
8199
8201
8203
9679
9681
9683
9685
9687
9689
8195
8197
8199
8201
8203
8205
933
935
937
939
941
943
3459
3461
3463
3465
3467
3469
3469
3471
3473
3475
3477
3479
1131
1133
1135
1137
1139
1141
3777
3779
3781
3783
3785
3787
1993
1995
1997
1999
2001
2003
5529
5531
5533
5535
5537
5539
5785
5787
5789
5791
5793
5795
541
543
545
547
549
551
7591
7593
7595
7597
7599
7601
1971
1973
1975
1977
1979
1981
2663
2665
2667
2669
2671
2673
7655
7657
7659
7661
7663
7665
3149
3151
3153
3155
3157
3159
4263
4265
4267
4269
4271
4273
2971
2973
2975
2977
2979
2981
1595
1597
1599
1601
1603
1605
9933
9935
9937
9939
9941
9943
8753
8755
8757
8759
8761
8763
3749
3751
3753
3755
3757
3759
6171
6173
6175
6177
6179
6181
1805
1807
1809
1811
1813
1815
2855
2857
2859
2861
2863
2865
7547
7549
7551
7553
7555
7557
1569
1571
1573
1575
1577
1579
3537
3539
3541
3543
3545
3547
3769
3771
3773
3775
3777
3779
631
633
635
637
639
641
9393
9395
9397
9399
9401
9403
5637
5639
5641
5643
5645
5647
5383
5385
5387
5389
5391
5393
7845
7847
7849
7851
7853
7855
7305
7307
7309
7311
7313
7315
2679
2681
2683
2685
2687
2689
7927
7929
7931
7933
7935
7937
7653
7655
7657
7659
7661
7663
1277
1279
1281
1283
1285
1287
221
223
225
227
229
231
605
607
609
611
613
615
1029
1031
1033
1035
1037
1039
2973
2975
2977
2979
2981
2983
83
85
87
89
91
93
925
927
929
931
933
935
5959
5961
5963
5965
5967
5969
6071
6073
6075
6077
6079
6081
3347
3349
3351
3353
3355
3357
3799
3801
3803
3805
3807
3809
6529
6531
6533
6535
6537
6539
5351
5353
5355
5357
5359
5361
8877
8879
8881
8883
8885
8887
1353
1355
1357
1359
1361
1363
9585
9587
9589
9591
9593
9595
2311
2313
2315
2317
2319
2321
3627
3629
3631
3633
3635
3637
9623
9625
9627
9629
9631
9633
8607
8609
8611
8613
8615
8617
8541
8543
8545
8547
8549
8551
8321
8323
8325
8327
8329
8331
3101
3103
3105
3107
3109
3111
3283
3285
3287
3289
3291
3293
5931
5933
5935
5937
5939
5941
1195
1197
1199
1201
1203
1205
1617
1619
1621
1623
1625
1627
2165
2167
2169
2171
2173
2175
7165
7167
7169
7171
7173
7175
155
157
159
161
163
165
3633
3635
3637
3639
3641
3643
6129
6131
6133
6135
6137
6139
5085
5087
5089
5091
5093
5095
3627
3629
3631
3633
3635
3637
6785
6787
6789
6791
6793
6795
319
321
323
325
327
329
6493
6495
6497
6499
6501
6503
5357
5359
5361
5363
5365
5367
2171
2173
2175
2177
2179
2181
1007
1009
1011
1013
1015
1017
4177
4179
4181
4183
4185
4187
3691
3693
3695
3697
3699
3701
5667
5669
5671
5673
5675
5677
6109
6111
6113
6115
6117
6119
5991
5993
5995
5997
5999
6001
141
143
145
147
149
151
4881
4883
4885
4887
4889
4891
2717
2719
2721
2723
2725
2727
4729
4731
4733
4735
4737
4739
73
75
77
79
81
83
2395
2397
2399
2401
2403
2405
7503
7505
7507
7509
7511
7513
7273
7275
7277
7279
7281
7283
8749
8751
8753
8755
8757
8759
9123
9125
9127
9129
9131
9133
3095
3097
3099
3101
3103
3105
3349
3351
3353
3355
3357
3359
3555
3557
3559
3561
3563
3565
4445
4447
4449
4451
4453
4455
3581
3583
3585
3587
3589
3591
8885
8887
8889
8891
8893
8895
6089
6091
6093
6095
6097
6099
2239
2241
2243
2245
2247
2249
1095
1097
1099
1101
1103
1105
9149
9151
9153
9155
9157
9159
1971
1973
1975
1977
1979
1981
9349
9351
9353
9355
9357
9359
7961
7963
7965
7967
7969
7971
5367
5369
5371
5373
5375
5377
4085
4087
4089
4091
4093
4095
9585
9587
9589
9591
9593
9595
381
383
385
387
389
391
2395
2397
2399
2401
2403
2405
9565
9567
9569
9571
9573
9575
1573
1575
1577
1579
1581
1583
5371
5373
5375
5377
5379
5381
749
751
753
755
757
759
8871
8873
8875
8877
8879
8881
7119
7121
7123
7125
7127
7129
3763
3765
3767
3769
3771
3773
6173
6175
6177
6179
6181
6183
5915
5917
5919
5921
5923
5925
7793
7795
7797
7799
7801
7803
6067
6069
6071
6073
6075
6077
8067
8069
8071
8073
8075
8077
5671
5673
5675
5677
5679
5681
2933
2935
2937
2939
2941
2943
3453
3455
3457
3459
3461
3463
2963
2965
2967
2969
2971
2973
4275
4277
4279
4281
4283
4285
8413
8415
8417
8419
8421
8423
8067
8069
8071
8073
8075
8077
6997
6999
7001
7003
7005
7007
2601
2603
2605
2607
2609
2611
1989
1991
1993
1995
1997
1999
2325
2327
2329
2331
2333
2335
8477
8479
8481
8483
8485
8487
9567
9569
9571
9573
9575
9577
5907
5909
5911
5913
5915
5917
2599
2601
2603
2605
2607
2609
9925
9927
9929
9931
9933
9935
923
925
927
929
931
933
3411
3413
3415
3417
3419
3421
9445
9447
9449
9451
9453
9455
6543
6545
6547
6549
6551
6553
6025
6027
6029
6031
6033
6035
8293
8295
8297
8299
8301
8303
9633
9635
9637
9639
9641
9643
669
671
673
675
677
679
3
5
7
9
11
13
2667
2669
2671
2673
2675
2677
7949
7951
7953
7955
7957
7959
901
903
905
907
909
911
3903
3905
3907
3909
3911
3913
7073
7075
7077
7079
7081
7083
3767
3769
3771
3773
3775
3777
5241
5243
5245
5247
5249
5251
3851
3853
3855
3857
3859
3861
1615
1617
1619
1621
1623
1625
2403
2405
2407
2409
2411
2413
8979
8981
8983
8985
8987
8989
1467
1469
1471
1473
1475
1477
9885
9887
9889
9891
9893
9895
8753
8755
8757
8759
8761
8763
6409
6411
6413
6415
6417
6419
2671
2673
2675
2677
2679
2681
1743
1745
1747
1749
1751
1753
2211
2213
2215
2217
2219
2221
1563
1565
1567
1569
1571
1573
2183
2185
2187
2189
2191
2193
6059
6061
6063
6065
6067
6069
5223
5225
5227
5229
5231
5233
1523
1525
1527
1529
1531
1533
619
621
623
625
627
629
3815
3817
3819
3821
3823
3825
8109
8111
8113
8115
8117
8119
7905
7907
7909
7911
7913
7915
9639
9641
9643
9645
9647
9649
6999
7001
7003
7005
7007
7009
7651
7653
7655
7657
7659
7661
5011
5013
5015
5017
5019
5021
1655
1657
1659
1661
1663
1665
4267
4269
4271
4273
4275
4277
8921
8923
8925
8927
8929
8931
7091
7093
7095
7097
7099
7101
999
1001
1003
1005
1007
1009
5269
5271
5273
5275
5277
5279
707
709
711
713
715
717
7765
7767
7769
7771
7773
7775
6197
6199
6201
6203
6205
6207
1459
1461
1463
1465
1467
1469
4533
4535
4537
4539
4541
4543
6741
6743
6745
6747
6749
6751
3637
3639
3641
3643
3645
3647
7903
7905
7907
7909
7911
7913
5521
5523
5525
5527
5529
5531
7927
7929
7931
7933
7935
7937
5431
5433
5435
5437
5439
5441
7741
7743
7745
7747
7749
7751
5931
5933
5935
5937
5939
5941
3929
3931
3933
3935
3937
3939
6541
6543
6545
6547
6549
6551
4615
4617
4619
4621
4623
4625
8857
8859
8861
8863
8865
8867
8743
8745
8747
8749
8751
8753
3007
3009
3011
3013
3015
3017
3663
3665
3667
3669
3671
3673
1113
1115
1117
1119
1121
1123
8511
8513
8515
8517
8519
8521
9635
9637
9639
9641
9643
9645
5791
5793
5795
5797
5799
5801
909
911
913
915
917
919
1643
1645
1647
1649
1651
1653
939
941
943
945
947
949
2197
2199
2201
2203
2205
2207
6471
6473
6475
6477
6479
6481
401
403
405
407
409
411
1775
1777
1779
1781
1783
1785
2223
2225
2227
2229
2231
2233
9421
9423
9425
9427
9429
9431
6593
6595
6597
6599
6601
6603
3387
3389
3391
3393
3395
3397
7815
7817
7819
7821
7823
7825
7893
7895
7897
7899
7901
7903
4709
4711
4713
4715
4717
4719
2935
2937
2939
2941
2943
2945
6193
6195
6197
6199
6201
6203
1045
1047
1049
1051
1053
1055
1977
1979
1981
1983
1985
1987
8961
8963
8965
8967
8969
8971
7747
7749
7751
7753
7755
7757
3915
3917
3919
3921
3923
3925
207
209
211
213
215
217
8809
8811
8813
8815
8817
8819
8375
8377
8379
8381
8383
8385
6783
6785
6787
6789
6791
6793
2861
2863
2865
2867
2869
2871
6259
6261
6263
6265
6267
6269
6733
6735
6737
6739
6741
6743
425
427
429
431
433
435
2229
2231
2233
2235
2237
2239
299
301
303
305
307
309
2803
2805
2807
2809
2811
2813
7557
7559
7561
7563
7565
7567
9455
9457
9459
9461
9463
9465
5773
5775
5777
5779
5781
5783
6395
6397
6399
6401
6403
6405
3057
3059
3061
3063
3065
3067
8717
8719
8721
8723
8725
8727
4561
4563
4565
4567
4569
4571
5285
5287
5289
5291
5293
5295
89
91
93
95
97
99
5087
5089
5091
5093
5095
5097
7037
7039
7041
7043
7045
7047
3979
3981
3983
3985
3987
3989
3649
3651
3653
3655
3657
3659
215
217
219
221
223
225
2285
2287
2289
2291
2293
2295
5709
5711
5713
5715
5717
5719
7509
7511
7513
7515
7517
7519
2703
2705
2707
2709
2711
2713
3521
3523
3525
3527
3529
3531
911
913
915
917
919
921
1047
1049
1051
1053
1055
1057
3735
3737
3739
3741
3743
3745
6275
6277
6279
6281
6283
6285
2593
2595
2597
2599
2601
2603
7823
7825
7827
7829
7831
7833
9459
9461
9463
9465
9467
9469
9893
9895
9897
9899
9901
9903
5243
5245
5247
5249
5251
5253
8081
8083
8085
8087
8089
8091
2471
2473
2475
2477
2479
2481
8007
8009
8011
8013
8015
8017
2347
2349
2351
2353
2355
2357
1725
1727
1729
1731
1733
1735
8069
8071
8073
8075
8077
8079
8541
8543
8545
8547
8549
8551
2983
2985
2987
2989
2991
2993
2855
2857
2859
2861
2863
2865
2853
2855
2857
2859
2861
2863
4129
4131
4133
4135
4137
4139
4141
4143
4145
4147
4149
4151
635
637
639
641
643
645
9487
9489
9491
9493
9495
9497
8565
8567
8569
8571
8573
8575
5203
5205
5207
5209
5211
5213
49
51
53
55
57
59
237
239
241
243
245
247
567
569
571
573
575
577
5623
5625
5627
5629
5631
5633
8463
8465
8467
8469
8471
8473
1039
1041
1043
1045
1047
1049
1499
1501
1503
1505
1507
1509
1131
1133
1135
1137
1139
1141
1225
1227
1229
1231
1233
1235
1821
1823
1825
1827
1829
1831
5399
5401
5403
5405
5407
5409
7323
7325
7327
7329
7331
7333
9055
9057
9059
9061
9063
9065
4309
4311
4313
4315
4317
4319
6027
6029
6031
6033
6035
6037
6115
6117
6119
6121
6123
6125
6433
6435
6437
6439
6441
6443
2147
2149
2151
2153
2155
2157
1615
1617
1619
1621
1623
1625
3415
3417
3419
3421
3423
3425
2683
2685
2687
2689
2691
2693
7191
7193
7195
7197
7199
7201
3079
3081
3083
3085
3087
3089
7849
7851
7853
7855
7857
7859
727
729
731
733
735
737
2743
2745
2747
2749
2751
2753
2659
2661
2663
2665
2667
2669
1497
1499
1501
1503
1505
1507
761
763
765
767
769
771
1857
1859
1861
1863
1865
1867
8337
8339
8341
8343
8345
8347
5669
5671
5673
5675
5677
5679
8703
8705
8707
8709
8711
8713
7289
7291
7293
7295
7297
7299
3675
3677
3679
3681
3683
3685
5709
5711
5713
5715
5717
5719
3361
3363
3365
3367
3369
3371
423
425
427
429
431
433
6959
6961
6963
6965
6967
6969
8045
8047
8049
8051
8053
8055
601
603
605
607
609
611
9135
9137
9139
9141
9143
9145
8387
8389
8391
8393
8395
8397
541
543
545
547
549
551
8191
8193
8195
8197
8199
8201
9505
9507
9509
9511
9513
9515
5777
5779
5781
5783
5785
5787
9383
9385
9387
9389
9391
9393
9073
9075
9077
9079
9081
9083
2503
2505
2507
2509
2511
2513
8193
8195
8197
8199
8201
8203
769
771
773
775
777
779
1017
1019
1021
1023
1025
1027
8369
8371
8373
8375
8377
8379
4327
4329
4331
4333
4335
4337
3259
3261
3263
3265
3267
3269
6245
6247
6249
6251
6253
6255
5565
5567
5569
5571
5573
5575
7063
7065
7067
7069
7071
7073
3051
3053
3055
3057
3059
3061
745
747
749
751
753
755
2327
2329
2331
2333
2335
2337
3615
3617
3619
3621
3623
3625
7767
7769
7771
7773
7775
7777
599
601
603
605
607
609
4769
4771
4773
4775
4777
4779
7637
7639
7641
7643
7645
7647
4905
4907
4909
4911
4913
4915
1463
1465
1467
1469
1471
1473
4085
4087
4089
4091
4093
4095
155
157
159
161
163
165
2805
2807
2809
2811
2813
2815
7275
7277
7279
7281
7283
7285
5633
5635
5637
5639
5641
5643
5311
5313
5315
5317
5319
5321
5761
5763
5765
5767
5769
5771
4847
4849
4851
4853
4855
4857
4601
4603
4605
4607
4609
4611
2601
2603
2605
2607
2609
2611
9487
9489
9491
9493
9495
9497
9559
9561
9563
9565
9567
9569
3131
3133
3135
3137
3139
3141
6827
6829
6831
6833
6835
6837
6029
6031
6033
6035
6037
6039
8863
8865
8867
8869
8871
8873
5691
5693
5695
5697
5699
5701
5271
5273
5275
5277
5279
5281
3249
3251
3253
3255
3257
3259
4713
4715
4717
4719
4721
4723
5527
5529
5531
5533
5535
5537
7633
7635
7637
7639
7641
7643
2809
2811
2813
2815
2817
2819
157
159
161
163
165
167
9111
9113
9115
9117
9119
9121
937
939
941
943
945
947
1469
1471
1473
1475
1477
1479
3029
3031
3033
3035
3037
3039
947
949
951
953
955
957
1885
1887
1889
1891
1893
1895
4619
4621
4623
4625
4627
4629
2517
2519
2521
2523
2525
2527
7687
7689
7691
7693
7695
7697
8145
8147
8149
8151
8153
8155
1893
1895
1897
1899
1901
1903
5771
5773
5775
5777
5779
5781
3077
3079
3081
3083
3085
3087
4401
4403
4405
4407
4409
4411
4497
4499
4501
4503
4505
4507
5719
5721
5723
5725
5727
5729
1441
1443
1445
1447
1449
1451
8111
8113
8115
8117
8119
8121
2637
2639
2641
2643
2645
2647
2283
2285
2287
2289
2291
2293
4469
4471
4473
4475
4477
4479
3557
3559
3561
3563
3565
3567
2993
2995
2997
2999
3001
3003
6193
6195
6197
6199
6201
6203
7281
7283
7285
7287
7289
7291
4283
4285
4287
4289
4291
4293
3857
3859
3861
3863
3865
3867
7949
7951
7953
7955
7957
7959
5283
5285
5287
5289
5291
5293
4529
4531
4533
4535
4537
4539
3095
3097
3099
3101
3103
3105
9437
9439
9441
9443
9445
9447
9221
9223
9225
9227
9229
9231
7199
7201
7203
7205
7207
7209
3053
3055
3057
3059
3061
3063
6221
6223
6225
6227
6229
6231
4309
4311
4313
4315
4317
4319
2611
2613
2615
2617
2619
2621
4527
4529
4531
4533
4535
4537
6577
6579
6581
6583
6585
6587
3691
3693
3695
3697
3699
3701
9939
9941
9943
9945
9947
9949
5629
5631
5633
5635
5637
5639
4145
4147
4149
4151
4153
4155
361
363
365
367
369
371
8899
8901
8903
8905
8907
8909
2683
2685
2687
2689
2691
2693
9911
9913
9915
9917
9919
9921
8463
8465
8467
8469
8471
8473
1327
1329
1331
1333
1335
1337
7213
7215
7217
7219
7221
7223
2609
2611
2613
2615
2617
2619
7451
7453
7455
7457
7459
7461
9037
9039
9041
9043
9045
9047
735
737
739
741
743
745
7891
7893
7895
7897
7899
7901
3437
3439
3441
3443
3445
3447
1597
1599
1601
1603
1605
1607
5385
5387
5389
5391
5393
5395
709
711
713
715
717
719
1609
1611
1613
1615
1617
1619
7967
7969
7971
7973
7975
7977
137
139
141
143
145
147
9557
9559
9561
9563
9565
9567
1529
1531
1533
1535
1537
1539
5409
5411
5413
5415
5417
5419
2095
2097
2099
2101
2103
2105
341
343
345
347
349
351
6645
6647
6649
6651
6653
6655
8657
8659
8661
8663
8665
8667
1883
1885
1887
1889
1891
1893
9837
9839
9841
9843
9845
9847
6649
6651
6653
6655
6657
6659
1903
1905
1907
1909
1911
1913
8813
8815
8817
8819
8821
8823
3911
3913
3915
3917
3919
3921
7431
7433
7435
7437
7439
7441
7745
7747
7749
7751
7753
7755
9445
9447
9449
9451
9453
9455
4913
4915
4917
4919
4921
4923
543
545
547
549
551
553
9869
9871
9873
9875
9877
9879
8101
8103
8105
8107
8109
8111
1829
1831
1833
1835
1837
1839
7277
7279
7281
7283
7285
7287
5777
5779
5781
5783
5785
5787
8391
8393
8395
8397
8399
8401
3759
3761
3763
3765
3767
3769
1217
1219
1221
1223
1225
1227
6955
6957
6959
6961
6963
6965
4557
4559
4561
4563
4565
4567
5681
5683
5685
5687
5689
5691
9343
9345
9347
9349
9351
9353
4467
4469
4471
4473
4475
4477
841
843
845
847
849
851
9909
9911
9913
9915
9917
9919
8149
8151
8153
8155
8157
8159
481
483
485
487
489
491
3875
3877
3879
3881
3883
3885
9217
9219
9221
9223
9225
9227
1113
1115
1117
1119
1121
1123
6487
6489
6491
6493
6495
6497
6155
6157
6159
6161
6163
6165
3485
3487
3489
3491
3493
3495
2363
2365
2367
2369
2371
2373
2381
2383
2385
2387
2389
2391
19
21
23
25
27
29
3595
3597
3599
3601
3603
3605
2335
2337
2339
2341
2343
2345
2429
2431
2433
2435
2437
2439
5479
5481
5483
5485
5487
5489
5763
5765
5767
5769
5771
5773
5635
5637
5639
5641
5643
5645
2835
2837
2839
2841
2843
2845
2601
2603
2605
2607
2609
2611
583
585
587
589
591
593
2229
2231
2233
2235
2237
2239
3577
3579
3581
3583
3585
3587
1169
1171
1173
1175
1177
1179
5107
5109
5111
5113
5115
5117
7263
7265
7267
7269
7271
7273
2829
2831
2833
2835
2837
2839
5093
5095
5097
5099
5101
5103
9969
9971
9973
9975
9977
9979
3841
3843
3845
3847
3849
3851
635
637
639
641
643
645
9729
9731
9733
9735
9737
9739
6263
6265
6267
6269
6271
6273
59
61
63
65
67
69
8781
8783
8785
8787
8789
8791
6515
6517
6519
6521
6523
6525
8311
8313
8315
8317
8319
8321
5889
5891
5893
5895
5897
5899
9097
9099
9101
9103
9105
9107
6799
6801
6803
6805
6807
6809
9597
9599
9601
9603
9605
9607
9317
9319
9321
9323
9325
9327
4311
4313
4315
4317
4319
4321
9217
9219
9221
9223
9225
9227
6977
6979
6981
6983
6985
6987
2089
2091
2093
2095
2097
2099
639
641
643
645
647
649
2071
2073
2075
2077
2079
2081
4319
4321
4323
4325
4327
4329
939
941
943
945
947
949
5985
5987
5989
5991
5993
5995
6187
6189
6191
6193
6195
6197
4059
4061
4063
4065
4067
4069
1113
1115
1117
1119
1121
1123
6943
6945
6947
6949
6951
6953
2857
2859
2861
2863
2865
2867
6555
6557
6559
6561
6563
6565
6287
6289
6291
6293
6295
6297
6855
6857
6859
6861
6863
6865
2325
2327
2329
2331
2333
2335
3589
3591
3593
3595
3597
3599
4543
4545
4547
4549
4551
4553
173
175
177
179
181
183
1175
1177
1179
1181
1183
1185
253
255
257
259
261
263
5763
5765
5767
5769
5771
5773
9745
9747
9749
9751
9753
9755
5885
5887
5889
5891
5893
5895
703
705
707
709
711
713
8841
8843
8845
8847
8849
8851
9293
9295
9297
9299
9301
9303
9011
9013
9015
9017
9019
9021
6485
6487
6489
6491
6493
6495
719
721
723
725
727
729
8183
8185
8187
8189
8191
8193
85
87
89
91
93
95
8963
8965
8967
8969
8971
8973
1425
1427
1429
1431
1433
1435
4409
4411
4413
4415
4417
4419
265
267
269
271
273
275
2313
2315
2317
2319
2321
2323
2473
2475
2477
2479
2481
2483
7977
7979
7981
7983
7985
7987
581
583
585
587
589
591
1249
1251
1253
1255
1257
1259
557
559
561
563
565
567
5795
5797
5799
5801
5803
5805
395
397
399
401
403
405
2543
2545
2547
2549
2551
2553
2213
2215
2217
2219
2221
2223
1247
1249
1251
1253
1255
1257
4499
4501
4503
4505
4507
4509
2195
2197
2199
2201
2203
2205
1563
1565
1567
1569
1571
1573
7403
7405
7407
7409
7411
7413
4785
4787
4789
4791
4793
4795
115
117
119
121
123
125
2863
2865
2867
2869
2871
2873
6767
6769
6771
6773
6775
6777
5985
5987
5989
5991
5993
5995
317
319
321
323
325
327
3403
3405
3407
3409
3411
3413
4909
4911
4913
4915
4917
4919
4821
4823
4825
4827
4829
4831
567
569
571
573
575
577
6165
6167
6169
6171
6173
6175
941
943
945
947
949
951
1533
1535
1537
1539
1541
1543
5243
5245
5247
5249
5251
5253
267
269
271
273
275
277
6709
6711
6713
6715
6717
6719
5051
5053
5055
5057
5059
5061
2193
2195
2197
2199
2201
2203
1273
1275
1277
1279
1281
1283
6787
6789
6791
6793
6795
6797
4905
4907
4909
4911
4913
4915
1977
1979
1981
1983
1985
1987
8855
8857
8859
8861
8863
8865
6351
6353
6355
6357
6359
6361
1901
1903
1905
1907
1909
1911
1071
1073
1075
1077
1079
1081
4741
4743
4745
4747
4749
4751
2627
2629
2631
2633
2635
2637
2729
2731
2733
2735
2737
2739
5015
5017
5019
5021
5023
5025
2245
2247
2249
2251
2253
2255
7471
7473
7475
7477
7479
7481
1273
1275
1277
1279
1281
1283
1437
1439
1441
1443
1445
1447
1329
1331
1333
1335
1337
1339
7925
7927
7929
7931
7933
7935
8537
8539
8541
8543
8545
8547
889
891
893
895
897
899
5139
5141
5143
5145
5147
5149
2355
2357
2359
2361
2363
2365
7171
7173
7175
7177
7179
7181
553
555
557
559
561
563
3117
3119
3121
3123
3125
3127
649
651
653
655
657
659
9719
9721
9723
9725
9727
9729
2561
2563
2565
2567
2569
2571
6707
6709
6711
6713
6715
6717
973
975
977
979
981
983
123
125
127
129
131
133
9823
9825
9827
9829
9831
9833
9575
9577
9579
9581
9583
9585
9727
9729
9731
9733
9735
9737
3837
3839
3841
3843
3845
3847
7887
7889
7891
7893
7895
7897
3391
3393
3395
3397
3399
3401
3451
3453
3455
3457
3459
3461
3565
3567
3569
3571
3573
3575
6229
6231
6233
6235
6237
6239
5393
5395
5397
5399
5401
5403
7839
7841
7843
7845
7847
7849
9135
9137
9139
9141
9143
9145
7045
7047
7049
7051
7053
7055
1891
1893
1895
1897
1899
1901
7753
7755
7757
7759
7761
7763
4177
4179
4181
4183
4185
4187
9027
9029
9031
9033
9035
9037
1271
1273
1275
1277
1279
1281
2517
2519
2521
2523
2525
2527
195
197
199
201
203
205
391
393
395
397
399
401
6909
6911
6913
6915
6917
6919
7383
7385
7387
7389
7391
7393
7507
7509
7511
7513
7515
7517
1561
1563
1565
1567
1569
1571
649
651
653
655
657
659
6657
6659
6661
6663
6665
6667
8143
8145
8147
8149
8151
8153
8657
8659
8661
8663
8665
8667
2917
2919
2921
2923
2925
2927
1875
1877
1879
1881
1883
1885
4301
4303
4305
4307
4309
4311
8679
8681
8683
8685
8687
8689
8693
8695
8697
8699
8701
8703
1481
1483
1485
1487
1489
1491
3023
3025
3027
3029
3031
3033
9461
9463
9465
9467
9469
9471
63
65
67
69
71
73
8581
8583
8585
8587
8589
8591
1765
1767
1769
1771
1773
1775
5573
5575
5577
5579
5581
5583
651
653
655
657
659
661
6975
6977
6979
6981
6983
6985
3139
3141
3143
3145
3147
3149
8285
8287
8289
8291
8293
8295
1949
1951
1953
1955
1957
1959
7157
7159
7161
7163
7165
7167
4985
4987
4989
4991
4993
4995
3377
3379
3381
3383
3385
3387
1813
1815
1817
1819
1821
1823
2327
2329
2331
2333
2335
2337
2491
2493
2495
2497
2499
2501
711
713
715
717
719
721
4425
4427
4429
4431
4433
4435
6313
6315
6317
6319
6321
6323
9803
9805
9807
9809
9811
9813
5213
5215
5217
5219
5221
5223
6997
6999
7001
7003
7005
7007
7531
7533
7535
7537
7539
7541
145
147
149
151
153
155
303
305
307
309
311
313
5523
5525
5527
5529
5531
5533
4713
4715
4717
4719
4721
4723
9767
9769
9771
9773
9775
9777
2589
2591
2593
2595
2597
2599
6453
6455
6457
6459
6461
6463
3703
3705
3707
3709
3711
3713
5587
5589
5591
5593
5595
5597
6721
6723
6725
6727
6729
6731
7617
7619
7621
7623
7625
7627
2869
2871
2873
2875
2877
2879
3473
3475
3477
3479
3481
3483
2141
2143
2145
2147
2149
2151
5681
5683
5685
5687
5689
5691
2565
2567
2569
2571
2573
2575
4707
4709
4711
4713
4715
4717
7645
7647
7649
7651
7653
7655
4609
4611
4613
4615
4617
4619
2599
2601
2603
2605
2607
2609
7523
7525
7527
7529
7531
7533
8543
8545
8547
8549
8551
8553
6945
6947
6949
6951
6953
6955
6589
6591
6593
6595
6597
6599
9711
9713
9715
9717
9719
9721
609
611
613
615
617
619
1121
1123
1125
1127
1129
1131
8311
8313
8315
8317
8319
8321
4159
4161
4163
4165
4167
4169
4805
4807
4809
4811
4813
4815
3175
3177
3179
3181
3183
3185
9125
9127
9129
9131
9133
9135
8293
8295
8297
8299
8301
8303
1633
1635
1637
1639
1641
1643
9441
9443
9445
9447
9449
9451
1479
1481
1483
1485
1487
1489
7769
7771
7773
7775
7777
7779
6961
6963
6965
6967
6969
6971
1481
1483
1485
1487
1489
1491
2447
2449
2451
2453
2455
2457
1115
1117
1119
1121
1123
1125
7481
7483
7485
7487
7489
7491
2875
2877
2879
2881
2883
2885
4433
4435
4437
4439
4441
4443
1611
1613
1615
1617
1619
1621
135
137
139
141
143
145
3453
3455
3457
3459
3461
3463
2627
2629
2631
2633
2635
2637
2343
2345
2347
2349
2351
2353
2207
2209
2211
2213
2215
2217
1029
1031
1033
1035
1037
1039
1449
1451
1453
1455
1457
1459
3101
3103
3105
3107
3109
3111
7685
7687
7689
7691
7693
7695
8723
8725
8727
8729
8731
8733
5141
5143
5145
5147
5149
5151
2193
2195
2197
2199
2201
2203
4011
4013
4015
4017
4019
4021
6835
6837
6839
6841
6843
6845
6649
6651
6653
6655
6657
6659
7
9
11
13
15
17
1103
1105
1107
1109
1111
1113
2901
2903
2905
2907
2909
2911
921
923
925
927
929
931
7579
7581
7583
7585
7587
7589
1439
1441
1443
1445
1447
1449
8929
8931
8933
8935
8937
8939
8645
8647
8649
8651
8653
8655
5201
5203
5205
5207
5209
5211
3095
3097
3099
3101
3103
3105
2587
2589
2591
2593
2595
2597
8641
8643
8645
8647
8649
8651
4485
4487
4489
4491
4493
4495
9995
9997
9999
10001
10003
10005
741
743
745
747
749
751
2095
2097
2099
2101
2103
2105
8927
8929
8931
8933
8935
8937
9387
9389
9391
9393
9395
9397
4169
4171
4173
4175
4177
4179
4221
4223
4225
4227
4229
4231
6669
6671
6673
6675
6677
6679
283
285
287
289
291
293
7439
7441
7443
7445
7447
7449
9199
9201
9203
9205
9207
9209
7143
7145
7147
7149
7151
7153
459
461
463
465
467
469
6981
6983
6985
6987
6989
6991
7429
7431
7433
7435
7437
7439
7303
7305
7307
7309
7311
7313
9197
9199
9201
9203
9205
9207
6649
6651
6653
6655
6657
6659
1453
1455
1457
1459
1461
1463
3591
3593
3595
3597
3599
3601
2701
2703
2705
2707
2709
2711
4065
4067
4069
4071
4073
4075
7583
7585
7587
7589
7591
7593
4465
4467
4469
4471
4473
4475
7761
7763
7765
7767
7769
7771
2081
2083
2085
2087
2089
2091
1539
1541
1543
1545
1547
1549
6885
6887
6889
6891
6893
6895
5493
5495
5497
5499
5501
5503
7555
7557
7559
7561
7563
7565
4727
4729
4731
4733
4735
4737
3961
3963
3965
3967
3969
3971
3971
3973
3975
3977
3979
3981
2101
2103
2105
2107
2109
2111
4935
4937
4939
4941
4943
4945
5905
5907
5909
5911
5913
5915
8907
8909
8911
8913
8915
8917
