2 5
22 23
153 162
159 261
371 397
458 508
248 473
170 181
280 805
421 772
680 872
794 1049
637 1210
1219 1226
723 1069
772 1233
275 559
551 1618
1192 1420
1419 1640
1348 1729
2022 2039
739 1725
487 789
1557 2175
43 1042
673 975
785 2522
1193 1371
1692 2613
1869 1969
98 2816
3200 3210
1046 3109
1567 2631
922 2999
2277 3461
793 1872
3029 3322
3156 3381
2135 2190
2720 3654
3081 4029
1671 2556
4224 4253
1169 2223
86 1486
1643 1874
216 3508
3844 4216
3282 4013
2786 3597
4790 4974
1827 3885
2404 4512
852 2472
5026 5381
2001 5314
501 1327
1904 5583
301 3267
1615 4661
632 954
3623 6092
5980 6155
5563 6215
4683 5868
2224 3546
554 1637
1811 2996
6466 6800
4017 5147
7113 7128
4701 5498
1416 2102
3845 6101
4770 6560
2683 4471
6358 6554
3654 5217
6288 7370
3365 7470
1390 5432
7549 7971
2009 6096
1778 8335
343 3716
6531 7639
4050 8770
3206 8555
1518 3458
4194 4278
7918 8823
7437 8205
3805 7776
3244 5127
6398 6519
9707 9708
737 3842
3205 8809
6994 9162
3163 5239
3670 3949
4866 6426
2563 6180
1118 5027
3344 6279
2238 10352
6674 9344
7851 10881
9085 10287
2941 3261
3731 6041
942 7636
7626 7689
4946 9555
2513 5418
7108 11680
5993 6613
4441 5480
960 6924
7331 8621
2920 8257
1258 3547
9981 12118
6733 8357
1108 8510
8421 8992
3593 5834
2447 11173
6172 8572
2036 3739
748 13188
9329 10585
4478 5545
2284 4487
2556 7456
1432 3589
3833 5686
3845 5820
3353 6440
1595 6255
524 11161
3369 8904
5353 12243
3793 10821
4369 4526
8855 11136
7901 9387
4382 7229
9158 13137
5248 10883
377 2806
9053 13093
7153 14523
2514 10146
140 3142
5166 14734
3776 7195
4766 13843
127 7131
3012 8271
6233 15891
683 16144
1471 9346
8557 14924
4987 11627
2264 13900
914 9402
2862 3129
2104 8352
2068 9496
9991 11127
6982 16947
9985 11628
5255 11347
2872 2948
7282 10559
1660 11370
2977 10818
1629 13342
2731 8949
6217 13379
500 4092
6573 13753
1210 14146
3776 12131
8897 10357
83 13032
6248 12466
4908 15073
1544 4102
3731 6430
4617 13188
7883 12586
6875 12471
9935 13804
5146 11420
8842 13149
6100 17722
2334 3705
7281 10618
3493 16865
7618 18788
6599 19621
5186 13904
7205 19833
8076 11400
1904 11733
5420 8579
5306 5578
7511 15705
6097 10725
9573 16106
2608 13935
7599 20250
1382 6619
375 15515
5975 6833
1814 10364
4894 14162
4987 15190
2126 9412
9018 20493
947 7385
6506 18446
6126 19905
6035 8066
6862 7502
5097 10706
1858 4989
1922 20242
1359 4981
4514 12242
1143 12319
7655 11070
1564 14669
693 18559
9022 13323
9845 14124
3529 14348
3087 18992
2809 6340
7050 9594
2307 20431
6590 7721
5045 6627
2981 7942
1104 3693
2935 21351
8633 21547
3340 5896
8967 19442
1429 23979
1920 12281
7990 12531
7302 12154
3167 5238
6981 17409
1808 2741
4681 10096
3179 5592
2673 6993
4086 20439
5566 12204
9578 20618
7440 22788
7099 20720
2404 10243
6771 26035
4945 26860
2037 9987
6821 17087
2002 20924
4526 16669
1377 22630
2385 8202
4585 11125
2959 16661
7276 19803
7967 20061
5714 26141
1278 8565
7122 21003
638 9777
2136 24459
5773 15910
5243 25042
4963 20980
626 2580
6421 15105
2138 18064
6537 10207
78 22110
853 16566
671 2212
5875 14627
2753 16600
1883 14737
9368 26932
