2
23
18
3
16
11
3
17
2
3
5
5
3
176
4
3
2
2
7
8
5
120
2
3
4
2
4
2
8
3
20
2
321
2
3
2
3
2
12
16
40
4
5
3
147
3
2
9
2
12
6
5
28
2
3
2
16
2
2
2
2
2
3
3
36
10
5
3
2
3
21
5
476
7
4
3
4
3
34
4
7
2
2
19
2
2
2
7
2
2
2
51
10
11
2
3
54
9708
2
2
5
3
15
5
2
2
3
2
4
4
9
11
3
2
123
3
2
3
11
6
2
7
2
2
6
6
2
16
3
2
4
3
2
9
6
3
2
2
4
3
3
2
2
2
2
2
29
5
7
3
4
2
2
4
2
2
2
2
3
2
2
2
2
2
2
3
2
2
2
12
2
2
10
2
8
2
39
4
2
2
2
2
2
2
2
2
2
8
2
3
2
2
3
2
3
3
4
2
4
2
3
4
2
2
2
2
2
4
2
3
21
2
3
3
2
2
2
2
8
2
2
2
2
2
2
2
2
4
12
2
2
2
2
2
2
4
2
2
4
4
2
2
2
4
2
7
5
2
2
2
2
3
2
2
2
3
3
3
2
3
2
3
2
2
2
2
2
2
2
2
2
2
2
2
2
2
2
2
2
2
2
2
2
2
2
2
2
2
2
2
2
2
3
2
2
2
2
2
2
2
