983
571
835
738
256
913
370
566
923
612
948
280
421
33
274
652
726
594
784
213
397
697
472
409
196
386
12
435
927
311
113
601
186
786
922
615
382
984
318
926
541
243
292
888
899
877
456
110
788
803
500
71
919
312
379
901
205
87
981
870
155
356
740
856
452
844
941
66
593
112
121
588
438
113
116
956
503
512
480
844
878
592
529
722
956
29
739
524
497
569
255
630
557
329
588
932
602
282
327
758
737
853
919
742
982
779
751
422
925
432
845
326
86
278
236
763
711
100
299
357
976
179
869
340
967
67
225
626
349
317
910
1000
985
867
214
936
394
316
310
970
121
673
973
70
149
654
623
856
314
302
268
536
609
967
751
812
202
72
151
77
913
507
447
877
243
786
439
221
271
469
61
242
565
853
1
250
893
953
940
553
53
221
715
874
251
311
369
485
784
447
711
241
793
351
31
453
442
348
818
678
778
772
273
570
748
13
830
842
376
979
943
333
912
925
965
525
324
376
48
155
18
893
945
555
844
825
377
881
381
829
618
755
419
12
787
952
794
339
387
26
945
778
624
447
277
210
851
59
382
174
884
60
989
391
197
780
111
362
702
138
762
349
889
345
616
901
879
964
497
17
523
540
490
649
141
608
488
705
389
702
59
887
438
789
394
1
199
421
243
309
805
865
647
59
413
975
109
125
761
263
820
831
148
311
418
226
526
606
919
499
858
415
851
469
821
739
739
329
526
295
216
512
925
463
448
795
585
979
285
818
820
661
734
82
285
61
388
453
379
97
137
442
327
254
759
364
213
39
209
343
481
24
194
745
479
31
815
386
229
565
68
874
261
834
276
580
388
95
237
883
555
249
263
449
717
727
13
160
480
828
726
490
212
543
860
708
679
696
647
129
562
262
808
980
280
895
554
519
64
474
8
354
507
546
345
768
583
420
563
663
75
623
917
172
438
1
685
3
445
155
148
330
956
32
342
826
854
229
952
390
603
926
872
414
283
721
75
437
231
97
780
722
404
709
270
255
420
334
234
597
751
245
969
427
687
73
322
504
851
740
535
13
358
792
27
162
337
375
274
68
615
947
388
351
870
494
708
378
883
491
55
864
266
407
87
151
22
966
993
393
544
833
821
363
808
76
330
457
259
178
67
695
261
271
786
206
771
209
640
875
365
611
71
797
888
91
437
707
304
752
87
509
50
321
736
22
665
118
380
534
732
553
190
496
102
595
694
370
285
448
814
313
881
410
293
495
201
433
337
734
144
997
487
324
723
619
176
231
443
752
546
689
918
503
479
257
18
446
521
972
77
821
237
53
533
572
639
289
63
653
621
691
388
523
610
931
334
13
204
38
73
807
990
45
99
548
315
352
833
650
