296149
70785
354766
85176
220896
379605
81478
161905
81215
263120
152089
25982
51486
87471
352283
160988
269661
219057
380454
349470
108238
325021
18643
90479
11935
113327
345507
308980
16087
95349
47555
86229
235359
407097
156918
153036
82988
416131
4568
223248
194786
111987
421966
126316
36244
153562
93933
242427
130832
216342
85878
137013
165582
178920
309244
280800
32396
243716
229225
17727
424978
296205
429937
157752
10326
80262
101887
383329
25900
390553
202888
435556
187442
159822
3692
99675
260870
44553
16582
7887
266298
263443
258321
66745
67702
25480
189314
28905
51688
267217
21294
116811
16023
46098
191984
207114
233376
94670
34353
97993
5425
116039
258559
10036
377438
359879
11936
303130
17172
10182
368533
270825
15858
293309
251092
87158
81060
133014
238304
69111
133578
87766
15323
333060
53630
359032
381317
263054
55152
218710
212297
310330
200200
72788
113997
9034
84334
161928
119871
157637
361749
199455
71770
63826
17127
46775
192122
360120
1872
235975
9906
34908
57271
42453
275817
260311
233553
59280
202951
87865
99736
296284
199434
284710
272115
108847
245949
36052
25673
62063
81567
19742
205025
20321
34465
106519
239040
105876
238481
123480
350678
289955
120673
65710
334929
114145
61567
7942
11788
210696
133215
115905
110514
11686
186032
114444
143001
334405
17715
102031
57893
18954
217509
76240
56973
177132
375075
88848
217038
80423
40370
421876
261595
313083
348315
228523
271971
203361
85830
20515
40539
157432
3940
30160
139776
233220
349803
215981
69846
81959
132109
231249
11877
12831
32589
240573
12949
237510
166083
249516
343582
44065
7150
430768
384500
183818
250434
298792
46403
16630
221241
2926
265946
254628
165081
111150
291130
360396
143000
219171
116187
46634
250250
197889
65297
106641
97033
159068
159575
55374
261388
281510
73638
68128
196606
450027
61263
65099
10590
171471
81510
272896
75876
91806
312003
308492
24732
19890
150228
195133
42637
56943
228926
51642
18686
298206
451595
134200
11659
125321
