-1 -1
-1 0
-1 1
-1 431
-1 432
-1 433
-1 467
-1 468
-1 469
0 -1
0 0
0 1
0 431
0 432
0 433
0 467
0 468
0 469
1 -1
1 0
1 1
1 431
1 432
1 433
1 467
1 468
1 469
431 -1
431 0
431 1
431 431
431 432
431 433
431 467
431 468
431 469
432 -1
432 0
432 1
432 431
432 432
432 433
432 467
432 468
432 469
433 -1
433 0
433 1
433 431
433 432
433 433
433 467
433 468
433 469
467 -1
467 0
467 1
467 431
467 432
467 433
467 467
467 468
467 469
468 -1
468 0
468 1
468 431
468 432
468 433
468 467
468 468
468 469
469 -1
469 0
469 1
469 431
469 432
469 433
469 467
469 468
469 469
