1
2
3
4
5
6
7
8
9
10
11
12
13
14
15
16
17
18
19
20
21
22
23
24
25
26
27
28
29
30
31
32
33
34
35
36
37
38
39
40
41
42
43
44
45
46
47
94
141
188
235
282
329
376
423
470
517
564
611
658
705
752
799
846
893
940
987
1034
1081
1128
1175
1222
1269
1316
1363
1410
1457
1504
1551
1598
1645
1692
1739
1786
1833
1880
1927
1974
2021
2068
2115
2162
2209
2256
2303
2350
2397
2444
2491
2538
2585
2632
2679
2726
2773
2820
2867
2914
2961
3008
3055
3102
3149
3196
3243
3290
3337
3384
3431
3478
3525
3572
3619
3666
3713
3760
3807
3854
3901
3948
3995
4042
4089
4136
4183
4230
4277
4324
4371
4418
4465
4512
4559
4606
4653
4700
4747
4794
4841
4888
4935
4982
5029
5076
5123
5170
5217
5264
5311
5358
5405
5452
5499
5546
5593
5640
5687
5734
5781
5828
5875
5922
5969
6016
6063
6110
6157
6204
6251
6298
6345
6392
6439
6486
6533
6580
6627
6674
6721
6768
6815
6862
6909
6956
7003
7050
7097
7144
7191
7238
7285
7332
7379
7426
7473
7520
7567
7614
7661
7708
7755
7802
7849
7896
7943
7990
8037
8084
8131
8178
8225
8272
8319
8366
8413
8460
8507
8554
8601
8648
8695
8742
8789
8836
8883
8930
8977
9024
9071
9118
9165
9212
9259
9306
9353
9400
9447
9494
9541
9588
9635
9682
9729
9776
9823
9870
9917
9964
