3
6
10
15
21
28
36
45
55
66
78
91
105
120
136
153
171
190
210
231
253
276
300
325
351
378
406
435
465
496
528
561
595
630
666
703
741
780
820
861
903
946
990
1035
1081
1128
1176
4560
10153
17955
27966
40186
54615
71253
90100
111156
134421
159895
187578
217470
249571
283881
320400
359128
400065
443211
488566
536130
585903
637885
692076
748476
807085
867903
930930
996166
1063611
1133265
1205128
1279200
1355481
1433971
1514670
1597578
1682695
1770021
1859556
1951300
2045253
2141415
2239786
2340366
2443155
2548153
2655360
2764776
2876401
2990235
3106278
3224530
3344991
3467661
3592540
3719628
3848925
3980431
4114146
4250070
4388203
4528545
4671096
4815856
4962825
5112003
5263390
5416986
5572791
5730805
5891028
6053460
6218101
6384951
6554010
6725278
6898755
7074441
7252336
7432440
7614753
7799275
7986006
8174946
8366095
8559453
8755020
8952796
9152781
9354975
9559378
9765990
9974811
10185841
10399080
10614528
10832185
11052051
11274126
11498410
11724903
11953605
12184516
12417636
12652965
12890503
13130250
13372206
13616371
13862745
14111328
14362120
14615121
14870331
15127750
15387378
15649215
15913261
16179516
16447980
16718653
16991535
17266626
17543926
17823435
18105153
18389080
18675216
18963561
19254115
19546878
19841850
20139031
20438421
20740020
21043828
21349845
21658071
21968506
22281150
22596003
22913065
23232336
23553816
23877505
24203403
24531510
24861826
25194351
25529085
25866028
26205180
26546541
26890111
27235890
27583878
27934075
28286481
28641096
28997920
29356953
29718195
30081646
30447306
30815175
31185253
31557540
31932036
32308741
32687655
33068778
33452110
33837651
34225401
34615360
35007528
35401905
35798491
36197286
36598290
37001503
37406925
37814556
38224396
38636445
39050703
39467170
39885846
40306731
40729825
41155128
41582640
42012361
42444291
42878430
43314778
43753335
44194101
44637076
45082260
45529653
45979255
46431066
46885086
47341315
47799753
48260400
48723256
49188321
49655595
