15 13 19 6
15 5 20 5
4 9 13 2
12 3 17 14
12 1 11 9
14 12 5 15
4 4 18 2
6 1 19 4
10 17 14 5
9 10 5 10
14 20 4 3
1 3 3 20
3 3 2 5
6 15 7 10
18 14 20 18
2 20 7 8
4 13 10 5
10 1 12 3
12 3 8 8
8 6 10 8
12 6 6 3
12 8 5 11
2 9 20 9
20 14 10 3
19 1 10 8
11 14 4 13
7 13 6 19
17 2 12 11
7 3 18 20
10 3 15 15
5 9 19 1
19 19 3 16
10 15 16 19
6 7 3 3
18 18 19 3
20 18 15 9
12 5 9 7
18 3 13 20
17 20 20 16
14 20 11 3
4 18 9 17
13 15 15 2
20 20 3 18
12 20 19 2
1 10 20 18
2 9 7 18
12 10 12 14
15 19 16 13
19 9 18 13
20 12 13 6
4 18 20 3
7 16 7 1
2 9 14 3
16 4 17 6
5 15 9 1
6 6 4 3
12 2 4 2
15 17 20 18
17 9 6 13
5 20 11 5
19 1 1 18
7 10 5 9
15 4 12 1
11 13 9 9
9 14 20 17
20 2 2 9
5 10 9 1
12 13 6 6
2 4 11 5
4 19 2 7
3 8 2 10
14 12 14 5
18 10 16 15
1 2 11 13
17 1 7 17
16 19 8 4
11 7 16 15
19 14 19 5
20 17 7 15
17 17 11 5
4 3 5 20
20 3 7 20
5 10 3 5
20 15 15 17
6 9 1 1
4 19 4 7
6 2 18 17
14 14 14 3
4 20 19 5
9 12 7 12
6 11 10 12
1 2 1 6
16 11 13 1
18 6 2 8
17 3 18 10
18 18 20 2
2 7 10 20
10 9 3 5
4 16 8 8
10 8 12 5
18 11 8 18
13 9 17 14
7 8 18 14
4 9 13 17
14 2 5 5
15 2 2 8
14 7 14 18
14 16 8 2
8 5 6 7
20 20 2 8
13 3 12 1
9 12 3 14
11 17 8 6
6 17 9 17
16 14 15 6
19 13 7 14
10 12 12 20
2 15 17 2
8 10 15 10
6 16 19 16
3 3 9 6
6 6 10 4
16 10 19 4
5 11 17 8
3 10 14 11
18 9 15 17
6 18 1 15
17 2 15 7
16 12 12 17
9 15 6 8
10 12 3 19
3 15 17 14
9 13 9 2
4 17 5 15
19 16 11 3
19 12 10 4
7 5 17 7
11 18 16 18
16 3 18 18
20 4 2 13
7 16 19 10
12 14 4 11
11 6 8 15
9 15 1 1
16 10 6 20
7 1 1 15
16 7 12 17
20 8 20 18
13 5 1 20
5 9 7 13
12 6 4 8
25 25 37 27
26 36 28 24
37 4 3 30
36 9 1 30
26 27 18 31
36 24 29 11
1 36 8 40
17 10 25 7
30 35 28 15
34 6 7 24
39 5 32 7
23 28 39 21
15 10 10 33
35 30 9 10
39 11 18 35
24 4 24 11
7 28 20 1
31 3 36 13
37 34 18 36
40 6 22 3
5 25 14 33
17 25 6 8
19 21 18 7
39 25 40 39
10 8 25 29
30 21 6 19
19 11 8 20
8 11 11 35
15 29 32 10
17 40 35 4
11 9 29 21
30 32 8 7
20 39 31 29
8 7 19 4
12 3 1 38
22 4 25 1
11 13 10 4
15 31 26 12
24 3 40 25
12 9 17 17
26 13 5 13
26 38 12 18
10 30 24 36
23 30 8 34
17 24 12 11
35 7 1 14
40 7 10 24
38 5 24 16
23 15 29 11
14 3 36 2
19 16 26 34
8 2 28 39
29 33 29 19
29 33 14 6
34 26 4 1
40 20 7 30
38 30 16 14
13 1 13 23
4 39 24 33
30 13 34 15
6 28 7 32
16 6 39 4
16 3 10 15
20 31 23 24
37 11 7 27
31 2 12 18
10 18 1 18
32 37 23 12
36 21 35 11
27 4 24 10
25 28 8 21
16 8 20 20
27 17 5 19
23 10 3 9
35 21 1 37
29 28 1 32
14 10 5 17
10 10 15 23
22 4 11 21
4 8 8 37
32 26 5 18
12 18 16 35
26 22 4 39
27 2 1 2
12 8 9 5
13 4 36 8
40 14 40 19
32 3 25 19
24 29 34 6
38 32 8 15
20 11 8 24
8 37 12 11
27 18 39 14
27 7 11 14
36 29 39 19
17 36 25 20
21 8 16 16
15 26 17 36
15 26 25 2
13 1 13 31
7 6 9 18
5 20 38 37
34 33 12 13
2 12 25 31
16 40 11 19
17 27 38 16
9 34 14 10
11 36 36 19
7 4 29 37
8 5 18 4
9 25 31 32
15 32 39 15
26 33 8 8
40 15 16 33
13 12 35 23
26 31 1 31
3 3 22 11
18 12 23 9
37 20 26 38
36 24 19 25
22 27 8 5
13 23 24 18
6 25 31 37
39 22 25 12
38 25 2 8
33 18 22 18
32 21 1 26
36 3 25 40
21 25 11 32
24 23 12 22
29 28 30 26
37 27 12 4
17 6 36 8
31 37 1 36
8 14 16 10
36 39 36 21
15 34 20 13
20 31 17 17
1 14 3 9
25 20 33 10
10 14 17 37
17 21 1 20
34 37 5 27
38 15 28 8
21 1 27 6
20 15 25 25
24 18 2 33
27 23 12 37
34 4 15 11
