302
5 17718
1 2 8 9 13
11 22789
1 9 10 16 24 25 29 37 40 42 49
11 7572
1 3 12 15 17 18 24 33 40 48 52
12 10970
1 2 6 11 12 15 18 22 29 37 38 46
13 26871
1 4 13 18 21 23 25 29 38 42 45 54 62
11 4081
1 2 8 11 15 24 29 30 36 44 45
12 21788
1 5 11 15 23 29 35 44 51 60 67 74
7 18272
1 4 6 9 10 13 21
5 28965
1 2 6 12 15
14 28211
1 7 8 14 16 20 29 30 36 44 49 57 60 61
8 9594
1 5 12 19 21 23 29 37
7 20968
1 2 10 13 18 23 27
5 30413
1 8 12 13 21
9 10515
1 8 9 16 20 23 25 31 37
14 13098
1 5 7 8 15 19 23 28 37 39 42 48 50 51
7 24188
1 2 6 10 11 20 28
10 26741
1 9 17 25 34 39 42 49 52 60
7 27721
1 9 11 20 21 27 35
13 19352
1 3 4 11 15 16 18 27 30 36 42 43 46
5 7050
1 5 12 14 16
8 15245
1 5 11 17 20 28 31 32
9 14090
1 4 13 14 15 22 29 30 38
6 12765
1 7 12 14 15 19
7 12159
1 8 11 17 19 25 32
9 29555
1 3 5 9 10 12 21 24 25
7 27151
1 1 6 12 21 22 25
9 16746
1 9 16 21 25 31 35 39 42
13 18663
1 7 9 11 20 22 23 26 35 43 49 50 51
11 18048
1 3 8 9 17 25 33 37 44 51 58
13 10765
1 5 8 12 18 22 26 31 40 41 43 44 46
11 13746
1 5 12 17 23 25 26 34 42 50 53
7 24423
1 5 11 13 17 18 22
12 29057
1 6 15 19 25 26 32 39 44 48 53 57
7 18459
1 2 11 14 23 26 35
10 4909
1 5 10 13 15 24 27 29 33 39
8 24390
1 3 9 11 17 25 29 33
14 19369
1 2 8 14 16 23 28 30 34 38 45 54 55 56
12 23665
1 4 6 13 22 30 32 40 49 56 60 66
7 2345
1 3 4 5 11 12 15
12 19011
1 8 16 23 24 33 42 47 55 60 69 78
10 21853
1 3 8 9 16 18 20 26 29 34
14 18013
1 1 9 17 20 26 27 35 39 47 48 53 56 63
6 16858
1 2 7 15 18 22
13 29000
1 8 12 19 24 29 32 34 42 44 52 59 68
10 15983
1 9 10 12 16 24 33 34 41 48
11 9888
1 5 10 13 15 20 23 29 32 34 38
13 12420
1 7 16 22 30 38 39 41 48 50 57 66 74
9 17753
1 9 12 15 18 26 28 32 33
9 30558
1 8 12 18 25 27 29 35 38
6 29436
1 6 15 23 24 30
11 12566
1 4 12 13 22 24 29 32 36 43 46
10 27094
1 4 11 15 20 21 24 27 36 44
6 23315
1 6 7 9 12 18
14 23834
1 8 12 18 21 26 29 35 42 48 52 55 59 61
5 28107
1 3 10 14 16
5 24067
1 9 16 22 23
11 13026
1 5 10 15 20 29 38 39 40 46 47
6 25268
1 9 15 19 21 25
11 30349
1 6 11 13 18 21 27 28 32 37 39
13 2588
1 9 14 19 20 26 28 30 33 35 42 49 57
6 8599
1 5 6 7 12 19
13 27899
1 1 10 12 15 24 28 35 43 45 50 54 58
6 30567
1 6 11 15 16 20
13 3925
1 2 10 17 24 33 40 45 54 60 67 72 75
10 17123
1 9 17 18 20 27 28 31 37 44
5 31307
1 5 8 16 21
10 23460
1 9 14 21 27 30 31 35 41 46
6 12256
1 4 7 8 10 18
8 20727
1 6 15 18 26 32 34 40
7 32540
1 2 7 14 18 20 26
12 23976
1 4 7 14 15 19 21 29 32 39 40 41
13 7797
1 4 12 15 19 27 29 35 43 44 50 52 56
12 21991
1 1 10 14 16 19 25 32 40 44 52 60
8 1788
1 7 15 21 28 33 40 48
5 31578
1 5 9 11 12
9 12565
1 4 6 11 17 23 29 32 35
5 4530
1 2 3 10 19
12 15449
1 3 7 9 17 18 23 28 33 38 47 54
5 25623
1 7 11 18 19
13 10688
1 3 8 12 16 22 23 30 34 42 50 59 66
12 13843
1 9 17 18 20 22 23 25 27 32 35 41
8 2186
1 1 4 8 9 16 22 29
14 22749
1 1 6 11 16 18 26 34 43 51 52 56 64 71
14 25626
1 2 6 11 18 24 33 38 40 44 51 56 58 59
5 19723
1 3 5 13 19
14 13726
1 8 17 26 27 36 44 51 54 55 62 68 70 79
14 29576
1 9 16 25 26 32 40 44 48 50 52 55 64 67
9 22940
1 9 10 11 14 16 20 22 28
8 20005
1 9 15 16 18 27 34 43
8 501
1 5 9 18 25 33 34 37
14 7934
1 8 16 23 27 29 30 35 37 38 43 51 57 64
9 8831
1 3 7 9 18 26 28 29 35
11 19579
1 5 14 18 24 31 38 45 53 58 64
10 16754
1 7 15 23 28 37 44 50 53 62
11 13129
1 4 6 10 16 18 19 23 30 31 39
10 16192
1 6 8 13 18 24 30 37 44 48
9 10466
1 2 6 10 16 20 29 33 37
8 22514
1 6 15 18 21 24 25 34
5 26941
1 3 10 18 25
14 26446
1 5 7 9 13 19 24 27 33 40 49 53 54 61
8 7154
1 4 13 22 28 33 42 47
9 23307
1 4 7 9 11 12 15 19 27
12 13365
1 3 9 12 20 27 34 36 37 40 43 50
6 9544
1 8 13 14 23 26
10 4577
1 9 15 23 32 36 44 45 49 51
5 23146
1 6 14 18 24
7 6053
1 3 4 13 20 26 30
14 23842
1 2 6 14 23 25 26 28 37 43 52 55 59 62
6 18709
1 4 10 15 17 19
13 7889
1 4 11 18 21 30 31 32 37 38 42 50 54
10 25643
1 1 2 5 12 14 22 27 32 33
6 26784
1 6 10 18 20 21
10 32025
1 8 9 16 25 27 29 37 40 47
13 27838
1 8 12 13 15 17 18 19 21 28 34 35 40
13 17396
1 5 10 16 17 25 30 31 34 42 48 49 56
7 21597
1 8 17 21 29 31 34
11 20301
1 1 10 15 21 22 25 31 38 43 51
13 851
1 6 10 14 17 19 25 31 34 42 48 53 62
10 20250
1 2 5 13 20 22 27 33 42 43
10 14898
1 6 11 16 22 25 31 40 46 55
8 26168
1 1 4 7 16 21 24 30
13 26136
1 3 9 11 15 22 25 28 33 38 39 40 49
7 29360
1 7 13 22 25 32 35
14 25478
1 7 12 14 21 27 31 34 40 48 49 54 55 60
9 8487
1 2 11 16 20 21 24 33 36
12 5099
1 7 9 12 16 19 23 26 32 37 43 45
6 20806
1 2 4 6 14 17
11 26637
1 9 15 20 23 31 38 43 44 51 54
8 21051
1 9 12 17 22 29 33 41
8 18813
1 4 6 7 8 11 15 24
13 24530
1 2 6 12 20 21 24 33 41 45 47 52 55
8 23711
1 7 13 19 22 29 31 40
9 3402
1 7 11 14 22 27 34 41 48
8 3177
1 1 2 8 13 14 17 26
8 6320
1 9 10 15 20 28 37 46
6 4583
1 6 7 10 17 22
10 18753
1 6 10 14 21 23 25 34 40 48
13 30307
1 3 4 7 14 19 27 33 38 47 52 59 62
11 19298
1 6 14 23 32 35 44 53 58 67 72
14 6552
1 1 8 13 17 20 23 28 35 43 48 53 61 64
11 16268
1 1 6 15 20 21 27 29 31 32 33
12 10523
1 7 15 19 28 29 36 43 47 49 57 66
8 1121
1 4 6 14 17 25 33 42
8 25049
1 2 3 9 16 21 25 28
5 31193
1 9 11 20 24
13 11338
1 5 7 12 20 24 32 37 40 49 53 58 62
6 19634
1 9 17 20 28 34
8 8693
1 6 9 10 17 24 27 33
14 21009
1 5 6 10 17 23 29 35 42 50 52 60 64 67
8 24922
1 8 12 21 26 33 38 45
14 6727
1 1 7 16 24 32 40 41 49 51 58 64 71 78
12 31399
1 9 17 19 20 28 29 30 36 41 42 47
6 13890
1 6 10 19 25 26
6 8275
1 9 10 18 20 21
14 6903
1 7 12 13 14 16 19 28 36 37 39 41 45 50
5 20893
1 8 13 16 19
7 32640
1 9 17 20 21 23 28
14 8461
1 8 13 14 17 23 32 36 39 45 46 53 59 60
12 30687
1 8 13 21 29 34 37 43 52 58 63 67
14 13812
1 2 4 6 10 14 21 22 29 36 42 45 53 56
13 27992
1 2 9 12 14 22 30 39 40 44 48 49 50
14 17251
1 1 8 9 13 22 29 37 46 48 51 56 61 64
12 956
1 5 13 20 26 29 36 37 44 50 54 62
6 551
1 2 3 4 5 6
13 24513
1 6 10 16 20 22 23 25 30 35 42 50 54
13 10825
1 9 11 19 24 25 34 36 42 50 56 59 68
5 9783
1 7 12 16 25
14 31204
1 6 13 22 30 39 46 54 63 70 76 85 88 95
5 24014
1 6 7 11 14
10 23649
1 2 9 10 19 22 25 30 39 48
7 15462
1 8 10 12 20 22 30
7 21180
1 7 14 15 18 24 27
5 20428
1 7 10 18 20
13 6842
1 3 8 10 14 21 27 30 38 46 52 58 66
12 16109
1 6 15 17 21 22 25 30 37 44 48 53
10 4305
1 9 12 19 28 35 44 50 51 54
9 1623
1 7 11 16 19 28 32 33 36
12 11983
1 9 16 17 24 28 35 36 39 42 49 50
8 29097
1 9 13 14 18 23 24 29
10 12351
1 3 11 13 14 20 29 34 40 42
8 26493
1 1 8 12 20 25 34 39
12 24601
1 7 14 22 24 28 37 45 50 51 57 61
6 12612
1 6 12 19 20 29
8 2024
1 3 10 16 18 27 35 39
11 6482
1 5 9 12 18 26 30 36 38 43 45
12 30556
1 2 4 11 12 19 20 28 36 38 39 40
5 9166
1 9 14 22 27
13 29776
1 2 5 9 18 27 28 29 34 40 42 43 47
13 26377
1 7 11 19 25 28 32 40 46 50 51 58 66
12 20558
1 5 14 18 22 29 30 35 40 44 45 46
5 27202
1 9 18 27 30
5 31195
1 3 12 18 20
5 24143
1 3 5 10 12
12 27813
1 6 15 17 20 27 36 43 44 45 47 53
12 30129
1 2 10 14 18 27 32 38 39 41 43 47
5 18099
1 7 15 22 28
13 26270
1 4 11 12 17 19 26 33 41 49 52 61 64
8 16482
1 7 13 14 18 20 28 34
9 27438
1 8 17 21 27 35 43 52 57
12 18211
1 6 8 9 17 23 26 27 30 33 42 51
6 32512
1 7 13 19 22 24
11 15683
1 6 13 14 18 25 34 35 41 48 51
10 12789
1 7 11 19 24 33 41 45 48 56
9 13801
1 9 16 22 27 32 37 44 48
6 9213
1 7 10 19 23 31
14 14222
1 2 10 13 20 26 27 31 33 39 42 51 58 61
9 92
1 1 7 13 15 20 27 33 40
6 7794
1 3 9 13 22 29
13 3356
1 8 13 17 19 25 33 41 46 50 52 60 69
9 3175
1 9 14 23 25 27 35 40 47
14 25319
1 4 12 16 22 29 38 43 49 52 58 60 67 75
13 19120
1 1 4 5 10 15 21 28 30 34 38 40 41
8 1148
1 2 5 12 17 25 29 37
8 21359
1 1 5 11 12 17 23 31
11 17164
1 7 14 16 25 28 32 39 42 49 56
7 3635
1 3 9 15 21 29 33
13 13462
1 2 4 8 16 18 24 29 34 41 44 48 53
8 15926
1 8 9 16 23 31 35 44
8 3175
1 1 3 5 9 17 21 23
8 2405
1 3 7 15 16 17 25 27
5 4191
1 2 8 11 12
14 28323
1 6 12 21 24 32 34 42 43 46 52 56 62 66
5 27896
1 6 15 16 18
10 29447
1 7 10 19 22 25 31 37 42 47
7 10558
1 9 18 24 27 29 38
7 24413
1 5 12 20 29 30 37
11 13267
1 5 10 17 19 27 35 43 48 55 58
9 5220
1 6 15 17 23 31 37 41 42
6 17696
1 8 11 13 16 18
9 31213
1 8 12 17 23 24 33 40 44
6 20800
1 4 12 18 19 27
10 17974
1 1 2 3 12 17 22 24 29 34
11 15137
1 9 13 15 17 20 28 34 40 44 49
11 10042
1 3 8 16 19 26 28 37 44 49 54
11 17115
1 2 3 11 15 22 25 31 37 41 46
5 29546
1 5 10 13 18
6 13139
1 5 11 14 16 22
13 9792
1 8 11 14 17 26 35 42 47 48 56 59 67
13 29518
1 6 7 13 22 26 35 38 39 43 47 55 61
12 30225
1 9 11 15 21 26 27 34 35 42 51 57
12 12788
1 1 5 12 19 24 26 27 28 33 39 40
12 21326
1 7 14 21 27 29 31 33 39 41 50 55
11 29240
1 2 11 13 16 21 26 32 33 42 45
12 24952
1 7 12 16 19 20 24 29 32 40 42 48
14 10024
1 3 8 11 16 23 30 35 40 41 45 53 57 58
10 6646
1 6 10 14 15 21 30 37 45 53
5 13155
1 8 13 18 19
6 19767
1 1 10 14 20 29
13 5404
1 7 12 17 25 34 36 45 47 54 59 63 69
6 24150
1 3 4 10 12 20
10 5703
1 5 10 19 21 30 33 39 42 48
10 29025
1 8 9 18 20 22 25 29 33 40
5 7104
1 7 11 17 25
7 7413
1 6 12 20 26 33 35
12 10074
1 1 4 12 16 22 29 36 44 45 52 55
8 18521
1 6 9 10 17 18 22 29
5 18750
1 9 12 17 23
14 29621
1 2 11 20 24 32 39 42 48 55 64 68 75 82
9 14900
1 6 10 19 21 24 32 35 44
10 2687
1 6 13 17 19 23 31 40 45 49
11 21881
1 4 13 20 26 34 36 41 50 53 58
9 4734
1 2 11 15 24 25 31 33 34
5 5715
1 9 14 18 26
11 15854
1 3 5 14 15 16 25 27 30 35 39
6 32414
1 1 6 10 19 26
14 7733
1 4 10 12 18 19 26 27 35 38 44 49 55 64
6 4853
1 1 6 9 18 24
6 18069
1 9 17 18 26 35
12 11380
1 1 3 4 9 18 22 29 31 34 43 45
8 19322
1 2 8 16 23 27 32 39
8 26072
1 5 14 18 24 33 36 43
14 1205
1 9 17 20 25 33 34 43 44 50 51 57 60 62
6 31143
1 7 15 16 21 27
12 23103
1 8 9 14 20 24 29 36 43 51 54 62
9 15190
1 2 11 15 19 26 35 43 44
8 12534
1 6 9 16 22 28 31 37
5 18750
1 2 3 8 16
9 19595
1 2 6 9 14 17 18 26 27
9 25739
1 6 9 12 14 18 19 21 22
7 11849
1 8 10 11 12 19 20
9 32715
1 1 7 16 23 24 30 35 37
7 12608
1 3 4 7 9 12 13
5 9121
1 3 5 6 11
9 13692
1 1 2 6 15 16 22 23 29
11 22289
1 5 9 16 19 22 30 33 41 47 56
7 23091
1 5 9 17 22 30 38
12 30473
1 6 15 20 26 35 37 39 41 50 55 63
14 24794
1 9 14 15 21 28 32 40 46 50 55 64 69 73
7 20922
1 4 8 17 21 30 38
7 11405
1 1 9 12 20 21 25
14 14518
1 6 12 13 19 22 27 28 29 36 44 48 55 61
5 15497
1 1 5 14 21
6 19597
1 5 14 20 21 28
5 23730
1 2 4 11 17
11 16601
1 1 9 15 18 23 29 30 34 37 45
7 4221
1 3 8 10 13 21 24
10 11955
1 4 13 18 23 27 34 42 46 49
8 2411
1 6 9 14 22 23 25 28
13 22291
1 3 12 20 22 29 37 45 50 57 66 75 83
10 14510
1 8 16 17 26 34 39 43 48 56
11 104805
1 9 10 16 24 25 29 37 40 42 49
11 1000000
1 9 10 16 24 25 29 37 40 42 49
