1
2
3
4
5
6
7
8
9
10
11
12
13
14
15
16
17
18
19
20
21
22
23
24
25
26
27
28
29
30
31
32
33
34
35
36
37
38
39
40
41
42
43
44
45
46
47
48
49
50
51
52
53
54
55
56
57
58
59
60
61
62
63
64
65
66
67
68
69
70
71
72
73
74
75
76
77
78
79
80
81
82
83
84
85
86
87
88
89
90
91
92
93
94
95
96
97
98
99
100
655
1309
1963
2617
3271
3925
4579
5233
5887
6541
7195
7849
8503
9157
9811
10465
11119
11773
12427
13081
13735
14389
15043
15697
16351
17005
17659
18313
18967
19621
20275
20929
21583
22237
22891
23545
24199
24853
25507
26161
26815
27469
28123
28777
29431
30085
30739
31393
32047
32701
33355
34009
34663
35317
35971
36625
37279
37933
38587
39241
39895
40549
41203
41857
42511
43165
43819
44473
45127
45781
46435
47089
47743
48397
49051
49705
50359
51013
51667
52321
52975
53629
54283
54937
55591
56245
56899
57553
58207
58861
59515
60169
60823
61477
62131
62785
63439
64093
64747
65401
66055
66709
67363
68017
68671
69325
69979
70633
71287
71941
72595
73249
73903
74557
75211
75865
76519
77173
77827
78481
79135
79789
80443
81097
81751
82405
83059
83713
84367
85021
85675
86329
86983
87637
88291
88945
89599
90253
90907
91561
92215
92869
93523
94177
94831
95485
96139
96793
97447
98101
98755
99409
100063
100717
101371
102025
102679
103333
103987
104641
105295
105949
106603
107257
107911
108565
109219
109873
110527
111181
111835
112489
113143
113797
114451
115105
115759
116413
117067
117721
118375
119029
119683
120337
120991
121645
122299
122953
123607
124261
124915
125569
126223
126877
127531
128185
128839
129493
130147
130801
131455
132109
132763
133417
134071
134725
135379
136033
136687
137341
137995
138649
139303
139957
140611
141265
141919
142573
143227
143881
144535
145189
145843
146497
147151
147805
148459
149113
149767
150421
151075
151729
152383
153037
153691
154345
154999
155653
156307
156961
157615
158269
158923
159577
160231
160885
161539
162193
162847
163501
164155
164809
165463
166117
166771
167425
168079
168733
169387
170041
170695
171349
172003
172657
173311
173965
174619
175273
175927
176581
177235
177889
178543
179197
179851
180505
181159
181813
182467
183121
183775
184429
185083
185737
186391
187045
187699
188353
189007
189661
190315
190969
191623
192277
192931
193585
194239
194893
195547
196201
196855
197509
198163
198817
199471
200125
200779
201433
202087
202741
203395
204049
204703
205357
206011
206665
207319
207973
208627
209281
209935
210589
211243
211897
212551
213205
213859
214513
215167
215821
216475
217129
217783
218437
219091
219745
220399
221053
221707
222361
223015
223669
224323
224977
225631
226285
226939
227593
228247
228901
229555
230209
230863
231517
232171
232825
233479
234133
234787
235441
236095
236749
237403
238057
238711
239365
240019
240673
241327
241981
242635
243289
243943
244597
245251
245905
246559
247213
247867
248521
249175
249829
250483
251137
251791
252445
253099
253753
254407
255061
255715
256369
257023
257677
258331
258985
259639
260293
260947
261601
262255
262909
263563
264217
264871
265525
266179
266833
267487
268141
268795
269449
270103
270757
271411
272065
272719
273373
274027
274681
275335
275989
276643
277297
277951
278605
279259
279913
280567
281221
281875
282529
283183
283837
284491
285145
285799
286453
287107
287761
288415
289069
289723
290377
291031
291685
292339
292993
293647
294301
294955
295609
296263
296917
297571
298225
298879
299533
300187
300841
301495
302149
302803
303457
304111
304765
305419
306073
306727
307381
308035
308689
309343
309997
310651
311305
311959
312613
313267
313921
314575
315229
315883
316537
317191
317845
318499
319153
319807
320461
321115
321769
322423
323077
323731
324385
325039
325693
326347
327001
327655
328309
328963
329617
330271
330925
331579
332233
332887
333541
334195
334849
335503
336157
336811
337465
338119
338773
339427
340081
340735
341389
342043
342697
343351
344005
344659
345313
345967
346621
347275
347929
348583
349237
349891
350545
351199
351853
352507
353161
353815
354469
355123
355777
356431
357085
357739
358393
359047
359701
360355
361009
361663
362317
362971
363625
364279
364933
365587
366241
366895
367549
368203
368857
369511
370165
370819
371473
372127
372781
373435
374089
374743
375397
376051
376705
377359
378013
378667
379321
379975
380629
381283
381937
382591
383245
383899
384553
385207
385861
386515
387169
387823
388477
389131
389785
390439
391093
391747
392401
393055
393709
394363
395017
395671
396325
396979
397633
398287
398941
399595
400249
400903
401557
402211
402865
403519
404173
404827
405481
406135
406789
407443
408097
408751
409405
410059
410713
411367
412021
412675
413329
413983
414637
415291
415945
416599
417253
417907
418561
419215
419869
420523
421177
421831
422485
423139
423793
424447
425101
425755
426409
427063
427717
428371
429025
429679
430333
430987
431641
432295
432949
433603
434257
434911
435565
436219
436873
437527
438181
438835
439489
440143
440797
441451
442105
442759
443413
444067
444721
445375
446029
446683
447337
447991
448645
449299
449953
450607
451261
451915
452569
453223
453877
454531
455185
455839
456493
457147
457801
458455
459109
459763
460417
461071
461725
462379
463033
463687
464341
464995
465649
466303
466957
467611
468265
468919
469573
470227
470881
471535
472189
472843
473497
474151
474805
475459
476113
476767
477421
478075
478729
479383
480037
480691
481345
481999
482653
483307
483961
484615
485269
485923
486577
487231
487885
488539
489193
489847
490501
491155
491809
492463
493117
493771
494425
495079
495733
496387
497041
497695
498349
499003
499657
500311
500965
501619
502273
502927
503581
504235
504889
505543
506197
506851
507505
508159
508813
509467
510121
510775
511429
512083
512737
513391
514045
514699
515353
516007
516661
517315
517969
518623
519277
519931
520585
521239
521893
522547
523201
523855
524509
525163
525817
526471
527125
527779
528433
529087
529741
530395
531049
531703
532357
533011
533665
534319
534973
535627
536281
536935
537589
538243
538897
539551
540205
540859
541513
542167
542821
543475
544129
544783
545437
546091
546745
547399
548053
548707
549361
550015
550669
551323
551977
552631
553285
553939
554593
555247
555901
556555
557209
557863
558517
559171
559825
560479
561133
561787
562441
563095
563749
564403
565057
565711
566365
567019
567673
568327
568981
569635
570289
570943
571597
572251
572905
573559
574213
574867
575521
576175
576829
577483
578137
578791
579445
580099
580753
581407
582061
582715
583369
584023
584677
585331
585985
586639
587293
587947
588601
589255
589909
590563
591217
591871
592525
593179
593833
594487
595141
595795
596449
597103
597757
598411
599065
599719
600373
601027
601681
602335
602989
603643
604297
604951
605605
606259
606913
607567
608221
608875
609529
610183
610837
611491
612145
612799
613453
614107
614761
615415
616069
616723
617377
618031
618685
619339
619993
620647
621301
621955
622609
623263
623917
624571
625225
625879
626533
627187
627841
628495
629149
629803
630457
631111
631765
632419
633073
633727
634381
635035
635689
636343
636997
637651
638305
638959
639613
640267
640921
641575
642229
642883
643537
644191
644845
645499
646153
646807
647461
648115
648769
649423
650077
650731
651385
652039
652693
653347
654001
654655
655309
655963
656617
657271
657925
658579
659233
659887
660541
661195
661849
662503
663157
663811
664465
665119
665773
666427
667081
667735
668389
669043
669697
670351
671005
671659
672313
672967
673621
674275
674929
675583
676237
676891
677545
678199
678853
679507
680161
680815
681469
682123
682777
683431
684085
684739
685393
686047
686701
687355
688009
688663
689317
689971
690625
691279
691933
692587
693241
693895
694549
695203
695857
696511
697165
697819
698473
699127
699781
700435
701089
701743
702397
703051
703705
704359
705013
705667
706321
706975
707629
708283
708937
709591
710245
710899
711553
712207
712861
713515
714169
714823
715477
716131
716785
717439
718093
718747
719401
720055
720709
721363
722017
722671
723325
723979
724633
725287
725941
726595
727249
727903
728557
729211
729865
730519
731173
731827
732481
733135
733789
734443
735097
735751
736405
737059
737713
738367
739021
739675
740329
740983
741637
742291
742945
743599
744253
744907
745561
746215
746869
747523
748177
748831
749485
750139
750793
751447
752101
752755
753409
754063
754717
755371
756025
756679
757333
757987
758641
759295
759949
760603
761257
761911
762565
763219
763873
764527
765181
765835
766489
767143
767797
768451
769105
769759
770413
771067
771721
772375
773029
773683
774337
774991
775645
776299
776953
777607
778261
778915
779569
780223
780877
781531
782185
782839
783493
784147
784801
785455
786109
786763
787417
788071
788725
789379
790033
790687
791341
791995
792649
793303
793957
794611
795265
795919
796573
797227
797881
798535
799189
799843
800497
801151
801805
802459
803113
803767
804421
805075
805729
806383
807037
807691
808345
808999
809653
810307
810961
811615
812269
812923
813577
814231
814885
815539
816193
816847
817501
818155
818809
819463
820117
820771
821425
822079
822733
823387
824041
824695
825349
826003
826657
827311
827965
828619
829273
829927
830581
831235
831889
832543
833197
833851
834505
835159
835813
836467
837121
837775
838429
839083
839737
840391
841045
841699
842353
843007
843661
844315
844969
845623
846277
846931
847585
848239
848893
849547
850201
850855
851509
852163
852817
853471
854125
854779
855433
856087
856741
857395
858049
858703
859357
860011
860665
861319
861973
862627
863281
863935
864589
865243
865897
866551
867205
867859
868513
869167
869821
870475
871129
871783
872437
873091
873745
874399
875053
875707
876361
877015
877669
878323
878977
879631
880285
880939
881593
882247
882901
883555
884209
884863
885517
886171
886825
887479
888133
888787
889441
890095
890749
891403
892057
892711
893365
894019
894673
895327
895981
896635
897289
897943
898597
899251
899905
900559
901213
901867
902521
903175
903829
904483
905137
905791
906445
907099
907753
908407
909061
909715
910369
911023
911677
912331
912985
913639
914293
914947
915601
916255
916909
917563
918217
918871
919525
920179
920833
921487
922141
922795
923449
924103
924757
925411
926065
926719
927373
928027
928681
929335
929989
930643
931297
931951
932605
933259
933913
934567
935221
935875
936529
937183
937837
938491
939145
939799
940453
941107
941761
942415
943069
943723
944377
945031
945685
946339
946993
947647
948301
948955
949609
950263
950917
951571
952225
952879
953533
954187
954841
955495
956149
956803
957457
958111
958765
959419
960073
960727
961381
962035
962689
963343
963997
964651
965305
965959
966613
967267
967921
968575
969229
969883
970537
971191
971845
972499
973153
973807
974461
975115
975769
976423
977077
977731
978385
979039
979693
980347
981001
981655
982309
982963
983617
984271
984925
985579
986233
986887
987541
988195
988849
989503
990157
990811
991465
992119
992773
993427
994081
994735
995389
996043
996697
997351
998005
998659
999313
999967
