73 44
1 3 3 4 4 5 6 8 8 8 9 9 11 13 15 16 20 23 24 24 26 27 27 33 36 38 39 39 40 42 43 46 51 51 51 53 54 55 56 56 57 58 59 59 60 62 63 66 66 67 68 69 73 73 75 76 77 78 78 80 81 81 83 83 86 93 93 94 94 94 95 97 100 
3 4 5 5 7 9 11 14 14 16 16 24 24 25 27 30 33 35 35 36 39 42 43 46 47 47 53 57 57 60 64 66 67 71 74 77 81 83 88 88 92 93 93 99 
51 46
2 4 7 8 9 19 24 25 25 26 32 32 33 34 37 42 42 43 45 45 49 50 52 52 53 54 55 56 59 63 63 65 65 66 66 67 67 67 67 73 81 82 82 82 85 85 86 87 94 99 100 
4 6 8 11 13 14 17 18 21 23 27 34 35 36 36 40 43 45 51 52 53 53 53 53 54 56 58 61 61 64 65 69 70 72 73 73 75 76 78 81 86 88 88 91 95 98 
46 76
4 6 12 15 18 22 23 26 30 30 33 33 34 36 42 43 50 51 59 60 61 61 61 62 65 65 66 67 69 72 73 75 76 79 80 80 81 81 83 86 87 88 90 90 92 100 
2 3 3 4 6 9 11 12 13 14 15 16 19 19 23 23 23 25 26 28 31 31 33 33 35 36 38 40 43 49 51 51 53 54 54 56 56 59 59 61 62 63 63 64 64 64 66 66 70 70 70 72 72 77 79 80 80 80 81 83 84 84 85 86 88 88 90 92 93 93 96 97 98 99 99 100 
89 23
1 2 4 7 9 10 12 13 14 18 18 19 19 20 21 22 22 22 24 24 27 27 27 29 31 35 35 36 38 38 42 43 44 44 45 46 47 50 50 50 50 51 52 58 59 60 62 63 67 68 68 69 71 73 73 73 74 76 77 77 78 78 81 82 83 84 85 85 85 85 85 85 87 88 89 89 91 91 93 94 94 94 94 95 95 97 97 98 100 
3 14 16 19 28 31 32 32 35 35 39 48 49 54 55 58 65 67 75 89 90 91 98 
73 77
1 2 2 3 4 5 7 9 12 14 14 18 19 19 21 23 25 27 28 30 32 34 36 36 36 37 39 40 48 49 50 50 52 53 55 56 56 56 58 58 60 61 61 65 66 67 68 71 71 73 74 75 77 79 80 80 80 83 84 85 85 87 88 90 90 91 91 93 93 94 96 96 98 
1 2 2 3 3 5 6 7 7 7 8 9 11 11 11 14 18 20 20 25 32 32 33 33 33 33 35 40 40 42 42 44 47 47 48 49 50 50 53 53 54 55 56 58 59 59 59 60 63 63 64 65 67 67 71 72 72 74 74 75 76 79 79 79 81 86 86 87 88 89 90 95 95 98 99 100 100 
76 18
4 5 6 9 9 13 14 18 18 18 22 23 23 23 23 25 26 30 35 36 36 36 41 42 42 43 43 44 47 48 49 51 51 52 53 54 54 55 58 59 63 68 70 70 70 71 72 73 75 76 80 80 83 83 84 84 85 86 87 87 88 88 88 89 90 93 94 94 95 96 97 97 98 98 99 99 
6 21 24 27 34 48 50 53 63 63 64 66 78 83 86 88 96 99 
47 30
3 5 6 7 7 10 14 14 15 15 15 17 18 19 19 22 23 24 25 25 26 32 38 40 43 43 48 50 50 51 51 53 56 57 60 64 66 68 70 70 76 79 85 88 91 93 98 
3 3 15 15 22 22 25 26 26 27 29 29 30 32 33 42 47 48 52 55 56 58 59 59 60 71 74 82 88 99 
91 58
1 4 5 5 6 8 10 11 16 17 17 17 19 19 20 22 23 25 26 26 28 28 32 33 33 34 34 34 35 36 37 41 41 42 45 45 45 45 46 49 49 50 53 54 55 57 57 58 59 59 60 61 62 62 63 63 65 66 69 70 74 77 80 81 82 83 83 84 85 85 85 87 88 89 89 90 90 91 92 93 94 95 95 96 96 97 97 97 98 99 100 
3 4 6 6 6 8 8 9 11 13 13 13 14 15 16 16 17 22 23 23 26 27 29 30 30 33 33 33 39 39 44 45 48 49 53 55 56 58 59 59 61 63 65 66 70 73 76 79 80 80 83 84 85 88 89 89 95 100 
70 96
6 6 8 10 11 12 15 15 16 16 17 17 20 20 21 22 24 25 25 26 28 29 29 31 35 37 37 39 41 43 44 46 47 48 49 49 51 52 53 54 55 55 56 56 57 58 58 59 61 62 64 65 67 70 70 70 71 74 74 75 76 77 80 87 87 89 90 94 96 98 
1 2 2 3 4 5 5 5 6 6 7 7 8 10 11 11 12 12 13 15 16 16 18 20 22 25 25 25 26 26 28 28 28 30 30 31 31 33 33 33 35 35 36 37 39 40 40 41 42 43 43 44 48 49 49 50 51 52 52 53 53 55 56 56 57 58 61 63 65 66 68 68 69 70 72 74 75 76 77 77 77 78 79 82 83 84 84 85 85 87 89 90 94 98 99 100 
28 2
2 2 28 31 31 32 33 34 36 40 42 50 50 53 58 59 68 70 75 76 78 78 83 90 92 93 97 99 
65 100 
18 72
18 22 22 26 29 51 52 55 55 58 66 66 68 81 83 89 89 93 
1 2 3 5 5 10 11 13 15 16 17 17 19 24 25 25 27 27 29 30 33 40 41 41 41 42 42 43 46 47 50 51 52 52 53 53 54 56 56 56 62 65 65 67 68 68 70 71 72 74 74 75 75 77 78 78 78 79 80 81 84 86 91 91 92 93 93 94 94 97 97 98 
46 13
8 10 11 12 12 16 17 19 20 21 23 23 23 24 29 29 30 30 32 32 36 38 41 41 49 52 57 58 58 59 60 64 69 70 71 79 82 84 85 85 86 90 93 93 94 94 
1 4 14 21 25 42 58 71 75 84 89 89 91 
55 20
1 2 2 4 4 9 10 14 14 16 16 20 23 27 28 29 31 33 33 34 40 41 43 46 47 48 57 60 60 61 63 64 65 67 69 70 71 71 72 73 73 73 74 77 79 82 82 87 87 92 93 94 95 96 99 
1 5 19 19 22 44 47 54 65 65 68 73 75 81 83 85 94 95 96 99 
12 93
12 17 43 47 49 50 57 68 71 78 89 89 
2 2 3 7 8 10 10 12 13 13 14 15 16 18 18 19 21 23 24 25 26 27 27 28 28 29 29 29 30 31 34 35 35 36 36 36 37 37 39 40 40 41 41 43 44 45 46 48 49 50 53 54 57 57 58 59 60 61 62 62 62 64 65 66 69 72 74 74 74 76 77 77 77 79 80 82 82 86 89 89 92 95 96 96 97 98 98 98 99 99 99 100 100 
69 93
1 2 3 3 4 4 7 7 8 9 11 12 13 15 17 17 18 19 21 22 24 26 26 27 28 30 31 33 37 37 39 42 43 43 47 49 50 51 52 53 54 54 54 55 55 56 57 57 58 59 63 65 66 67 68 68 68 74 76 76 79 82 84 84 85 89 90 94 95 
1 2 3 4 4 5 6 6 7 8 9 9 10 11 11 12 13 14 15 17 18 22 22 23 24 26 26 27 27 30 31 32 32 34 38 38 38 39 39 40 41 43 46 47 47 49 49 50 53 54 54 55 57 57 57 58 59 60 60 61 61 61 62 68 69 70 71 73 73 79 80 81 81 83 84 85 85 86 87 87 88 88 89 91 91 93 93 94 95 95 96 97 99 
47 18
2 6 9 9 11 12 13 14 15 15 19 24 26 29 30 30 31 35 40 46 47 55 56 57 58 62 65 66 66 70 71 71 72 72 73 73 74 80 85 86 86 89 90 91 93 93 99 
9 15 17 28 31 33 36 60 62 67 68 72 74 79 86 91 95 99 
85 51
2 5 8 8 15 15 16 16 19 20 21 22 23 24 26 26 27 29 31 31 32 33 33 33 33 34 35 36 40 40 41 42 42 45 45 45 49 50 56 56 56 57 59 60 60 60 62 62 63 63 66 66 67 69 69 69 69 70 71 72 72 75 75 75 77 77 84 84 84 87 88 91 91 91 91 92 94 94 94 94 95 97 98 98 100 
1 4 5 10 11 15 24 25 27 29 33 35 38 38 40 41 45 46 50 51 52 52 52 54 56 57 59 61 64 65 67 69 71 72 73 73 75 76 80 80 81 83 84 88 90 92 93 95 97 98 98 
93 80
2 2 4 5 5 7 8 9 9 10 10 11 11 12 13 15 17 18 19 21 21 22 23 24 27 28 30 32 33 35 36 36 37 40 41 43 45 45 46 47 47 47 48 48 49 50 53 54 54 57 59 60 62 63 64 64 65 66 67 67 68 68 69 69 70 70 70 70 71 72 75 75 77 79 82 82 83 84 85 87 89 89 91 92 95 96 97 98 99 99 99 99 99 
3 3 6 6 9 11 13 14 14 14 17 20 20 22 25 25 25 26 28 29 29 29 30 31 32 32 34 35 37 37 37 40 41 41 44 44 44 46 46 46 48 48 48 52 56 56 56 57 60 61 65 65 66 71 72 72 74 74 76 76 78 78 78 78 79 81 83 84 84 84 85 87 89 89 90 93 93 96 98 98 
84 88
3 3 4 6 6 6 7 8 8 9 11 13 13 15 15 17 17 20 21 22 23 24 26 27 28 28 28 29 30 30 31 31 32 32 35 38 38 39 42 42 43 44 44 44 46 47 47 48 50 51 53 54 58 61 62 65 65 66 66 67 70 71 72 73 74 76 77 79 80 81 81 82 82 83 84 86 88 89 89 92 93 93 96 100 
1 1 2 2 6 7 7 7 7 8 8 9 9 10 13 15 22 22 25 26 26 27 27 27 28 28 29 30 32 32 34 35 36 36 37 37 38 39 39 40 40 43 43 47 48 49 52 54 54 55 58 64 66 66 66 67 68 69 70 71 71 72 74 75 77 79 81 81 82 83 84 86 89 89 90 90 93 93 93 93 95 95 95 96 96 98 98 100 
78 41
2 2 2 4 4 5 6 8 9 10 11 13 13 14 15 17 17 18 23 27 28 29 31 31 32 37 37 39 41 41 41 42 42 43 44 45 46 46 49 50 50 51 52 54 56 56 58 59 59 60 62 63 65 65 71 71 74 74 75 76 77 80 80 81 84 84 88 89 90 90 91 92 92 95 95 96 97 99 
2 4 4 6 6 10 12 12 13 18 22 27 27 28 28 29 30 33 35 39 41 41 43 48 49 52 63 66 70 77 79 84 85 86 87 88 93 94 95 100 100 
35 38
4 5 6 7 8 12 16 17 24 36 38 42 43 43 44 46 47 47 50 50 56 61 62 64 69 72 82 84 85 86 89 90 92 92 94 
1 4 7 14 19 19 21 23 27 27 27 28 32 33 35 36 36 39 42 46 49 49 50 52 58 61 62 63 63 68 70 74 81 81 82 82 90 95 
4 19
3 13 27 94 
5 6 16 18 22 34 36 43 56 63 70 73 75 75 81 82 84 97 99 
82 57
1 1 1 1 2 3 9 9 11 11 13 13 13 14 14 15 17 17 18 21 21 22 25 25 27 30 31 33 34 35 36 37 38 38 39 42 43 45 45 47 48 48 48 49 52 53 55 58 60 61 61 61 62 64 65 66 69 70 71 71 74 75 75 79 79 79 80 81 82 82 83 83 84 86 87 87 90 90 96 97 100 100 
3 3 4 6 13 18 18 18 24 25 26 26 30 31 31 32 33 35 38 39 41 42 44 44 47 49 53 57 58 59 59 62 63 64 66 66 66 68 69 71 72 72 73 73 75 76 78 80 81 81 85 87 90 93 93 95 100 
9 16
2 16 21 36 46 63 88 89 94 
1 2 12 17 19 21 24 38 45 49 50 54 56 57 88 98 
72 18
3 4 4 5 6 8 11 12 15 16 16 17 17 17 24 24 24 24 28 30 31 34 36 37 38 39 39 41 42 43 43 43 45 50 54 54 55 55 57 60 60 62 62 63 65 66 67 70 74 75 75 75 76 78 83 84 85 86 87 87 88 90 90 92 92 93 94 96 97 99 99 100 
2 14 16 25 36 46 51 56 57 67 71 73 74 76 84 89 89 98 
8 94
34 35 36 75 86 87 88 90 
3 4 6 8 8 10 11 13 14 16 17 18 19 20 20 20 21 22 22 23 23 24 24 25 25 26 26 28 29 31 32 34 35 35 36 36 37 38 39 39 43 48 48 50 52 53 53 55 56 58 59 62 62 62 64 64 65 66 67 67 68 69 70 70 70 71 73 73 74 76 77 78 79 80 80 80 82 82 82 83 85 85 86 87 87 89 91 91 95 96 97 98 99 100 
60 7
5 13 16 20 21 22 27 29 29 31 31 32 32 32 33 34 34 34 36 41 41 45 50 50 51 53 59 59 62 64 65 66 67 68 73 73 73 75 76 76 78 79 79 81 84 84 85 86 86 90 94 96 97 98 98 98 98 99 99 100 
2 38 57 58 71 74 81 
49 35
2 3 4 4 5 8 9 9 10 13 15 20 24 24 26 27 27 27 30 34 37 38 39 39 40 42 44 44 50 56 62 62 64 64 67 69 70 72 72 81 82 83 84 94 96 96 97 99 100 
1 2 4 4 13 18 20 20 23 25 32 32 36 41 41 41 46 47 49 58 60 60 62 65 66 68 72 73 73 78 80 82 90 94 98 
16 91
18 30 33 37 38 52 54 61 68 70 75 81 90 94 97 99 
2 2 3 3 5 8 10 11 12 13 14 14 14 16 19 20 20 21 21 21 22 22 24 24 25 26 27 27 30 31 31 36 36 39 39 41 41 45 45 46 47 48 54 54 57 57 58 59 59 60 61 61 61 62 64 65 65 65 65 66 68 69 71 71 71 72 73 74 74 77 78 79 80 81 83 83 83 85 86 87 87 91 92 94 95 95 95 96 97 97 99 
36 24
1 7 10 10 11 21 25 26 27 32 35 37 41 45 46 48 50 52 53 54 57 59 59 60 60 64 66 68 70 73 74 90 90 91 93 98 
7 8 10 14 15 23 23 27 32 32 35 51 51 55 59 64 76 76 78 79 79 84 97 99 
4 17
20 43 64 86 
7 14 20 26 28 30 42 44 44 45 45 47 52 64 69 89 97 
40 99
1 3 3 6 9 10 14 15 15 16 17 19 19 20 27 29 30 30 31 34 35 35 36 36 38 42 47 51 54 68 68 72 78 80 87 89 90 92 93 98 
3 4 5 5 6 8 8 10 11 11 12 15 15 16 17 18 18 19 20 22 23 24 25 28 29 29 31 32 36 38 40 40 41 41 45 45 46 48 48 50 50 52 52 53 54 55 56 56 57 57 59 60 62 63 65 65 66 66 67 68 68 72 73 75 76 76 76 77 80 80 81 82 82 82 82 84 85 86 86 86 86 88 88 90 91 92 93 93 93 94 95 95 95 97 98 99 100 100 100 
50 99
3 11 11 13 13 14 16 16 17 17 21 23 27 32 34 36 37 37 37 39 46 54 54 54 56 58 59 60 61 62 62 64 64 66 71 71 74 74 75 84 86 88 88 90 93 93 94 96 96 100 
3 3 3 5 6 9 9 10 10 12 13 15 16 16 17 18 18 18 20 20 22 22 22 23 27 27 27 28 33 34 35 38 39 40 41 42 42 43 43 44 44 47 47 47 53 54 54 55 56 56 57 57 58 58 61 63 64 64 65 65 65 66 66 68 68 69 69 69 69 71 72 74 75 76 76 77 78 79 79 81 81 81 84 88 88 90 92 93 94 94 95 95 95 96 97 98 98 98 99 
54 24
4 4 9 9 10 11 12 13 14 15 16 17 18 23 23 23 25 26 27 34 36 42 42 44 44 49 51 51 52 55 57 59 67 69 71 73 75 77 77 80 82 83 83 85 85 86 88 90 92 92 94 98 99 99 
21 26 27 36 42 43 46 55 57 57 59 59 60 63 65 75 76 85 86 90 94 94 96 100 
38 97
7 12 16 19 21 22 23 23 23 26 29 30 30 32 37 45 56 58 59 61 62 65 67 68 68 76 76 76 77 84 84 88 89 90 95 95 95 100 
2 4 5 6 6 8 8 9 11 11 12 12 13 14 14 14 15 15 16 17 17 17 18 18 19 20 20 22 22 23 26 26 33 34 39 39 41 41 42 45 46 47 47 47 48 48 49 50 50 55 58 60 61 62 63 64 65 65 65 65 66 66 67 67 67 69 70 70 71 71 74 75 77 77 78 78 80 80 81 84 84 85 86 86 86 87 88 92 92 93 94 95 96 98 99 99 100 
55 2
1 2 4 7 15 16 19 20 24 25 25 29 31 32 34 35 35 38 44 46 49 52 55 55 56 58 60 61 61 62 62 64 65 66 67 67 67 68 70 70 72 79 79 80 84 84 85 91 92 93 95 96 98 99 99 
83 83 
71 85
4 4 5 7 7 11 12 13 14 16 16 17 17 18 18 22 22 23 24 25 26 28 31 31 31 31 34 36 36 36 36 41 44 45 48 48 50 51 52 53 54 56 58 59 61 70 74 75 78 78 78 79 80 81 82 82 83 83 84 85 85 86 87 87 88 88 89 98 98 99 100 
3 4 4 6 6 7 8 11 13 13 13 14 14 15 15 17 18 19 20 21 22 24 29 29 31 31 32 32 34 35 37 38 39 40 41 43 48 48 48 49 53 53 54 55 56 57 57 58 58 58 60 60 62 64 64 68 69 70 73 74 75 75 75 76 78 81 81 84 85 86 86 86 88 88 90 91 93 94 94 95 95 98 98 98 99 
47 62
2 12 14 15 15 20 21 21 21 23 24 25 30 34 37 37 40 40 40 41 43 48 48 48 49 51 58 58 58 60 71 72 73 76 80 80 83 87 87 91 92 92 94 94 96 98 99 
1 3 5 5 7 10 13 13 15 15 16 21 26 27 27 28 29 31 35 36 39 41 43 43 45 46 48 48 49 51 51 54 56 57 58 58 60 65 66 67 68 71 71 73 74 74 74 74 76 77 79 79 81 87 87 89 91 92 94 94 95 95 
98 55
1 1 1 2 3 5 6 7 9 10 11 13 13 14 14 15 23 23 24 25 26 27 28 30 30 31 31 34 34 34 35 35 35 36 36 36 37 38 38 40 41 43 44 45 46 46 47 48 48 50 50 52 52 55 56 57 58 58 59 59 60 62 63 65 66 67 67 68 70 74 74 75 76 77 78 79 79 81 81 83 83 83 85 85 86 86 86 89 90 91 92 92 94 95 97 98 98 99 
1 2 8 8 9 10 10 11 17 19 22 23 24 24 27 28 28 29 39 39 40 42 42 45 45 46 47 54 57 59 62 65 66 67 69 71 72 72 75 75 76 79 82 83 83 84 84 84 87 90 92 94 96 99 100 
98 18
1 2 3 6 7 8 9 9 10 10 12 12 12 14 15 18 23 23 25 26 26 27 27 28 29 30 30 31 32 32 33 39 42 43 45 46 46 47 48 48 49 50 51 51 52 53 55 56 56 56 56 58 58 59 59 60 61 61 65 65 66 66 69 71 72 74 75 76 78 79 80 80 81 81 81 82 82 83 87 87 88 88 89 90 90 91 91 92 92 92 93 94 95 97 97 98 99 100 
3 6 9 16 23 30 38 43 44 44 47 53 57 60 77 84 92 97 
37 37
4 14 16 18 18 21 25 26 27 27 30 31 32 35 35 38 39 51 53 57 59 60 65 65 65 68 69 71 74 76 77 81 83 83 85 94 97 
2 4 10 17 25 26 26 27 30 32 33 36 37 41 42 44 45 47 50 50 51 55 63 65 65 65 69 73 74 76 77 79 86 90 92 95 98 
79 54
1 6 9 10 12 13 14 15 16 18 22 24 24 25 26 27 28 30 33 33 33 34 40 41 43 43 46 46 47 48 48 48 49 49 52 53 53 54 54 54 54 57 57 58 58 58 58 58 60 61 62 62 64 65 66 66 69 72 74 78 78 80 82 83 84 85 86 87 88 90 94 96 97 97 97 98 99 99 100 
1 3 3 15 16 16 17 18 19 20 21 22 23 25 25 26 26 27 28 30 30 31 32 34 34 38 40 40 42 44 45 45 46 46 46 47 50 51 51 56 57 61 63 63 64 67 68 71 71 78 80 81 97 100 
86 99
4 5 5 6 6 7 9 10 11 11 14 15 16 16 17 17 17 18 19 21 22 24 24 24 26 29 30 31 32 33 35 35 35 37 37 37 38 39 39 41 41 43 44 44 46 46 47 48 51 53 55 55 56 57 58 63 64 64 64 65 67 72 73 74 75 76 80 81 83 83 83 85 87 88 89 90 91 91 91 93 94 95 96 96 100 100 
1 1 2 5 5 6 7 7 7 8 9 12 12 12 13 14 14 15 17 17 18 19 21 21 24 25 25 25 26 26 28 28 29 29 29 33 34 34 37 37 38 38 41 41 45 45 45 46 46 46 47 49 51 52 53 55 57 58 60 60 60 60 60 63 63 64 66 67 67 67 68 69 69 71 72 72 74 77 77 77 79 81 81 83 84 86 87 88 88 88 89 90 90 91 91 94 94 99 99 
1 12
86 
1 4 18 20 24 27 31 31 54 61 83 88 
77 61
1 2 4 8 8 8 10 12 13 13 15 17 19 19 20 22 23 23 23 24 25 29 34 34 34 34 36 36 37 38 39 39 39 42 43 47 47 48 50 56 56 58 58 60 61 63 64 65 65 66 68 72 73 73 75 77 78 80 80 81 81 83 84 85 88 88 89 92 93 94 95 98 98 99 100 100 100 
2 2 4 6 7 11 11 12 14 16 17 23 25 25 26 27 29 29 29 36 37 37 40 41 42 42 49 50 50 52 52 52 55 57 57 58 59 59 63 64 65 69 70 71 72 73 73 75 76 76 79 84 85 87 88 89 91 95 95 98 98 
24 32
3 4 6 8 9 11 13 14 21 24 33 35 36 39 41 43 49 52 66 66 67 74 83 89 
2 2 2 3 9 11 11 11 13 14 16 18 19 21 30 36 37 46 53 55 56 56 61 69 83 85 86 89 92 93 93 100 
32 40
5 5 6 9 17 18 19 26 27 28 36 39 43 46 47 48 50 57 59 60 62 68 72 74 74 80 81 82 85 89 91 100 
1 2 3 3 4 5 7 7 10 15 20 20 23 24 25 29 31 35 37 37 37 40 43 45 46 49 50 53 56 56 56 58 61 66 74 82 84 84 89 96 
28 54
1 6 7 9 9 14 17 19 23 27 32 34 35 36 42 43 45 46 52 53 59 71 76 79 83 84 85 87 
7 8 8 8 9 10 13 13 15 18 20 22 23 25 28 29 30 32 33 37 37 38 38 38 39 41 45 46 46 48 50 55 57 60 62 63 64 68 70 71 71 71 72 75 76 83 85 88 90 96 96 98 98 100 
56 74
2 3 4 12 13 14 16 17 19 20 23 23 25 26 27 28 29 31 33 33 33 34 36 36 37 38 39 40 42 43 43 45 46 47 47 50 51 51 52 54 55 61 62 63 64 73 76 80 85 91 94 97 98 99 100 100 
1 2 2 5 5 7 8 9 9 11 11 13 15 20 22 22 23 24 26 26 27 28 28 32 36 37 38 38 39 39 41 41 42 44 46 48 48 50 50 51 52 54 57 58 59 60 61 62 63 63 64 64 65 65 66 67 67 68 68 68 72 73 74 74 74 74 76 76 79 79 84 89 93 99 
63 32
3 6 6 8 8 9 9 10 11 11 14 15 16 17 21 22 22 24 30 32 34 34 36 38 39 41 42 45 47 49 51 55 55 56 57 58 59 61 63 63 63 65 66 67 68 69 71 72 81 83 83 83 84 84 86 87 91 97 98 98 100 100 100 
10 14 15 22 25 26 28 29 32 32 32 32 44 50 50 51 53 54 55 63 63 64 68 71 73 79 86 87 88 93 94 98 
94 48
3 3 4 5 6 7 7 7 8 8 10 12 13 13 14 17 20 20 20 21 21 21 23 24 24 25 28 28 29 34 34 36 37 37 37 39 40 40 41 42 42 43 43 43 43 44 47 47 48 48 49 50 50 50 51 61 62 62 65 68 70 71 71 71 72 74 78 80 80 80 81 81 82 84 85 85 86 86 88 89 89 90 91 91 91 91 92 92 94 94 94 96 98 100 
4 8 10 11 13 13 13 13 14 16 17 18 20 20 21 21 21 23 25 26 27 29 29 30 32 34 35 43 43 44 47 50 52 53 53 56 57 60 68 68 70 77 78 80 83 86 89 98 
31 97
1 4 5 13 22 25 28 34 34 34 37 37 49 50 51 52 55 61 63 65 73 74 76 78 79 86 87 94 95 95 97 
2 4 4 4 4 4 5 5 7 7 8 8 8 10 12 12 12 13 13 15 15 17 19 20 21 24 25 25 25 25 26 31 32 32 33 33 33 34 34 35 35 40 40 41 42 43 45 46 46 47 48 48 50 50 50 50 51 52 53 54 56 56 60 62 63 64 65 66 67 67 68 68 68 69 69 69 70 73 73 73 74 74 78 78 78 79 84 86 87 88 88 93 94 95 97 99 100 
39 5
1 2 6 10 10 11 18 21 26 29 31 31 34 36 38 41 42 45 52 56 61 65 73 76 79 79 83 84 85 86 86 88 90 92 93 93 94 97 98 
3 10 12 69 86 
2 83
17 27 
3 3 8 8 8 9 10 11 11 12 13 14 16 17 18 19 20 23 23 25 29 29 30 35 37 39 40 40 43 44 44 47 48 52 53 54 54 55 55 57 58 63 63 64 65 65 65 65 69 71 73 75 75 76 76 77 79 80 81 81 82 82 83 84 84 85 85 86 86 88 90 90 91 91 91 92 92 93 95 95 96 99 100 
35 60
9 9 21 22 24 24 24 32 33 34 37 39 40 42 43 50 50 51 53 67 71 72 73 73 77 81 83 84 86 90 90 93 93 95 100 
1 2 3 3 6 6 6 6 7 7 8 8 12 12 13 15 17 20 22 23 24 25 28 29 30 33 35 38 39 41 44 46 48 48 50 53 54 61 61 64 67 67 70 73 73 73 76 81 83 85 86 88 88 89 90 92 92 94 96 100 
24 94
4 4 5 16 29 32 32 37 37 37 38 43 45 48 59 59 61 63 74 81 83 89 98 100 
3 5 6 6 7 8 11 15 15 16 16 18 20 20 21 23 23 23 24 25 27 28 29 30 30 33 33 43 43 43 44 45 47 47 47 47 48 48 48 49 50 50 52 54 54 54 55 55 57 57 57 57 58 58 60 62 63 64 64 67 68 68 69 70 70 73 73 73 76 77 77 78 79 79 79 83 83 85 85 85 86 87 87 88 90 90 93 93 93 93 94 94 94 96 
94 80
2 2 4 5 5 6 8 9 10 11 11 16 17 17 17 20 20 20 22 22 24 24 25 25 26 26 26 26 27 28 29 30 31 31 32 34 34 35 36 38 38 38 39 40 41 41 41 43 46 46 47 48 48 48 48 48 50 53 54 54 57 58 58 58 59 59 59 61 61 64 64 64 65 67 67 69 70 71 71 72 77 79 87 88 89 91 93 94 94 94 98 98 99 100 
2 3 3 3 6 10 13 13 14 14 16 16 17 19 20 20 20 21 23 25 27 31 32 34 34 36 38 39 40 40 43 45 45 45 46 46 47 50 51 53 54 55 56 59 59 59 60 66 68 70 71 71 72 72 74 74 75 76 76 77 77 83 83 84 86 86 87 89 91 91 92 92 92 93 93 94 97 98 98 98 
38 48
4 4 5 11 14 19 22 23 23 32 32 33 40 43 44 50 51 59 59 62 62 64 65 65 66 66 67 71 72 75 76 76 83 85 86 87 94 96 
1 2 2 3 3 4 5 11 12 14 14 18 19 22 22 26 27 28 30 31 32 34 38 40 44 45 46 47 52 54 60 65 67 67 68 70 71 72 74 75 76 79 84 90 94 95 95 99 
49 91
1 3 4 9 10 10 13 14 20 23 24 26 32 36 37 39 42 42 45 46 48 51 52 55 56 58 58 58 60 63 67 68 69 71 72 72 76 76 79 80 84 85 85 86 90 93 93 95 100 
1 1 2 2 4 6 10 10 11 13 13 15 16 16 18 19 20 20 21 24 24 25 25 25 30 31 33 34 36 38 40 41 41 42 43 45 45 46 46 47 47 47 49 49 50 50 53 54 54 55 57 58 59 60 60 61 61 62 64 64 66 68 68 70 70 72 74 75 76 76 76 79 79 79 81 81 82 83 84 85 87 89 90 90 92 93 94 96 97 100 100 
82 93
1 2 3 4 6 8 10 12 15 16 16 19 19 20 22 22 23 23 25 27 27 29 30 30 30 31 31 32 32 34 34 35 37 39 40 42 42 44 46 47 47 48 48 49 50 51 51 53 57 57 63 65 67 69 69 70 70 72 73 75 75 76 76 78 80 81 84 85 85 86 87 89 90 91 95 97 97 97 98 98 99 99 
2 3 4 5 6 7 8 8 9 11 13 14 15 16 16 16 17 18 18 19 19 22 22 23 24 24 24 26 26 31 33 33 35 38 38 38 39 40 40 41 41 46 46 48 49 50 51 52 52 53 55 58 58 59 59 59 63 63 64 64 65 68 68 71 71 71 72 73 73 73 74 74 76 78 79 80 82 83 83 86 87 88 89 90 90 91 94 96 96 98 99 100 100 
40 18
4 6 7 8 9 10 10 15 18 19 21 23 25 29 31 36 36 38 39 39 41 41 61 63 64 66 66 68 69 70 73 74 80 83 89 92 93 93 94 94 
13 25 26 26 37 39 41 45 46 50 53 56 64 68 88 99 100 100 
53 80
3 8 9 11 12 13 22 22 23 23 24 25 28 30 31 41 42 46 46 47 53 56 56 57 58 58 59 60 60 60 64 64 65 65 66 69 69 71 71 72 73 77 80 86 87 87 88 90 91 91 92 93 96 
1 1 3 5 7 7 10 11 13 14 14 15 16 17 20 26 28 29 30 33 33 34 34 34 37 38 40 40 40 42 42 46 46 51 51 52 52 54 55 55 55 56 58 59 60 61 62 64 64 68 69 69 71 72 74 77 77 78 79 80 80 80 81 83 84 88 90 90 91 92 92 94 95 95 95 95 97 98 99 99 
4 5
37 92 92 96 
1 13 35 52 90 
66 22
2 4 7 8 15 17 17 18 18 19 19 19 20 24 27 28 29 33 35 35 36 38 43 47 47 48 49 52 52 53 56 58 58 59 60 61 61 62 62 63 65 66 67 67 68 70 74 75 77 79 80 80 81 82 82 86 86 87 90 91 91 93 95 98 99 100 
3 5 17 19 26 32 33 36 42 50 60 65 65 68 72 79 80 81 85 90 91 96 
77 9
1 1 4 10 10 12 13 14 16 18 19 21 23 24 24 25 26 27 28 31 32 33 33 35 37 37 41 41 43 43 45 45 46 47 48 50 50 53 53 56 57 57 59 59 59 59 61 62 63 64 64 67 67 68 70 71 72 77 78 78 79 79 81 82 83 89 89 90 92 93 93 94 94 94 96 97 98 
8 11 18 21 51 56 73 86 88 
13 66
1 15 16 23 45 45 54 55 63 63 70 90 94 
3 5 6 8 8 8 9 9 14 14 14 15 15 17 19 20 21 21 24 24 25 27 31 32 35 36 36 37 38 39 42 43 44 46 46 47 55 56 57 58 58 60 64 67 71 72 72 73 73 73 76 81 82 83 83 83 85 86 86 87 87 88 89 91 93 100 
68 68
2 4 6 7 8 9 11 12 12 13 14 15 15 16 19 19 21 25 25 25 29 29 29 33 35 36 36 38 41 42 43 43 43 43 47 49 56 57 59 60 61 62 63 64 64 66 68 73 77 80 80 83 85 85 87 88 88 90 91 92 94 95 95 96 96 96 98 99 
1 1 1 2 4 5 6 6 10 14 17 18 18 19 19 20 23 26 28 29 32 34 35 37 39 41 42 42 43 44 46 46 48 50 52 53 55 57 57 57 59 60 63 65 66 67 68 70 70 70 71 73 74 76 76 78 79 79 82 84 90 90 93 96 97 99 100 100 
44 30
1 4 9 11 11 12 14 15 16 16 17 17 17 22 23 25 25 30 33 34 38 39 49 49 49 49 53 54 61 63 63 65 68 79 82 83 84 85 86 89 90 93 95 99 
9 11 12 13 15 18 24 30 32 42 46 51 54 55 58 60 62 63 66 71 72 74 77 78 83 85 92 95 97 99 
9 50
16 31 36 37 40 48 70 76 85 
3 4 7 8 8 10 13 14 14 19 19 19 21 21 26 27 31 36 38 41 41 43 43 44 45 46 48 51 54 55 55 58 58 61 67 68 70 72 78 80 82 86 87 88 88 93 93 96 96 99 
49 18
3 4 5 10 12 14 15 16 19 20 21 22 22 23 24 24 24 25 27 33 39 41 43 45 47 48 48 50 53 56 56 58 59 60 62 62 75 80 83 85 86 87 89 90 91 91 92 98 100 
7 15 17 17 17 23 24 27 32 40 44 44 51 53 60 80 87 97 
85 52
1 2 3 3 3 4 6 8 9 11 11 12 12 15 15 16 19 20 23 25 26 26 27 27 31 31 31 33 33 34 34 36 39 39 40 40 43 45 47 48 48 49 51 51 55 57 58 58 60 61 61 63 64 64 66 66 73 75 76 76 76 77 79 81 82 83 84 84 84 85 85 86 86 88 89 89 90 91 93 93 93 95 97 97 99 
1 2 5 8 11 14 20 21 23 23 25 26 27 27 31 34 35 36 38 41 41 42 45 47 49 52 55 56 56 57 57 59 60 61 65 66 67 68 70 71 71 72 74 75 76 78 79 82 83 86 87 97 
63 1
4 6 6 7 7 8 10 11 11 14 14 20 21 21 22 23 23 24 24 25 26 27 28 30 32 33 35 38 39 43 47 51 51 53 54 54 56 60 61 62 62 63 67 69 70 70 73 75 76 76 77 77 79 85 89 92 95 95 95 95 96 96 100 
8 
68 18
1 2 3 4 8 9 13 13 13 17 20 21 22 25 26 26 28 29 30 31 31 31 33 37 39 41 43 44 45 47 47 49 49 51 53 53 53 54 55 60 61 61 61 64 65 69 70 71 73 73 75 75 77 77 77 81 81 83 86 87 88 90 90 91 92 99 99 100 
4 6 11 20 20 21 31 33 37 43 47 50 50 62 63 81 92 93 
16 57
4 18 24 28 34 38 43 51 52 62 69 71 76 84 93 95 
5 5 9 10 11 12 16 16 19 19 20 20 22 22 22 24 26 32 32 33 35 36 40 42 42 43 44 45 48 51 53 54 54 55 56 59 59 59 63 65 65 66 67 69 71 72 73 75 75 78 78 83 86 92 96 97 99 
84 54
1 5 6 7 7 7 8 9 9 11 11 12 12 13 14 15 16 17 17 17 21 21 23 25 25 27 27 27 28 30 31 31 31 33 33 34 35 35 38 38 38 41 41 43 47 48 48 49 49 49 50 51 52 53 54 54 55 57 60 64 65 66 68 70 71 71 79 81 81 82 83 83 83 87 88 89 89 92 93 93 94 94 95 98 
4 4 4 13 16 19 19 19 25 25 28 33 38 38 38 39 40 40 40 41 42 42 48 49 50 50 50 51 51 51 55 57 59 65 69 74 75 76 77 84 85 89 90 90 90 91 92 94 95 95 96 97 99 99 
4 34
12 50 72 95 
3 5 6 17 18 18 22 23 26 28 28 33 35 37 38 40 45 45 46 48 52 52 54 57 63 64 64 70 72 76 78 92 93 94 
98 1
1 1 4 4 5 6 6 7 9 12 12 14 14 15 15 16 16 20 20 21 21 21 23 24 28 28 29 29 30 32 33 34 35 35 36 37 37 39 39 41 44 44 45 45 45 45 47 48 48 48 49 49 50 52 52 53 54 57 57 59 59 61 62 62 63 65 66 68 70 70 71 72 72 75 76 78 79 80 80 83 83 83 84 84 88 90 90 92 93 93 94 94 95 95 96 96 97 98 
29 
85 24
4 4 7 7 8 8 9 10 11 12 13 13 13 14 15 15 16 16 17 17 19 19 22 27 27 29 30 31 31 32 33 36 36 39 39 40 41 41 42 44 44 44 46 46 50 50 51 51 53 56 56 56 57 59 59 60 61 63 64 65 69 70 71 71 71 72 72 72 78 79 81 81 81 83 84 84 86 86 88 92 94 95 96 96 97 
3 7 17 18 22 27 33 42 44 52 54 59 66 66 69 79 80 80 81 86 88 95 99 100 
99 28
2 2 3 5 7 8 10 11 11 12 12 12 14 14 14 15 15 15 15 16 16 17 18 19 21 21 24 28 30 30 31 32 36 37 38 39 39 40 40 41 44 45 45 46 48 51 53 56 56 57 58 59 60 61 61 62 62 63 64 66 67 68 68 69 70 73 73 73 74 77 77 78 80 81 82 83 84 85 85 85 86 86 87 88 88 90 90 90 91 91 91 95 96 96 97 97 97 99 99 
2 5 9 11 13 13 13 13 18 18 19 22 38 39 39 40 42 43 46 49 50 54 54 66 75 85 88 91 
56 23
2 3 5 9 12 14 17 19 19 21 22 25 25 26 30 31 33 35 36 37 44 44 46 49 50 57 57 58 59 63 67 67 68 68 69 70 71 73 74 77 77 80 83 85 88 90 91 92 93 94 97 97 98 99 100 100 
5 7 9 10 12 12 13 14 16 19 42 42 43 43 51 51 57 60 64 66 67 73 94 
58 27
1 1 5 9 14 16 20 22 26 28 28 29 31 32 32 33 33 39 42 48 48 48 49 49 50 51 52 53 53 54 55 56 57 58 62 70 75 76 78 79 79 79 81 81 82 82 84 86 86 90 93 93 94 94 94 96 97 97 
8 12 13 17 17 19 25 26 30 30 34 39 39 42 50 54 58 58 62 74 77 85 86 92 94 95 100 
94 8
4 5 5 6 7 8 8 10 13 13 14 15 16 16 18 18 19 19 19 21 22 22 24 27 27 28 28 29 30 30 32 32 33 33 34 34 34 35 37 38 38 40 41 41 41 42 43 45 46 48 48 49 50 50 51 52 52 54 54 58 59 59 59 61 61 65 66 66 67 68 69 70 71 72 74 75 77 80 82 82 82 83 84 85 86 87 90 91 92 93 95 98 98 99 
2 6 10 20 32 57 85 90 
42 57
1 2 3 5 5 10 10 11 14 16 19 21 25 26 31 36 37 38 39 40 45 50 50 53 61 63 63 65 71 74 76 77 82 82 88 91 93 94 95 95 95 98 
1 1 5 5 5 7 7 8 9 10 15 16 18 24 25 26 27 30 32 33 34 35 38 38 39 39 40 40 41 43 46 58 61 62 62 64 66 68 69 70 77 80 86 86 86 87 89 89 89 91 93 95 95 97 99 99 100 
36 62
4 6 7 11 15 18 19 20 23 24 31 34 35 37 48 58 62 63 64 66 68 71 73 74 76 77 77 78 87 91 91 92 93 96 98 99 
2 3 6 6 7 7 7 9 12 12 14 14 16 21 24 25 26 28 33 33 40 42 43 44 47 48 51 51 55 59 60 60 62 63 63 63 65 65 66 68 68 71 74 75 77 77 78 82 83 83 85 86 87 87 90 90 92 94 96 98 98 100 
89 44
1 2 3 4 5 5 6 9 10 13 13 14 14 15 15 18 18 20 22 24 25 26 27 28 29 30 30 31 32 32 35 35 35 35 36 38 42 45 45 46 47 48 50 53 54 54 55 56 56 57 58 60 61 64 66 68 68 69 70 71 73 73 74 74 75 76 77 78 79 80 81 83 83 84 88 89 90 92 93 93 93 96 97 97 97 97 98 98 100 
1 2 3 4 11 11 14 19 20 21 22 25 25 29 35 36 44 45 46 48 51 56 58 61 61 61 66 66 67 68 71 72 73 77 79 81 82 83 83 85 93 98 99 100 
23 28
5 7 9 13 23 29 29 31 31 32 38 39 45 50 56 71 72 78 85 85 89 91 98 
8 9 18 25 26 29 33 33 41 41 44 46 49 56 58 70 70 70 75 78 84 87 91 91 95 97 100 100 
3 17
26 36 99 
4 15 20 21 32 35 46 54 57 66 67 76 79 79 81 86 94 
55 75
3 3 5 6 9 9 10 11 20 20 25 26 26 26 36 37 39 44 50 53 53 54 54 55 57 58 60 60 60 61 61 63 65 66 67 69 70 70 73 73 75 75 76 76 77 78 79 84 85 92 93 93 95 97 99 
2 2 2 3 4 8 8 9 10 12 13 13 15 16 21 21 21 22 22 26 32 33 36 37 38 38 39 39 39 42 43 46 47 47 49 49 49 50 51 51 52 53 55 56 59 61 62 65 67 68 68 71 71 74 75 75 76 76 77 79 81 86 87 87 94 94 94 96 96 96 97 98 99 99 100 
55 92
7 7 8 8 12 13 15 16 18 20 25 28 29 30 31 34 36 36 39 42 45 52 52 53 59 59 61 62 62 64 68 68 68 68 70 70 73 73 77 78 79 80 81 81 82 83 85 87 89 90 90 90 91 99 100 
1 3 3 5 5 6 6 7 8 8 8 9 9 11 12 12 13 15 16 17 17 17 21 26 26 28 29 30 30 32 33 38 38 41 42 42 42 46 47 49 50 54 55 56 56 58 58 59 61 62 62 63 63 64 64 65 65 66 66 66 67 69 69 72 73 74 74 77 77 77 81 82 84 85 85 85 86 87 87 88 88 89 91 95 97 97 99 99 100 100 100 100 
43 67
3 3 4 6 12 13 20 25 26 28 32 34 36 36 37 38 38 40 42 42 43 44 47 57 59 60 62 64 64 66 73 76 79 79 81 83 84 89 93 94 98 99 100 
2 8 9 10 10 13 13 14 15 15 17 19 19 19 22 23 29 30 30 32 33 34 34 37 39 42 42 44 46 49 51 53 54 55 55 56 56 57 57 59 59 60 62 67 67 70 75 76 76 77 80 80 81 83 84 85 85 86 87 90 90 92 96 97 98 98 100 
76 69
4 5 6 7 7 7 8 9 10 10 11 12 14 14 15 16 18 19 20 21 22 26 27 27 28 29 31 32 32 32 33 33 33 33 36 37 37 38 40 40 45 47 48 50 55 56 62 64 70 71 73 76 76 77 77 79 81 82 82 83 84 84 84 85 85 86 87 88 89 91 92 94 97 98 99 99 
3 3 4 4 5 5 7 11 11 12 15 15 18 21 25 26 26 31 34 36 37 39 43 43 45 46 48 50 51 55 58 59 59 60 61 62 62 63 66 67 68 68 71 74 75 76 77 77 80 81 82 82 84 84 84 85 86 86 86 87 88 88 88 90 95 95 98 99 99 
20 27
10 20 27 28 29 30 31 36 38 38 53 62 62 65 72 75 81 87 95 98 
2 2 5 5 10 16 17 21 21 30 34 36 42 42 45 47 50 51 52 74 76 79 81 88 89 89 90 
45 17
2 2 4 6 6 11 11 15 17 19 19 20 21 24 25 30 39 39 40 42 43 44 45 45 47 56 56 57 61 61 69 72 74 74 83 84 86 86 88 89 91 93 94 99 100 
6 7 9 10 32 36 38 42 44 44 52 64 66 86 93 98 100 
33 72
6 6 9 11 18 20 25 32 49 54 56 58 59 59 60 60 61 62 64 66 72 73 74 75 76 81 83 90 92 97 97 98 99 
1 2 2 4 6 7 7 8 9 10 10 10 11 11 11 12 15 16 19 21 21 21 24 25 25 25 29 32 32 34 35 36 37 37 39 40 41 41 41 45 47 48 49 51 53 54 55 57 60 63 63 64 64 66 69 73 74 74 75 75 78 80 81 85 87 87 88 90 92 97 98 99 
35 21
1 5 5 8 10 17 18 19 19 20 20 24 24 24 31 35 41 42 47 49 54 54 60 62 63 69 74 75 83 83 86 94 95 95 100 
2 3 13 17 24 30 31 38 42 42 56 59 61 62 70 70 78 80 92 92 94 
19 86
1 1 6 14 33 33 50 52 53 55 59 60 62 72 86 88 94 98 98 
1 2 3 4 4 9 10 11 12 13 14 16 16 16 19 19 19 19 20 21 21 26 27 27 28 28 29 31 32 33 35 36 38 40 40 41 42 43 43 44 44 46 48 51 51 53 54 56 56 57 57 58 58 59 60 60 61 62 64 65 65 66 67 68 69 69 71 73 74 75 76 76 77 79 79 80 82 82 85 87 90 91 94 94 94 95 
65 16
1 2 2 2 2 6 9 9 10 12 14 15 17 21 21 22 22 22 22 27 28 30 34 35 39 42 43 44 46 46 48 50 51 55 55 56 57 58 62 63 66 67 69 69 70 71 72 75 75 77 78 80 81 82 83 87 88 88 89 89 93 93 94 94 95 
12 34 36 55 59 60 61 62 64 71 71 76 91 97 98 100 
96 10
2 3 4 5 5 7 8 8 8 8 14 15 16 16 17 17 17 18 18 19 21 23 23 24 24 26 27 28 28 30 31 33 36 36 37 39 40 40 40 40 41 42 42 44 45 46 47 47 49 49 52 53 53 54 54 55 56 57 58 58 58 61 62 62 63 64 66 67 68 72 75 76 76 76 78 81 81 83 83 85 86 86 87 88 89 90 90 95 95 96 96 98 100 100 100 100 
2 7 17 26 30 45 52 52 76 98 
98 25
1 2 4 4 5 6 7 8 8 8 8 10 12 16 16 18 20 23 24 25 27 28 29 29 31 32 32 32 34 37 37 38 39 39 41 41 43 43 44 45 46 47 47 49 49 50 50 51 51 52 53 53 54 54 54 55 57 58 61 61 62 63 65 65 65 65 69 69 71 72 73 73 75 75 76 78 78 81 81 83 85 88 90 91 92 92 92 92 93 93 95 98 98 98 99 99 100 100 
1 8 12 15 24 26 32 34 34 34 40 40 44 44 50 50 52 66 70 75 86 90 93 93 97 
44 22
2 4 5 6 6 7 9 10 10 11 15 15 21 24 26 27 30 33 36 38 40 43 45 45 52 53 59 61 65 65 69 70 71 72 73 85 87 88 90 92 95 97 98 99 
2 2 4 8 8 11 12 16 16 18 18 19 24 31 34 44 45 45 47 53 59 91 
0 0
