1 1
3
6
1 2
1
5 3
2 3
1 2
10 5 3
3 5
1 2 3
3 4 2 11 5
20 60
11 12 63 8 26 100 13 51 17 62 29 67 48 54 6 1 80 73 97 65
35 50 33 57 54 94 26 39 1 45 7 61 32 7 84 55 98 34 47 28 98 62 27 82 52 31 95 91 25 97 35 50 33 57 54 94 26 39 1 45 7 61 32 7 84 55 98 34 47 28 98 62 27 82 52 31 95 91 25 97
99 10000
24 8 91 36 31 21 37 11 5 70 93 34 96 88 45 55 89 100 80 58 41 84 82 89 50 81 37 51 23 55 5 100 44 36 79 14 37 61 25 1 42 45 24 53 35 15 59 96 13 87 39 43 85 88 96 98 43 88 4 98 45 59 33 93 81 80 15 54 16 90 70 15 13 10 13 73 42 38 76 99 69 26 75 81 49 44 35 10 22 41 61 28 74 42 41 67 18 48 9
53 97 40 5 88 35 5 1 32 92 83 69 35 65 80 16 78 15 5 72 62 79 88 85 39 23 67 29 11 91 95 42 86 78 42 82 85 6 90 35 80 92 83 69 73 61 35 33 81 62 55 43 45 55 65 27 34 98 36 24 36 12 35 73 41 88 6 44 96 43 9 4 12 20 6 97 7 61 61 3 51 2 18 67 52 72 27 80 97 40 15 6 19 49 66 96 19 88 2 28 11 11 29 67 1 47 56 65 60 89 51 9 91 79 86 60 29 3 51 8 25 90 13 21 31 46 37 19 95 4 11 25 42 20 67 29 30 13 72 76 49 50 17 12 85 1 90 60 26 69 65 50 57 50 38 94 4 36 88 87 25 30 77 52 68 3 95 65 95 90 67 54 88 30 87 43 61 80 59 92 51 72 17 55 9 30 2 84 30 25 42 52 10 56 87 81 24 69 73 28 36 82 22 84 84 30 80 75 24 88 65 79 34 34 43 74 46 61 52 69 66 10 77 41 25 40 59 11 13 45 45 6 6 90 18 42 73 39 66 23 25 65 12 27 9 54 95 4 75 14 77 17 59 68 23 55 30 73 51 63 92 38 6 98 68 16 78 23 52 87 3 72 61 83 76 36 35 47 16 13 16 91 30 89 89 21 29 1 58 6 56 48 19 10 77 45 63 29 57 52 12 91 32 54 2 83 33 67 97 83 99 44 97 91 1 37 61 79 67 28 20 97 38 70 46 100 94 90 77 94 14 40 73 84 84 36 2 31 98 63 42 9 24 45 63 14 86 68 10 96 25 59 76 65 61 55 15 96 49 90 76 41 78 24 52 13 77 27 25 65 24 34 46 21 95 9 65 56 83 15 64 46 78 23 26 26 96 53 100 70 50 36 68 71 17 32 56 73 77 10 9 19 63 73 82 31 28 32 36 49 58 33 80 48 60 60 51 100 81 72 4 42 61 65 39 45 67 15 57 78 10 10 8 27 7 66 80 35 98 53 19 89 85 35 9 6 81 77 10 35 26 45 56 84 33 85 23 26 64 82 20 87 50 26 22 87 15 25 35 45 98 53 2 36 66 92 99 71 14 95 40 16 8 28 46 44 67 11 64 41 51 64 39 44 58 95 57 1 85 86 68 85 8 15 49 18 13 33 90 45 78 5 88 21 43 64 28 26 55 67 48 84 41 54 73 9 17 65 67 28 51 35 29 31 60 68 73 64 76 42 19 11 19 40 46 31 82 94 82 46 37 87 77 46 14 95 67 54 97 55 51 68 14 27 97 76 74 80 61 60 34 62 17 1 27 75 86 58 15 9 51 1 76 36 62 87 22 28 35 3 16 58 86 81 82 32 44 22 21 90 49 35 74 26 77 31 20 23 89 15 64 30 3 73 90 97 24 95 85 80 84 96 51 9 59 95 30 15 71 94 95 82 14 10 53 57 50 30 32 40 18 44 58 64 38 91 45 88 66 94 63 4 46 21 62 17 38 2 4 95 73 97 6 13 11 7 63 4 88 76 15 53 9 55 61 12 49 68 30 69 32 4 15 76 54 14 65 97 99 62 54 84 42 17 19 79 44 80 32 70 99 98 47 66 15 23 72 29 91 98 53 73 78 81 70 63 31 96 91 6 31 31 97 52 63 88 85 51 26 16 27 52 88 40 18 57 27 19 97 64 12 59 41 8 77 41 32 90 62 33 30 7 69 1 57 25 15 97 78 6 12 34 81 70 90 95 78 39 21 53 74 21 25 10 12 89 4 72 1 4 25 11 88 5 26 60 58 51 74 43 52 96 6 52 35 67 29 5 25 75 13 96 48 95 100 90 96 72 87 59 84 78 66 60 90 12 57 97 27 39 77 8 88 48 89 85 62 43 66 92 80 26 100 16 31 7 40 25 50 87 95 80 27 7 53 98 51 47 30 62 29 53 87 91 14 94 20 85 73 91 80 31 82 35 89 85 7 32 38 54 14 36 75 21 72 12 84 19 37 35 25 44 33 16 64 72 14 43 99 64 51 91 87 41 25 80 33 71 60 3 84 97 80 31 19 28 36 37 53 73 66 43 35 28 9 72 28 15 60 75 78 38 43 18 92 96 87 81 95 74 13 48 65 26 95 57 32 47 7 17 79 19 80 80 27 29 97 59 64 96 7 45 82 83 74 1 30 15 1 100 15 62 91 78 26 61 29 5 97 24 4 9 47 37 69 25 49 30 43 70 79 11 32 82 82 47 64 60 97 98 87 38 81 99 58 1 74 2 64 8 38 5 89 64 32 19 46 35 61 81 57 56 46 68 32 89 95 6 9 74 53 64 81 38 26 17 78 46 13 1 41 74 64 97 20 55 74 72 74 6 100 93 92 27 99 27 20 43 79 69 37 75 83 47 10 49 89 12 18 1 71 91 52 82 54 43 98 45 74 90 43 41 14 81 100 79 65 29 35 96 76 78 83 60 2 63 20 62 95 49 84 77 77 86 44 21 72 85 23 23 90 13 19 17 61 23 37 37 1 28 32 71 2 74 49 77 51 42 73 7 6 18 18 7 50 51 82 18 91 98 98 32 16 27 63 85 83 30 63 49 57 65 18 69 51 98 73 65 69 97 54 56 68 17 29 19 70 35 51 78 25 18 1 9 36 73 19 70 27 78 73 50 80 61 22 61 65 52 100 57 20 24 3 22 37 68 65 60 82 96 57 9 73 53 6 82 93 3 19 39 54 75 1 69 42 86 28 95 60 10 73 40 96 35 75 57 43 33 10 38 57 16 57 94 8 3 62 98 31 53 10 97 70 98 13 25 48 58 68 25 66 75 42 27 22 91 48 20 100 99 51 18 59 17 94 93 48 41 85 66 82 44 66 59 93 17 50 27 25 12 65 77 57 46 25 54 45 66 52 12 31 57 45 20 53 13 70 35 56 33 95 85 15 38 9 78 51 5 19 42 33 31 93 55 21 61 11 48 9 54 72 76 37 29 52 23 58 59 67 28 8 48 16 44 17 57 16 18 19 34 98 27 24 49 78 68 52 19 92 26 23 93 76 93 97 2 68 64 58 63 22 51 57 51 39 86 44 27 82 78 13 41 69 66 47 13 69 100 28 84 28 63 86 9 88 18 35 96 93 2 33 13 59 57 66 40 29 52 9 66 93 3 29 28 49 26 77 87 97 6 100 24 83 91 26 72 83 48 20 95 95 54 56 48 22 74 11 13 18 34 91 1 83 76 12 97 94 39 87 51 20 18 1 99 24 100 68 36 59 55 30 51 81 27 94 90 74 37 81 100 42 83 58 79 42 54 77 46 92 59 72 65 9 10 73 41 24 36 94 4 30 14 27 48 92 22 12 75 64 86 7 31 5 7 10 94 12 68 24 45 39 95 96 41 23 91 7 10 55 35 23 96 33 46 79 98 8 27 65 53 65 6 65 64 50 76 8 89 22 59 61 89 62 82 11 39 75 16 32 34 61 94 24 12 87 42 1 53 9 53 41 57 31 53 44 29 54 7 75 24 51 71 9 41 98 10 70 67 65 11 26 74 54 97 3 68 38 35 85 58 83 41 20 7 2 58 79 17 1 19 60 71 73 23 68 35 15 31 16 81 12 44 12 84 85 19 91 64 44 32 3 23 81 14 79 99 44 58 78 52 7 46 74 54 38 12 44 62 53 82 22 90 22 24 90 25 8 28 45 80 23 14 4 30 28 61 85 50 71 32 65 58 28 52 25 13 23 37 27 86 88 95 22 48 53 67 73 86 9 14 19 48 41 69 47 53 88 21 38 86 52 65 41 23 19 90 13 37 88 7 84 63 31 89 46 61 50 60 16 89 49 90 32 12 50 60 72 70 89 63 99 89 43 52 53 3 10 68 35 28 81 37 92 21 67 77 18 79 13 68 87 88 91 63 89 68 28 87 96 19 67 43 87 85 84 26 90 18 63 53 82 71 69 84 73 84 80 94 88 8 58 94 67 2 33 27 64 93 1 31 46 78 89 40 86 52 3 27 87 88 79 70 39 3 74 79 30 9 58 33 38 30 56 51 11 50 9 2 24 13 15 40 62 18 64 26 9 81 15 38 24 97 61 34 52 6 34 59 4 50 93 77 76 79 1 90 91 18 60 33 29 2 72 6 97 42 69 99 91 15 22 48 93 98 83 50 31 13 42 4 89 96 80 67 4 6 35 4 19 89 58 52 68 18 89 59 9 24 49 40 100 44 42 84 63 69 87 13 12 41 13 29 52 100 85 67 88 7 87 93 20 11 15 18 92 67 41 74 77 99 87 64 1 7 84 87 17 64 86 12 93 85 13 31 5 48 6 100 87 30 45 96 33 100 47 80 81 4 54 97 50 35 70 68 81 24 75 64 11 93 64 23 68 92 28 41 41 58 16 43 22 71 8 30 71 68 69 9 8 32 74 48 26 100 53 79 92 35 61 36 18 6 5 81 56 92 64 100 95 80 23 35 40 42 2 82 29 95 2 38 39 41 66 89 80 94 61 11 46 92 76 27 53 45 65 78 42 28 79 23 15 64 34 69 53 3 69 13 75 93 38 50 9 30 50 53 64 49 90 36 20 95 5 36 8 56 35 63 69 60 86 67 26 24 99 28 65 30 6 62 93 6 69 94 3 51 98 50 79 62 72 84 49 96 56 72 24 50 45 76 41 64 48 60 30 42 100 21 77 83 29 38 12 43 59 70 79 36 33 64 32 31 75 8 29 95 21 78 15 35 25 49 58 96 87 37 14 97 58 15 84 34 74 92 35 78 39 37 16 69 37 19 12 17 70 55 53 41 44 79 44 50 43 32 85 64 73 11 99 33 61 99 42 76 28 49 14 21 82 12 91 14 4 78 81 17 98 90 8 64 92 2 16 5 5 76 9 24 95 65 59 94 68 53 100 11 68 41 10 42 93 34 70 51 55 45 21 21 3 8 11 78 50 84 49 71 18 79 15 80 1 92 77 92 45 48 73 29 22 75 98 83 45 36 91 76 26 33 52 91 1 55 100 77 90 100 38 88 25 70 50 20 87 23 82 67 86 45 1 64 6 64 26 78 53 37 10 34 40 62 40 17 40 7 17 7 36 67 24 25 7 96 54 13 36 67 8 95 64 95 85 6 20 27 27 65 32 18 50 83 43 91 31 57 75 61 62 94 68 45 25 16 80 1 95 9 86 67 46 80 15 11 56 85 20 61 40 15 33 15 95 36 65 21 81 34 64 73 25 48 81 97 39 66 100 83 38 10 27 48 85 31 15 56 38 55 45 33 17 91 45 55 53 50 55 27 56 36 97 86 100 60 28 96 74 7 54 95 74 98 4 70 35 82 75 55 52 47 92 88 23 31 92 54 33 63 85 58 38 83 39 37 66 69 45 53 81 40 4 52 91 71 76 68 15 6 76 92 45 41 5 74 33 66 70 89 34 69 43 69 82 94 89 85 40 1 24 25 60 27 44 24 70 11 97 19 85 4 71 2 93 37 20 14 67 60 75 56 52 3 4 57 93 23 85 83 25 23 41 3 51 70 7 71 86 80 1 38 90 78 77 82 32 11 57 9 89 77 42 14 11 20 34 26 81 53 29 3 89 59 92 56 43 63 97 10 11 25 78 86 13 30 21 19 31 27 87 26 44 13 40 8 96 58 79 87 41 69 66 12 96 77 28 28 35 68 17 53 77 70 70 90 86 23 98 90 81 29 39 82 19 96 45 42 87 100 76 25 6 49 40 30 39 29 18 34 3 80 45 95 45 95 38 27 18 56 67 94 39 9 93 28 47 87 33 43 90 50 12 31 62 78 99 38 1 84 86 94 35 90 23 97 38 23 65 73 96 27 65 60 20 43 13 57 70 44 84 31 11 88 65 6 64 100 31 8 31 56 40 77 32 28 68 2 5 64 53 47 52 99 60 67 36 87 19 5 78 28 13 15 13 14 29 89 52 64 19 99 3 10 75 19 38 49 64 83 57 74 56 46 94 100 60 56 59 50 82 79 7 28 41 95 21 76 18 97 7 12 92 96 55 63 77 32 43 9 99 36 2 91 15 37 79 90 73 91 58 18 96 27 31 66 24 26 21 38 66 50 24 54 42 74 19 9 76 66 13 100 96 44 40 4 26 93 6 97 78 91 28 64 39 74 44 32 86 25 31 80 93 75 75 100 33 2 53 30 97 52 95 42 84 19 68 49 1 65 20 45 25 37 93 41 76 16 78 48 59 95 27 95 77 44 9 92 33 68 79 16 80 20 45 55 59 95 77 46 43 10 76 26 32 28 6 52 90 56 47 32 7 33 80 93 8 98 21 36 45 19 49 81 20 47 100 91 89 93 51 64 38 23 74 96 20 25 78 12 55 7 9 3 97 59 90 36 36 57 51 74 11 28 37 47 67 12 71 71 10 31 71 85 92 77 26 11 48 11 53 91 93 21 99 80 2 80 17 30 59 44 84 41 37 54 85 60 19 71 19 77 62 81 80 43 98 16 57 92 46 95 99 4 49 21 98 45 30 1 18 33 98 92 83 9 40 53 25 75 65 90 10 58 88 71 14 52 71 59 34 25 76 73 81 15 87 43 97 49 25 9 44 83 24 5 52 14 67 67 51 96 77 2 94 31 33 56 38 10 45 99 37 64 7 100 27 3 59 60 100 4 34 57 7 38 67 98 47 60 72 30 21 47 51 22 31 42 81 44 43 64 2 35 91 59 43 89 55 2 33 88 56 26 11 48 79 33 69 23 29 11 9 98 54 64 66 64 23 5 84 72 53 41 52 76 99 28 24 11 15 87 32 46 23 27 6 47 65 23 31 77 41 3 72 56 63 67 88 56 52 30 30 32 81 87 85 69 73 85 61 91 18 19 34 31 7 51 12 73 93 42 73 60 4 100 23 8 54 24 71 63 14 99 78 39 74 61 46 71 74 48 68 48 100 8 1 46 24 43 21 39 85 41 31 47 80 66 58 17 97 87 20 25 11 19 57 34 68 39 34 10 5 96 27 91 98 79 81 36 1 45 97 13 99 88 32 23 79 34 15 4 92 20 95 89 29 98 31 12 63 77 3 89 82 9 59 51 3 40 80 17 10 98 39 54 46 31 54 44 25 62 96 12 26 8 7 44 27 80 36 62 24 51 55 85 29 31 20 85 8 48 85 80 67 11 16 10 35 34 27 41 13 15 11 78 23 13 58 85 78 36 8 64 70 81 15 17 87 5 1 41 27 5 71 25 69 90 36 59 4 45 4 50 23 18 70 25 63 48 30 13 1 40 22 85 90 40 95 78 71 77 100 54 42 36 99 26 55 73 75 94 19 93 89 20 7 97 85 38 23 78 96 8 56 64 56 17 58 14 59 63 10 23 83 53 61 10 53 60 9 30 9 6 72 88 5 35 1 78 78 56 42 77 48 49 19 10 56 13 20 72 90 49 7 81 83 25 14 78 33 50 96 67 89 73 86 91 30 22 50 84 32 77 84 75 97 96 7 15 39 13 8 35 94 47 82 24 40 11 71 43 26 57 87 51 33 99 9 79 94 82 10 2 38 22 78 47 73 82 51 79 93 48 21 65 25 14 95 60 30 79 20 87 10 16 38 49 63 9 53 42 14 22 47 58 57 69 46 49 62 11 60 6 73 7 51 15 28 10 87 26 28 84 79 77 75 69 9 31 36 55 91 90 94 59 75 71 17 22 39 56 33 62 84 93 72 70 82 50 66 70 77 92 52 10 34 61 2 100 45 92 80 12 89 9 22 80 85 93 86 40 34 58 46 56 89 6 55 40 98 17 89 39 93 27 52 94 24 34 95 35 33 100 26 45 78 73 41 18 46 76 31 8 5 94 41 89 19 75 52 77 8 11 31 64 44 32 81 32 22 46 69 67 70 83 76 77 79 37 49 41 37 72 26 66 55 48 49 60 24 98 31 66 16 78 18 6 17 41 62 11 91 88 2 38 31 37 32 53 78 69 60 60 18 97 13 13 45 92 55 77 74 69 2 83 88 81 56 60 8 88 93 8 27 40 84 60 40 58 3 12 90 20 43 28 89 67 37 37 34 78 28 25 76 83 35 27 18 60 42 99 26 36 100 90 50 95 96 85 93 75 65 15 88 60 21 36 35 95 13 19 74 38 90 28 87 67 80 55 61 43 23 71 58 17 53 50 45 27 38 40 71 10 97 82 75 4 68 53 15 95 27 63 45 25 17 13 6 79 15 46 2 2 37 27 36 58 18 4 55 93 93 93 61 56 17 52 83 20 78 82 97 80 65 28 24 33 39 89 77 10 93 5 52 29 2 27 4 57 3 23 88 33 3 53 63 6 43 26 68 20 37 40 66 27 21 35 46 47 70 63 57 52 33 27 15 28 95 41 83 41 86 3 77 4 58 68 22 14 64 63 87 69 7 47 81 14 53 24 11 28 79 92 12 93 29 33 95 23 76 10 72 34 78 1 85 76 71 93 29 70 76 8 87 45 44 34 82 15 26 62 12 22 22 99 57 21 39 31 21 14 93 49 16 32 94 29 68 3 6 61 52 60 71 68 13 77 58 33 18 40 7 5 36 59 7 21 13 56 28 20 16 58 45 16 70 56 19 86 47 19 83 7 36 6 48 4 35 41 7 25 52 63 34 2 99 46 94 30 50 18 96 61 32 85 22 39 2 64 77 33 1 10 37 76 40 59 77 4 19 98 73 26 20 55 13 57 14 10 66 41 47 92 47 65 86 17 62 91 24 77 23 22 38 43 62 87 64 2 28 75 29 54 22 59 11 56 21 65 84 93 57 11 64 96 20 73 49 16 26 84 93 51 23 56 27 34 100 33 93 21 10 21 83 3 7 25 52 1 38 11 77 50 85 3 2 11 25 48 93 32 25 69 76 39 3 3 67 46 48 14 14 63 35 31 35 48 99 96 83 96 12 74 21 89 27 18 76 54 8 75 51 95 29 39 53 59 36 16 50 61 26 37 99 12 82 89 97 44 96 51 24 8 30 19 9 98 42 3 46 71 18 34 46 87 88 93 17 65 22 43 64 74 33 14 64 12 37 35 75 97 72 42 4 5 14 5 56 13 44 75 81 44 75 24 34 35 44 40 3 71 37 19 58 65 63 39 34 11 86 95 71 94 96 34 34 19 90 13 43 22 31 26 32 15 66 6 32 83 19 95 91 63 25 73 7 26 58 1 48 53 86 60 48 35 20 27 31 51 19 51 77 25 24 55 23 98 85 59 15 91 94 79 74 52 65 20 20 70 79 43 55 15 65 40 99 71 48 96 62 63 1 46 94 6 31 2 95 36 58 60 55 66 32 24 55 21 6 69 28 51 78 3 81 7 18 3 75 4 72 58 67 52 35 19 58 33 8 17 63 69 18 36 20 2 55 29 50 16 4 88 91 78 23 69 32 70 47 42 56 81 71 37 2 83 63 49 94 86 3 17 55 41 33 44 39 7 65 6 20 48 47 64 33 43 69 30 28 45 18 41 86 35 42 95 100 14 55 69 57 66 79 33 43 24 75 95 35 99 55 9 99 29 95 45 39 83 25 54 59 6 40 39 70 12 37 7 36 74 92 38 95 15 57 35 48 58 15 58 25 51 1 59 42 35 43 68 88 52 20 12 35 91 89 1 71 73 28 15 34 88 86 41 17 99 41 63 61 79 34 93 87 51 35 91 6 74 56 29 20 88 35 85 8 2 9 15 50 30 71 8 27 47 88 50 62 60 23 70 59 27 77 83 31 67 40 11 65 86 39 79 4 41 5 92 4 13 47 59 61 12 41 45 58 42 20 96 94 92 15 80 93 70 62 69 25 52 22 99 2 48 61 27 3 49 53 30 33 91 93 72 54 93 39 59 19 31 36 99 10 6 12 24 59 8 41 82 31 72 35 44 81 62 97 9 9 27 50 34 14 35 65 12 9 67 81 25 10 65 65 41 97 57 35 75 65 45 72 47 11 77 24 6 7 33 94 12 75 6 25 45 12 15 88 96 96 4 35 60 44 36 35 87 39 55 53 12 32 46 13 39 17 97 85 20 31 65 31 52 15 4 26 15 66 62 89 67 17 30 93 51 44 92 46 100 49 87 55 88 23 41 61 31 95 82 33 31 85 63 61 2 40 16 53 99 32 8 70 90 100 83 62 95 47 89 1 29 65 93 88 98 14 96 16 51 91 27 74 54 42 57 36 90 51 22 26 30 7 49 93 20 3 49 40 64 32 43 6 17 58 25 47 11 26 73 46 82 41 43 62 14 89 17 48 3 50 50 84 79 33 81 100 6 76 67 41 1 91 2 67 94 89 87 47 34 26 2 91 32 43 92 6 42 22 42 24 18 96 44 88 91 100 32 61 15 34 53 70 91 28 18 33 49 16 63 93 85 54 78 90 3 27 85 34 11 18 63 94 70 78 96 50 53 40 31 89 12 18 43 78 61 24 71 52 97 58 89 41 17 35 24 24 48 80 78 61 33 96 10 92 16 78 51 38 26 64 36 27 13 63 53 11 8 70 73 39 38 63 14 67 64 100 70 42 50 19 15 25 27 56 14 19 40 42 31 36 9 92 4 29 61 1 83 95 75 7 5 52 38 40 68 98 98 61 71 25 47 22 84 44 21 75 3 51 13 42 41 83 80 60 96 45 88 56 45 80 75 13 9 81 78 24 68 20 94 74 51 32 31 64 25 95 85 71 5 27 99 80 74 5 52 13 98 32 88 85 71 32 95 86 99 87 69 16 43 31 41 40 34 50 91 10 27 38 56 47 44 97 88 51 96 80 47 6 68 82 39 67 41 3 1 62 81 34 9 74 71 88 31 38 72 74 3 58 24 21 89 80 48 7 21 12 97 73 65 75 92 91 13 15 47 39 58 91 97 22 22 20 14 31 63 25 89 69 66 99 37 43 2 92 73 10 37 48 11 35 41 33 24 90 7 63 70 98 12 3 90 22 89 70 82 23 13 4 1 67 5 17 66 26 27 82 43 94 25 8 92 72 88 3 83 48 4 81 32 94 79 37 95 7 82 34 1 46 63 19 29 40 67 61 32 44 69 98 15 51 40 32 71 6 90 21 84 38 85 97 11 93 18 10 54 21 96 86 78 66 66 62 55 59 93 70 65 22 40 29 39 76 84 22 63 19 74 35 49 34 82 97 61 48 94 85 70 76 16 25 5 36 89 6 96 2 10 84 47 76 91 10 40 35 25 44 2 68 4 38 89 12 86 67 92 66 79 2 79 88 85 48 85 32 65 62 1 47 7 100 41 1 83 21 35 26 16 57 67 76 57 97 88 22 46 87 23 41 20 82 17 45 4 42 44 14 9 22 16 11 60 77 62 55 47 19 42 22 73 82 54 78 45 97 26 46 69 27 25 83 37 19 16 34 33 95 49 93 35 27 55 14 4 35 4 40 60 75 79 94 95 34 75 29 59 61 47 42 84 93 20 61 59 23 12 80 51 51 20 39 35 56 65 7 63 59 78 49 1 1 60 24 79 57 58 43 92 97 31 28 79 12 75 91 86 14 69 47 98 19 62 2 46 69 21 88 23 23 12 62 27 58 35 22 40 23 79 78 83 17 23 68 96 77 74 13 61 23 51 67 3 34 21 23 72 7 1 47 53 70 46 10 34 49 51 6 23 65 63 50 73 18 97 24 42 7 85 87 69 26 23 71 22 29 98 94 92 16 80 85 88 97 72 79 57 54 20 62 24 10 16 33 50 39 94 30 71 82 88 20 30 43 79 69 30 58 77 94 31 95 34 70 78 66 30 39 8 2 22 78 34 82 63 46 1 28 91 88 36 78 83 81 10 75 81 31 64 47 55 57 80 13 35 37 3 68 8 15 5 63 33 84 34 66 77 64 94 82 58 4 76 100 50 54 48 97 55 38 15 40 10 33 12 56 23 64 100 19 14 19 37 56 97 38 59 41 76 84 35 8 69 87 56 11 17 7 54 33 95 2 32 15 40 27 35 87 2 25 29 100 64 15 75 70 22 10 5 80 98 86 37 54 94 16 63 8 97 68 17 48 91 7 23 10 87 31 100 11 76 69 37 18 31 86 21 83 48 98 26 17 29 38 55 21 3 73 10 9 48 44 28 89 69 40 19 93 81 56 95 14 81 80 68 10 97 70 23 42 51 43 28 18 39 95 82 80 99 44 1 32 47 68 88 76 84 58 73 54 60 100 57 26 53 10 20 70 64 57 70 43 67 84 47 6 75 67 89 83 50 82 95 89 87 88 72 45 23 22 32 51 86 81 54 91 25 83 79 92 14 56 90 27 37 71 40 70 36 44 50 31 19 15 76 50 74 76 29 9 8 93 96 35 66 36 1 24 63 58 61 96 13 99 50 45 95 46 86 21 72 43 81 94 44 67 54 85 98 88 14 92 58 6 63 51 52 89 51 93 32 32 35 96 7 33 95 62 11 30 95 71 46 64 75 63 52 6 90 22 98 31 24 28 93 28 79 6 20 84 31 38 65 37 60 34 94 96 40 16 87 11 24 57 6 58 28 67 43 63 79 83 93 39 31 99 29 66 88 32 54 16 78 48 88 41 58 17 17 10 78 61 89 45 95 9 44 35 79 52 77 43 30 22 21 22 10 96 82 29 19 30 26 70 64 21 67 52 66 42 40 16 72 96 83 92 20 58 4 53 41 69 51 86 82 50 33 53 14 55 36 61 32 86 52 15 8 68 29 9 54 4 2 46 95 94 3 83 67 89 82 25 66 18 91 4 97 12 65 19 2 25 72 46 2 22 68 41 31 10 98 25 10 91 33 11 59 78 76 83 90 20 51 83 80 80 22 9 91 7 65 30 7 65 68 100 70 86 22 56 32 13 33 48 82 88 72 17 51 44 34 32 76 62 69 14 54 6 72 16 10 67 33 12 36 80 37 46 27 53 15 90 48 56 96 98 72 37 76 82 63 37 4 66 95 55 41 24 26 65 30 15 83 84 17 15 2 16 60 73 26 91 25 25 58 28 74 59 79 80 83 15 33 44 48 97 80 100 92 3 81 35 18 24 36 47 13 5 28 3 75 45 10 68 85 63 47 96 23 58 85 85 14 12 34 65 25 68 82 92 24 32 6 6 94 72 17 3 33 38 43 81 64 90 44 9 72 26 10 40 31 89 2 15 41 85 49 44 28 64 13 55 91 7 65 14 76 18 98 97 42 20 83 28 29 44 19 1 81 86 12 16 86 14 64 26 16 69 68 38 79 69 79 42 95 48 64 69 86 32 6 31 78 13 91 78 16 74 49 96 55 9 61 93 9 34 92 70 8 18 87 14 3 39 2 32 22 58 13 65 43 12 29 75 39 63 16 34 28 58 71 3 20 73 40 18 14 20 5 96 99 38 11 48 56 98 98 33 38 63 96 1 63 99 76 21 63 4 85 81 37 2 47 60 51 48 38 48 54 78 72 11 91 90 52 1 90 42 12 18 25 5 74 62 29 65 15 91 44 89 63 82 15 55 65 70 71 52 82 53 45 82 24 19 62 54 61 4 30 34 72 14 82 49 15 3 59 90 37 71 84 57 22 77 29 64 100 94 86 94 45 83 4 50 15 85 46 93 67 74 90 43 1 81 89 47 22 28 100 54 59 72 41 2 41 87 17 51 85 22 19 65 70 94 9 92 53 100 22 65 33 65 24 73 43 75 42 66 79 53 100 8 84 3 18 2 8 38 78 2 48 5 6 83 42 24 74 64 43 88 49 72 68 15 14 64 72 77 53 32 8 3 3 5 45 63 2 58 84 77 81 78 100 56 99 10 53 23 46 88 41 29 9 75 87 72 46 27 77 98 82 19 2 85 22 37 61 16 95 54 5 85 88 75 49 50 34 67 70 19 100 86 30 68 93 18 47 94 31 8 45 43 5 60 68 12 67 64 77 87 48 62 78 32 32 89 24 55 64 62 97 46 14 92 83 44 9 32 8 51 53 25 18 10 82 67 48 47 47 82 61 95 61 42 88 89 9 24 13 3 51 19 84 90 31 32 31 58 49 39 41 26 87 63 60 97 54 12 90 94 38 22 40 88 50 37 58 48 16 15 91 87 80 18 84 46 91 11 63 69 21 41 22 12 83 46 96 92 75 50 23 37 13 58 63 42 79 12 17 38 47 39 63 90 47 90 60 19 2 64 23 69 45 63 73 12 16 33 38 78 18 22 79 5 46 92 69 94 60 19 73 6 28 40 21 64 1 88 14 60 36 1 46 42 94 49 47 78 62 54 57 3 40 25 61 37 75 69 59 43 26 62 69 4 53 66 44 18 100 16 22 65 97 64 24 33 54 99 47 2 65 39 14 39 75 4 18 85 38 32 84 81 51 65 26 1 12 65 76 23 94 34 1 74 89 34 10 17 62 60 11 93 97 25 96 23 9 30 37 46 5 67 93 97 96 39 3 40 63 92 46 11 6 86 11 72 16 95 44 31 34 6 19 98 67 52 12 50 77 58 79 58 11 88 53 42 74 13 1 13 28 5 42 11 11 35 47 90 78 35 57 69 7 23 60 82 45 92 61 80 62 27 79 44 24 52 93 25 39 71 27 53 98 94 11 78 3 66 49 36 44 41 6 25 27 92 62 15 36 24 100 65 98 98 82 97 43 51 29 52 1 17 98 39 57 92 86 96 21 84 99 95 12 75 35 19 96 41 60 19 45 97 13 86 32 87 68 63 2 13 4 93 14 75 69 95 25 30 30 41 21 78 15 66 47 99 15 65 25 85 31 90 6 96 3 86 60 26 96 93 100 34 15 7 52 84 37 89 90 46 92 58 43 59 57 58 82 78 6 73 45 62 90 66 21 7 98 70 30 35 31 20 97 49 85 87 34 78 6 38 32 42 79 78 71 58 94 89 12 16 93 46 34 94 30 69 56 86 88 37 70 21 76 19 25 95 27 16 32 3 19 97 39 63 92 98 77 90 69 29 64 16 20 85 55 90 82 63 13 95 14 11 56 77 12 78 13 80 81 74 61 28 29 71 55 21 51 77 77 92 63 85 36 56 50 17 48 78 83 22 55 32 79 16 16 15 90 97 19 80 38 70 59 76 27 74 64 64 3 67 75 20 36 14 19 46 8 30 73 73 81 68 13 62 73 37 90 71 39 53 4 75 18 7 41 89 82 32 47 76 53 80 51 18 47 47 4 35 73 8 38 45 95 100 49 89 12 49 39 61 26 69 92 80 30 81 39 61 97 49 14 12 60 61 74 45 5 64 53 7 50 96 67 48 85 59 26 85 69 93 65 24 92 77 8 84 74 52 69 74 89 7 42 97 45 45 54 87 53 86 53 18 3 33 32 23 21 68 4 94 8 35 25 54 21 90 74 76 41 41 60 62 13 68 12 60 79 64 56 42 44 47 60 55 15 88 53 98 8 59 43 59 84 41 92 61 100 31 80 45 44 63 58 13 30 4 30 94 99 79 93 35 38 62 30 83 62 24 2 21 65 44 35 34 6 99 84 10 94 68 12 90 22 94 24 1 76 29 38 38 61 77 59 74 2 52 83 31 13 29 32 91 14 12 72 33 45 59 3 20 6 14 92 42 4 7 34 52 62 41 11 59 44 74 64 51 8 87 72 64 24 59 9 98 19 62 42 13 26 39 36 29 81 60 71 36 42 33 85 16 5 12 52 32 88 15 35 49 9 46 47 21 78 91 19 12 49 75 2 65 100 78 14 27 38 74 1 77 15 68 47 91 96 24 3 98 87 39 43 69 57 53 93 9 12 36 60 62 52 73 6 19 72 13 87 60 70 37 29 73 87 1 14 30 100 43 67 73 94 78 82 31 83 81 95 35 58 30 14 60 11 58 39 37 10 7 54 90 77 75 73 36 20 83 56 72 57 8 80 5 20 29 23 43 24 41 31 48 66 38 11 73 55 10 58 88 1 88 27 1 98 59 16 45 27 58 31 47 46 72 42 13 62 14 22 33 24 93 50 28 83 19 65 55 47 19 77 44 90 77 38 31 82 34 2 86 15 35 74 97 55 98 57 86 83 20 15 44 66 10 33 95 75 93 39 76 32 23 14 77 80 20 95 2 84 62 11 13 45 13 41 55 45 26 57 17 29 56 22 46 78 71 91 5 3 44 9 29 21 2 20 98 100 64 62 24 33 82 24 47 8 92 64 41 16 12 6 68 5 68 79 57 25 4 35 49 14 49 66 94 71 14 74 21 33 46 47 27 32 6 47 52 46 61 62 95 47 53 5 3 74 55 34 50 47 14 43 56 49 47 24 34 46 97 58 96 88 32 10 27 90 99 25 56 95 6 69 73 51 92 80 24 24 49 24 17 91 84 22 58 3 39 70 3 13 98 51 76 96 17 24 26 95 64 35 58 81 10 68 86 19 49 96 69 33 43 95 5 78 42 48 55 1 84 81 71 84 46 33 49 82 25 11 47 34 86 47 95 53 46 88 67 84 57 14 48 34 88 44 80 71 28 93 87 18 74 75 31 45 12 12 11 58 73 44 65 7 59 70 39 85 88 11 68 50 27 60 35 22 69 20 92 39 59 97 57 91 25 93 59 85 44 100 21 63 40 12 41 23 57 9 34 41 63 98 25 60 47 28 79 43 92 49 14 57 30 32 15 48 18 87 19 7 2 5 80 90 98 17 91 26 64 35 92 45 35 93 62 3 50 8 63 73 31 45 70 78 82 2 3 36 60 61 30 13 95 35 56 58 20 13 51 71 10 83 93 40 25 61 90 38 47 58 77 77 86 66 71 90 34 7 74 32 87 100 62 19 6 62 89 12 33 98 72 87 69 91 24 62 16 72 74 97 30 33 7 7 15 90 51 60 82 19 48 31 28 2 37 46 96 27 51 15 61 58 32 74 60 26 6 72 84 88 62 26 32 89 82 10 8 72 24 61 34 3 80 26 10 85 32 90 39 32 89 28 61 92 89 75 48 20 31 22 70 15 58 3 64 13 98 55 84 56 63 36 11 93 64 60 85 47 79 50 53 82 85 31 76 48 92 74 40 72 59 19 41 11 86 84 86 59 87 1 20 94 56 42 76 87 30 70 2 70 25 39 2 14 89 95 86 90 73 28 56 16 21 28 25 78 21 34 98 10 20 33 23 93 51 38 5 47 75 20 4 49 8 4 92 26 54 49 59 30 87 69 96 79 19 72 47 6 93 57 49 86 67 59 61 7 39 25 19 7 70 57 27 95 50 38 77 88 72 48 96 96 76 100 1 94 23 32 90 30 16 96 62 35 6 10 30 39 42 47 49 93 53 58 40 70 92 4 89 30 2 33 56 100 62 34 94 87 74 43 70 70 95 3 10 42 14 42 55 74 26 19 39 67 35 22 66 85 98 43 2 54 10 75 96 66 26 26 8 83 48 2 60 26 50 4 3 17 39 68 23 78 16 98 46 88 23 74 97 64 47 67 2 87 94 63 63 6 36 1 18 46 24 93 62 82 56 65 4 9 68 92 79 68 51 79 1 15 2 25 81 15 45 95 56 61 91 48 37 8 75 27 48 65 20 91 43 2 10 26 50 99 87 73 65 76 65 71 16 74 56 48 99 94 10 87 41 36 73 67 22 13 85 79 30 30 22 97 60 2 25 36 55 93 54 100 87 19 4 81 79 88 4 70 22 41 51 13 76 40 51 88 23 75 56 5 45 66 19 2 67 46 3 14 14 40 98 12 9 23 70 98 27 13 8 12 19 45 64 46 97 33 71 94 99 68 33 31 80 94 3 19 79 78 96 25 99 13 83 42 89 2 85 81 3 69 58 82 84 8 61 37 44 7 47 98 42 10 48 50 39 69 70 19 72 94 14 37 95 55 40 82 17 50 57 31 100 45 19 47 43 15 9 8 78 54 64 3 37 3 53 1 67 10 19 99 55 39 84 93 93 5 43 11 9 45 48 56 16 59 91 100 16 70 30 55 62 94 14 34 63 65 20 62 86 3 52 78 23 3 85 78 69 69 62 34 75 78 72 35 2 28 78 52 82 90 98 51 45 19 85 42 64 30 4 85 3 99 39 1 72 28 86 15 39 54 10 14 21 56 63 93 79 72 88 80 81 5 70 8 13 50 72 100 8 81 50 95 95 82 57 100 59 40 71 5 68 96 99 35 14 73 43 25 53 8 60 75 53 33 30 9 5 5 76 40 60 50 58 59 88 99 82 34 67 77 79 52 27 31 45 43 51 64 17 68 3 14 43 62 26 69 73 15 98 5 61 17 80 49 8 87 53 100 29 52 8 93 8 3 37 27 99 36 19 21 80 33 89 40 85 81 97 28 57 93 18 35 67 44 86 74 39 88 39 64 16 25 23 94 32 78 61 20 19 6 38 12 78 5 48 32 6 3 18 4 16 16 100 10 2 56 64 5 41 88 37 40 29 86 79 67 52 38 7 10 63 2 21 25 45 44 63 36 61 84 3 76 79 67 92 81 6 82 89 34 88 83 19 2 25 87 8 80 20 87 95 93 92 64 74 60 34 13 26 94 76 42 66 68 90 67 18 62 62 37 65 73 13 73 33 63 100 39 67 49 76 32 90 69 74 19 67 1 17 20 77 20 77 82 10 92 80 80 19 68 87 66 61 78 64 37 76 31 13 10 74 42 44 90 67 34 40 56 100 16 54 46 97 53 65 3 72 36 71 73 7 11 33 32 4 25 9 59 51 83 2 61 80 75 35 16 15 85 64 18 96 54 57 47 18 69 40 91 75 8 65 26 8 2 56 61 51 71 71 96 10 25 33 8 58 12 14 43 32 48 20 42 75 77 25 83 74 40 6 58 47 32 19 56 96 87 16 62 84 86 59 16 46 62 79 90 78 33 33 43 96 85 85 51 85 67 43 88 19 74 70 73 68 76 13 55 18 9 8 77 85 60 2 22 34 3 84 40 7 34 28 27 63 86 7 30 71 18 15 9 48 75 46 64 55 96 11 55 71 8 66 66 26 59 13 31 58 51 60 77 5 60 59 47 63 45 1 50 36 8 69 28 69 79 44 14 47 29 28 63 25 61 24 12 9 41 63 26 83 73 54 50 93 37 1 65 10 53 25 13 80 31 81 70 99 22 49 96 12 57 38 59 98 38 86 28 64 36 71 40 12 7 20 27 54 42 51 78 27 29 33 68 64 97 14 66 69 8 48 41 15 82 95 96 54 80 30 46 19 62 12 4 1 88 44 67 32 68 93 33 83 31 18 97 10 29 53 20 20 70 31 74 15 86 76 6 64 91 67 57 56 54 79 63 47 48 19 54 68 53 99 8 21 46 44 36 69 34 39 82 38 38 24 38 96 35 13 20 80 8 76 73 25 24 88 1 56 87 5 66 61 87 89 59 33 94 43 76 86 70 57 69 89 82 88 38 43 75 85 50 66 33 42 3 1 36 39 5 19 68 1 64 7 77 6 83 87 91 50 70 67 72 54 44 81 28 59 2 63 4 66 14 95 36 21 7 57 70 84 43 29 90 40 75 63 74 48 52 32 25 7 26 15 64 61 73 100 10 37 81 28 33 42 34 22 15 1 40 24 22 98 85 68 82 27 9 80 84 97 41 91 76 88 7 59 46 57 32 80 86 62 15 71 22 22 74 75 36 45 11 94 100 6 45 19 37 36 70 6 26 86 70 69 28 38 69 89 38 15 6 97 54 41 6 51 82 38 75 98 66 15 87 23 100 88 7 50 51 8 55 81 64 7 65 13 61 5 93 92 9 23 83 73 73 88 75 24 39 1 17 12 100 77 29 96 62 44 32 74 48 58 16 42 86 99 91 15 56 40 83 81 5 25 26 74 67 49 37 74 100 49 83 49 68 36 17 24 10 26 55 42 89 36 92 20 20 91 23 47 91 1 66 66 59 48 8 79 95 8 30 46 90 68 69 15 33 64 26 11 85 5 85 91 96 60 51 40 82 68 75 58 12 42 59 50 88 10 8 77 47 55 82 79 11 67 76 36 55 36 16 26 9 43 2 31 95 55 19 57 4 92 67 7 93 60 74 97 18 45 43 35 14 81 78 10 88 74 80 43 94 34 12 32 51 82 97 20 36 45 73 51 30 87 96 34 48 51 6 36 30 74 41 65 48 45 62 97 89 37 97 81 42 4 90 85 68 55 67 58 45 94 56 66 89 27 66 56 47 83 15 86 53 5 69 91 38 12 1 2 34 55 13 4 55 99 53 38 27 45 15 59 72 97 26 75 23 7 16 100 100 91 14 31 62 2 67 50 2 14 51 9 92 50 63 15 26 75 26 38 43 94 54 13 71 60 71 77 94 38 35 74 78 84 43 48 48 76 84 85 25 91 30 64 45 28 17 91 41 24 93 25 22 56 99 55 25 53 68 32 40 21 10 26 88 70 61 76 89 96 44 25 59 78 40 77 27 50 84 22 57 5 29 4 75 77 47 2 86 49 85 65 55 44 10 89 32 65 89 15 8 50 6 36 53 89 13 52 20 28 19 11 59 84 62 38 70 19 62 9 2 95 13 91 77 78 39 35 81 49 70 93 9 46 11 68 21 34 34 51 54 61 46 70 33 63 17 87 18 66 19 16 21 5 33 22 28 85 44 50 3 42 5 3 48 8 35 13 45 98 14 36 76 3 35 92 97 11 6 71 17 24 99 67 55 61 84 67 79 75 77 64 66 67 17 60 97 51 61 73 71 97 23 27 45 60 56 44 69 3 64 7 46 47 89 27 20 21 99 93 49 81 67 84 70 81 55 13 72 77 49 66 45 22 50 6 11 57 93 74 31 17 20 38 98 13 86 63 24 71 29 64 8 91 18 66 80 16 27 1 45 68 32 51 78 99 13 51 29 74 35 75 98 31 25 69 47 84 93 60 47 39 19 4 7 41 1 39 26 100 60 60 64 33 18 1 45 86 84 1 43 6 77 17 49 31 52 67 22 77 19 76 97 23 73 66 78 23 37 14 73 5 75 54 97 64 18 99 24 84 94 57 77 43 89 15 34 35 69 92 95 59 51 54 51 22 82 97 37 16 13 12 49 98 83 44 93 40 89 37 22 29 32 77 71 19 48 62 28 31 63 68 23 56 79 7 47 39 95 74 16 85 62 95 83 24 21 81 14 27 58 56 11 89 74 88 81 95 72 64 43 49 50 80 44 6 100 33 59 79 19 68 27 14 88 45 1 91 44 13 9 75 62 75 99 39 91 39 12 47 21 36 23 48 99 39 47 6 24 3 25 86 19 75 35 7 70 50 29 83 37 53 7 25 76 54 90 56 75 12 50 39 59 7 8 63 74 53 1 4 95 37 19 4 18 23 14 88 92 40 25 48 8 36 50 33 85 33 88 56 76 78 64 22 92 47 6 27 58 91 92 36 100 95 7 16 93 1 29 68 84 29 47 73 52 62 100 78 81 1 61 87 35 73 74 2 3 43 25 80 28 48 22 21 36 54 59 7 47 24 53 44 11 72 50 15 57 92 100 58 27 17 46 37 19 30 13 65 10 88 38 29 84 84 74 69 71 34 78 66 42 4 12 100 16 6 58 3 5 49 5 91 96 25 9 30 13 4 95 24 10 56 79 88 17 52 48 6 80 61 96 82 59 82 80 72 81 74 55 62 29 17 25 46 67 78 15 89 68 51 22 75 38 66 21 35 7 98 55 13 79 81 45 18 76 21 11 16 26 68 28 63 56 73 83 15 61 39 33 79 82 52 73 33 2 14 1 23 27 1 97 90 93 45 57 73 57 53 47 75 16 57 31 73 4 91 47 74 5 84 57 32 19 50 43 36 88 41 17 40 73 30 17 24 54 54 28 78 57 3 75 79 55 87 80 63 13 74 41 86 68 2 85 52 64 81 46 38 18 66 71 42 32 83 79 89 65 83 54 6 57 18 63 42 86 85 25 10 16 83 33 37 26 56 11 43 57 46 41 16 24 21 30 57 45 23 91 11 7 84 99 97 29 82 62 69 29 84 15 26 69 76 75 61 26 58 65 12 65 3 40 98 79 47 57 48 83 3 82 35 31 93 87 59 32 67 42 80 10 70 98 27 83 40 67 47 92 29 6 40 45 11 67 99 62 99 50 80 35 5 26 29 66 87 78 76 18 78 86 82 26 98 86 97 30 87 62 38 22 36 58 7 76 51 30 89 59 41 40 93 53 11 12 44 12 53 33 59 64 78 26 40 88 8 60 55 4 62 54 64 21 55 81 33 31 37 53 54 31 49 19 91 8 25 48 54 44 59 74 66 70 60 10 35 74 49 30 30 90 100 92 39 100 79 30 70 70 72 8 3 12 80 51 18 96 13 91 81 10 18 91 51 91 11 35 65 4 80 6 46 31 34 9 1 45 70 63 9 80 60 15 64 78 65 60 17 7 73 43 74 68 17 38 71 44 79 79 86 11 41 98 35 57 54 79 68 16 46 68 80 69 30 46 85 45 17 6 73 82 29 26 29 79 60 73 25 64 8 71 40 95 81 48 65 28 50 68 84 46 95 63 77 6 5 54 97 67 23 13 70 28 31 74 66 50 92 78 43 84 3 87 54 99 63 94 71 89 73 82 43 11 20 69 1 47 38 5 58 11 51 37 32 34 29 5 21 22 72 7 27 20 63 56 7 76 59 46 63 80 32 15 28 58 65 70 23 75 75 85 38 79
