M
20.7
18.4
6.9
11.5
18.4
23.0
6.9
6.9
9.2
18.4
16.1
18.4
16.1
16.1
13.8
11.5
4.6
9.2
4.6
16.1
18.4
16.1
11.5
20.7
6.9
13.8
2.3
4.6
13.8
9.2
16.1
2.3
2.3
23.0
2.3
6.9
6.9
18.4
2.3
13.8
13.8
9.2
6.9
11.5
9.2
9.2
6.9
9.2
16.1
18.4
9.2
2.3
2.3
23.0
23.0
20.7
18.4
6.9
4.6
4.6
4.6
23.0
16.1
18.4
18.4
4.6
16.1
16.1
2.3
11.5
23.0
18.4
2.3
23.0
9.2
11.5
20.7
16.1
11.5
16.1
11.5
18.4
9.2
4.6
4.6
20.7
2.3
13.8
6.9
16.1
16.1
6.9
23.0
2.3
9.2
23.0
11.5
9.2
23.0
2.3
13.8
18.4
4.6
6.9
2.3
20.7
9.2
2.3
23.0
11.5
11.5
2.3
18.4
18.4
4.6
9.2
9.2
6.9
4.6
18.4
23.0
11.5
18.4
20.7
13.8
9.2
20.7
4.6
2.3
13.8
23.0
11.5
18.4
4.6
18.4
2.3
13.8
13.8
6.9
2.3
9.2
20.7
11.5
23.0
