823
285
263
363
828
986
778
497
379
784
838
841
806
835
621
530
907
512
496
102
801
562
866
187
579
228
959
602
800
405
230
700
963
431
279
535
30
141
878
610
935
343
772
364
352
426
184
106
525
193
433
537
987
991
196
190
720
95
430
209
949
307
275
371
565
882
952
510
410
554
430
200
638
408
613
324
313
415
271
367
245
418
39
399
118
286
317
520
992
451
81
107
814
280
887
500
719
836
328
29
50
193
444
157
490
708
605
417
637
217
49
623
883
147
643
587
496
542
784
921
311
16
326
204
776
67
746
194
644
431
303
831
819
363
727
710
255
649
529
135
226
101
823
879
419
971
157
559
815
195
691
680
104
615
612
949
986
862
718
93
100
898
137
775
206
286
772
773
667
972
970
319
583
510
234
801
668
193
241
224
542
179
450
105
168
553
32
272
539
900
697
190
84
952
874
648
185
844
897
285
