287
288
292
293
297
298
302
303
307
308
312
313
317
318
322
323
327
328
332
333
337
338
342
343
347
348
352
353
357
358
362
363
367
368
372
373
377
378
382
383
387
388
392
393
397
398
402
403
407
408
412
413
417
418
422
423
427
428
432
433
437
438
442
443
447
448
452
453
457
458
462
463
467
468
472
473
477
478
482
483
487
488
492
493
497
498
502
503
507
508
512
513
517
518
522
523
527
528
532
533
537
538
542
543
547
548
552
553
557
558
562
563
567
568
572
573
577
578
582
583
587
588
592
593
597
598
602
603
607
608
612
613
617
618
622
623
627
628
632
633
637
638
642
643
647
648
652
653
657
658
662
663
667
668
672
673
677
678
682
683
687
688
692
693
697
698
702
703
707
708
712
713
717
718
722
723
727
728
732
733
737
738
742
743
747
748
752
753
757
758
762
763
767
768
772
773
777
778
782
783
787
788
792
793
797
798
802
803
807
808
812
813
817
818
822
267
268
272
273
277
278
282
283
287
288
292
293
297
298
302
303
307
308
312
313
317
318
322
323
327
328
332
333
337
338
342
343
347
348
352
353
357
358
362
832
833
837
838
842
843
847
848
852
853
857
858
862
863
867
868
872
873
877
878
882
883
887
888
892
893
897
898
902
903
907
908
912
913
917
918
922
923
927
928
932
933
937
938
942
943
947
948
952
953
957
958
962
963
967
968
972
973
977
978
982
983
498
502
503
507
508
512
513
517
518
522
523
527
528
532
533
537
538
542
543
547
548
552
553
557
558
562
563
567
568
572
573
577
578
582
583
587
588
592
593
597
598
602
603
607
608
612
613
617
618
622
623
627
628
632
633
637
638
642
643
647
648
652
653
657
658
662
663
667
668
672
673
677
678
682
683
687
688
692
693
697
698
702
703
707
708
712
713
717
718
722
723
727
728
732
733
737
738
742
743
747
748
752
753
757
758
762
763
767
768
772
773
777
382
383
387
388
392
393
397
398
402
403
407
408
412
413
417
418
422
423
427
428
432
433
437
438
442
443
447
448
452
453
457
458
462
463
467
468
472
473
477
478
482
483
487
488
492
493
497
498
502
503
507
508
512
513
517
518
522
523
527
528
532
533
537
538
542
543
547
548
552
553
557
558
562
563
567
568
572
573
577
578
582
583
587
588
592
593
597
598
602
603
607
608
612
613
617
618
622
623
627
628
632
633
637
638
642
643
647
648
652
653
657
658
662
663
667
668
672
673
677
678
682
683
687
688
692
693
697
698
702
703
707
708
712
713
717
718
722
723
727
728
732
733
737
738
742
743
747
748
752
753
757
758
762
763
767
768
772
773
777
778
782
783
807
808
812
813
817
818
822
823
827
828
832
833
532
533
537
538
542
543
547
548
552
553
557
558
562
563
567
568
572
573
577
578
582
583
587
588
592
593
597
598
602
603
607
608
612
613
617
618
513
517
518
522
523
527
528
532
533
537
538
542
543
547
548
552
553
557
558
562
563
567
568
572
573
577
578
582
583
587
588
592
593
597
598
602
603
607
608
612
613
617
618
622
623
627
628
632
633
637
638
642
643
647
648
652
653
657
658
662
663
667
668
672
673
677
678
682
683
687
688
692
693
697
698
702
703
707
708
712
713
717
718
722
723
727
728
732
733
737
738
742
743
747
748
752
753
757
758
762
763
767
768
772
773
777
778
782
783
787
788
792
793
797
798
802
803
807
808
812
813
817
818
822
823
827
828
832
833
837
838
842
843
847
848
852
853
857
858
862
863
867
868
872
873
877
878
882
883
887
888
892
893
897
898
902
903
103
107
108
112
113
117
118
122
123
127
128
132
133
137
138
142
143
147
148
152
153
157
158
162
163
167
168
172
173
177
178
182
183
187
188
192
193
197
198
202
203
207
208
212
213
217
218
222
223
227
228
232
233
237
238
242
243
247
248
252
253
257
258
262
263
267
268
272
273
277
278
282
283
287
288
292
293
297
298
302
303
307
308
312
313
317
318
322
323
327
328
332
333
337
338
342
343
347
348
352
353
357
358
362
363
367
368
372
373
377
378
382
383
387
388
392
393
397
398
402
403
407
408
412
413
417
418
422
423
427
428
432
433
437
438
442
443
447
448
452
453
457
458
462
463
467
468
472
473
477
478
482
483
487
488
492
493
563
567
568
572
573
577
578
582
583
587
588
592
593
597
598
602
603
607
608
612
613
617
618
622
623
627
628
632
633
637
638
642
643
647
648
652
653
657
658
662
663
667
668
672
673
677
678
682
683
687
688
692
693
697
698
702
703
707
708
712
713
717
718
722
723
727
728
732
733
737
738
742
743
747
748
752
753
757
758
762
763
767
768
772
773
777
778
782
783
787
788
792
793
797
798
188
192
193
197
198
202
203
207
208
212
213
217
218
222
223
227
228
232
233
237
238
242
243
247
248
252
253
257
258
262
263
267
268
272
273
277
278
282
283
287
288
292
293
297
298
302
303
307
308
312
313
317
318
322
323
327
328
332
333
337
338
342
343
347
348
352
353
357
358
362
363
367
368
372
373
377
378
382
383
387
388
392
393
397
398
402
403
407
408
412
413
417
418
422
423
427
428
432
433
437
438
442
443
447
448
452
453
457
458
462
463
467
468
472
473
477
478
482
483
487
488
492
493
497
498
502
503
507
508
512
513
517
518
522
523
527
528
532
533
537
538
542
543
547
548
552
553
557
558
562
563
567
568
572
573
577
578
582
583
587
588
592
593
597
598
602
603
607
608
612
613
617
618
622
623
627
628
632
633
637
638
642
643
647
648
652
653
657
658
662
663
667
668
672
673
677
678
682
683
687
688
692
693
697
698
702
703
707
708
712
713
717
718
722
723
727
728
732
733
737
738
742
743
747
748
752
753
757
758
762
763
767
768
772
773
777
778
782
783
787
788
792
793
797
798
802
803
807
808
812
813
817
818
822
823
827
828
832
833
837
838
842
843
847
848
852
853
857
858
862
863
232
233
237
238
242
243
247
248
252
253
257
258
262
263
267
268
272
273
277
278
282
283
287
288
292
293
297
298
302
303
307
308
312
313
317
318
322
323
327
328
332
333
337
338
342
343
347
348
352
353
357
358
362
363
367
368
372
373
377
378
382
383
387
388
392
393
397
398
402
403
407
408
412
413
417
418
422
423
427
428
432
433
437
438
442
443
447
448
452
453
457
458
462
463
467
468
472
473
477
478
482
483
487
488
492
493
497
498
502
503
507
508
512
513
517
518
522
523
527
528
532
533
537
538
542
543
547
548
552
553
557
558
562
563
567
568
572
573
577
578
603
607
608
612
613
617
618
622
623
627
628
632
633
637
638
642
643
647
648
652
653
657
658
662
663
667
668
672
673
677
678
682
683
687
688
692
693
697
698
702
703
707
708
712
713
717
718
722
723
727
728
732
733
737
738
742
743
747
748
752
753
757
758
762
763
767
768
772
773
777
778
782
783
787
788
792
793
797
798
802
803
807
808
812
813
817
818
822
823
827
828
832
833
837
838
842
843
847
848
852
853
857
858
862
863
867
868
872
873
877
878
882
883
887
888
892
893
897
898
902
903
907
908
912
913
917
918
922
923
927
928
932
933
937
938
942
943
947
948
952
953
957
958
407
408
412
413
417
418
422
423
427
428
432
433
437
438
442
443
447
448
452
453
457
458
462
463
467
468
472
473
477
478
482
483
487
488
492
493
497
498
502
503
507
508
512
513
517
518
522
523
527
528
532
533
537
538
542
543
547
548
552
553
557
558
562
563
567
568
572
573
577
578
582
583
587
588
592
593
597
598
602
603
607
608
612
613
617
618
622
623
627
628
632
633
637
638
642
643
647
648
652
653
657
658
662
663
667
668
672
673
677
678
682
683
687
688
692
693
697
698
702
703
707
708
712
713
717
718
722
723
727
728
732
733
737
738
742
743
747
748
752
753
757
758
762
763
767
768
772
773
777
778
782
783
787
788
792
793
797
798
232
233
237
238
242
243
247
248
252
253
257
258
262
263
267
268
272
273
277
278
282
283
287
288
292
293
297
298
302
303
307
308
312
313
317
318
322
323
327
328
332
333
337
338
342
343
347
348
352
353
357
358
362
363
367
368
372
373
377
378
382
383
387
388
392
393
397
398
402
403
407
408
412
413
417
418
422
423
427
428
432
433
437
438
442
443
447
448
452
453
457
458
462
463
467
468
472
473
477
478
482
483
487
488
492
493
497
498
502
503
507
508
512
513
517
518
522
523
527
528
532
533
537
538
542
543
547
548
552
553
557
558
562
563
567
568
572
573
577
578
582
583
587
588
592
593
597
598
602
603
607
608
612
613
617
618
622
623
627
628
632
633
637
638
642
643
647
648
652
653
657
658
662
663
667
668
672
673
677
678
682
683
687
688
692
693
697
698
432
433
437
438
442
443
447
448
452
453
457
458
462
463
467
468
472
473
477
478
482
483
487
488
492
493
497
498
502
503
507
508
512
513
517
518
522
523
527
528
532
533
537
538
542
543
547
548
552
553
557
558
562
563
567
568
572
573
577
578
582
583
587
588
592
593
597
598
602
603
607
608
612
613
617
618
622
623
627
628
632
633
637
638
642
643
647
648
652
653
657
658
662
663
667
668
672
673
677
678
682
683
687
688
692
693
697
698
702
703
707
708
712
713
717
718
722
723
727
728
732
733
737
738
742
743
747
748
752
753
757
758
762
763
767
768
772
773
777
778
782
783
787
788
792
793
797
798
802
803
807
808
812
813
817
818
822
823
827
828
832
833
837
838
842
843
847
848
852
853
857
858
862
863
867
868
872
873
877
878
882
883
887
888
892
893
897
898
902
903
907
908
912
913
917
918
922
923
927
928
932
933
937
938
942
943
947
948
952
953
957
958
962
282
283
287
288
292
293
297
298
302
303
307
308
312
313
317
318
322
323
327
328
332
333
337
338
342
343
347
348
352
353
357
358
362
363
367
368
372
373
377
378
382
383
387
388
392
393
397
398
402
403
407
408
412
413
417
418
422
423
427
428
432
433
437
438
442
443
447
448
452
453
457
458
462
463
467
468
472
473
477
478
482
483
487
488
492
493
497
498
502
503
507
508
512
513
517
518
522
523
527
528
532
533
32
33
37
38
42
43
47
48
52
53
57
58
62
63
67
68
72
73
77
78
82
83
87
88
92
93
97
98
102
103
107
108
112
113
117
118
122
123
127
128
132
133
137
138
612
613
617
618
622
623
627
628
632
633
637
638
642
643
647
648
652
653
657
658
662
663
667
668
672
673
677
678
682
683
687
688
692
693
697
698
702
703
707
708
712
713
717
718
722
723
727
728
732
733
737
738
742
743
747
748
752
753
757
758
762
763
767
768
772
773
777
778
782
783
787
788
792
793
797
798
802
803
807
808
812
813
817
818
822
823
827
828
832
833
837
838
842
843
847
848
852
853
857
858
862
863
867
868
872
873
877
347
348
352
353
357
358
362
363
367
368
372
373
377
378
382
383
387
388
392
393
397
398
402
403
407
408
412
413
417
418
422
423
427
428
432
433
437
438
442
443
447
448
452
453
457
458
462
463
467
468
472
473
477
478
482
483
487
488
492
493
497
498
502
503
507
508
512
513
517
518
522
523
527
528
532
533
537
538
542
543
547
548
552
553
557
558
562
563
567
568
572
573
577
578
582
583
587
588
592
593
597
598
602
603
607
608
612
613
617
618
622
623
627
628
632
633
637
638
642
643
647
648
652
653
657
658
662
663
667
668
672
673
677
678
682
683
687
688
692
693
697
698
702
703
707
708
712
713
717
718
722
723
727
728
732
733
737
738
742
743
747
748
752
753
757
758
762
763
767
768
772
773
777
778
782
783
787
788
792
793
797
798
802
803
807
808
812
813
817
818
822
823
827
828
832
833
837
838
842
843
847
848
852
853
857
858
862
863
867
868
872
873
877
878
882
883
887
888
892
893
897
898
902
903
907
908
912
913
917
918
922
923
927
928
932
933
367
368
372
373
377
378
382
383
387
388
392
393
397
398
402
403
407
408
412
413
417
418
422
423
427
428
432
433
437
438
442
443
447
448
452
453
457
458
462
463
467
468
472
473
477
478
482
483
487
488
492
493
497
498
502
503
507
508
512
513
517
518
522
523
527
528
532
533
537
538
542
543
547
548
552
553
557
558
562
563
567
568
572
573
577
578
582
583
587
588
592
593
597
598
602
603
607
608
612
613
617
618
622
623
627
628
632
633
637
638
642
643
647
648
652
653
657
658
662
663
667
668
672
673
677
678
682
683
687
688
692
693
697
698
702
703
707
708
712
713
717
718
722
723
727
728
732
733
737
738
742
743
747
748
752
753
757
758
762
763
767
768
353
357
358
362
363
367
368
372
373
377
378
382
383
387
388
392
393
397
398
402
403
407
408
412
413
417
418
422
423
107
108
112
113
117
118
122
123
127
128
132
133
137
138
142
143
147
148
152
153
157
158
162
163
167
168
172
173
177
178
182
183
197
198
202
203
207
208
212
213
217
218
222
223
227
228
232
233
237
238
242
243
247
248
252
253
257
258
262
263
267
268
272
273
277
278
282
283
287
288
292
293
297
298
302
303
307
308
312
313
317
318
322
323
327
328
332
333
337
338
342
343
347
348
352
353
357
358
362
363
367
368
372
373
377
378
382
383
387
388
392
393
397
398
402
403
407
408
412
413
417
418
422
423
427
428
432
433
437
438
442
443
447
448
452
453
457
458
462
463
467
468
472
473
477
478
482
483
487
488
492
493
497
498
502
503
507
508
512
513
517
518
522
523
437
438
442
443
447
448
452
453
457
458
462
463
467
468
472
473
477
478
482
483
487
488
492
493
497
498
502
503
507
508
512
513
517
518
522
523
527
528
532
533
988
192
193
97
98
102
103
107
108
112
113
117
118
122
123
127
128
132
133
137
138
142
143
147
148
152
153
157
158
162
163
167
168
172
173
177
178
182
183
187
188
192
193
197
198
202
203
207
208
212
213
217
218
222
223
227
228
232
233
237
238
242
243
247
248
252
253
257
258
262
263
267
268
272
273
277
278
282
283
287
288
292
293
297
298
302
303
307
308
312
313
317
318
322
323
327
328
332
333
337
338
342
343
347
348
352
353
357
358
362
363
367
368
372
373
377
378
382
383
387
388
392
393
397
398
402
403
407
408
412
413
417
418
422
423
427
428
432
433
437
438
442
443
447
448
452
453
457
458
462
463
467
468
472
473
477
478
482
483
487
488
492
493
497
498
502
503
507
508
512
513
517
518
522
523
527
528
532
533
537
538
542
543
547
548
552
553
557
558
562
563
567
568
572
573
577
578
582
583
587
588
592
593
597
598
602
603
607
608
612
613
617
618
622
623
627
628
632
633
637
638
642
643
647
648
652
653
657
658
662
663
667
668
672
673
677
678
682
683
687
688
692
693
697
698
702
703
707
708
712
713
717
718
212
213
217
218
222
223
227
228
232
233
237
238
242
243
247
248
252
253
257
258
262
263
267
268
272
273
277
278
282
283
287
288
292
293
297
298
302
303
307
308
312
313
317
318
322
323
327
328
332
333
337
338
342
343
347
348
352
353
357
358
362
363
367
368
372
373
377
378
382
383
387
388
392
393
397
398
402
403
407
408
412
413
417
418
422
423
427
428
308
312
313
317
318
322
323
327
328
332
333
337
338
342
343
347
348
352
353
357
358
362
363
367
368
372
373
377
378
382
383
387
388
392
393
397
398
402
403
407
408
412
413
417
418
422
423
427
428
432
433
437
438
442
443
447
448
452
453
457
458
462
463
467
468
472
473
477
478
482
483
487
488
492
493
497
498
502
503
507
508
512
513
517
518
522
523
527
528
532
533
537
538
542
543
547
548
552
553
557
558
562
563
567
568
572
573
577
578
582
583
587
588
592
593
597
598
602
603
607
608
612
613
617
618
622
623
627
628
632
633
637
638
642
643
647
648
652
653
657
658
662
663
667
668
672
673
677
678
682
683
687
688
692
693
697
698
702
703
707
708
712
713
717
718
722
723
727
728
732
733
737
738
742
743
747
748
752
753
757
758
762
763
767
768
772
773
777
778
782
783
787
788
792
793
797
798
802
803
807
808
812
813
817
818
822
823
827
828
832
833
837
838
842
843
847
848
852
853
857
858
862
863
867
868
872
873
877
878
882
883
887
888
892
893
897
898
902
903
907
908
912
913
917
918
922
923
927
928
932
933
937
938
942
943
947
948
277
278
282
283
287
288
292
293
297
298
302
303
307
308
312
313
317
318
322
323
327
328
332
333
337
338
342
343
347
348
352
353
357
358
362
363
367
368
567
568
572
573
577
578
582
583
587
588
592
593
597
598
602
603
607
608
612
613
617
618
622
623
627
628
632
633
637
638
642
643
647
648
652
653
657
658
662
663
667
668
672
673
677
678
682
683
687
688
692
693
697
698
702
703
707
708
712
713
717
718
722
723
727
728
732
733
737
738
742
743
747
748
752
753
757
758
762
763
767
768
772
773
777
778
782
783
787
788
792
793
797
798
802
803
807
808
812
813
817
818
822
823
827
828
832
833
837
838
842
843
847
848
852
853
857
858
862
863
867
868
872
873
877
878
512
513
517
518
522
523
527
528
532
533
537
538
542
543
547
548
552
553
557
558
562
563
567
568
572
573
577
578
582
583
587
588
592
593
597
598
602
603
607
608
612
613
617
618
622
623
627
628
632
633
637
638
642
643
647
648
652
653
657
658
662
663
667
668
672
673
677
678
682
683
687
688
692
693
697
698
702
703
707
708
712
713
717
718
722
723
727
728
732
733
737
738
742
743
747
748
752
753
757
758
762
763
767
768
772
773
777
778
782
783
787
788
792
793
797
798
802
803
807
808
812
813
817
818
822
823
827
828
832
833
837
838
842
843
847
848
852
853
857
858
862
863
867
868
872
873
877
878
882
883
887
888
892
893
897
898
902
903
907
908
912
913
917
918
922
923
927
928
932
933
937
938
942
943
947
948
412
413
417
418
422
423
427
428
432
433
437
438
442
443
447
448
452
453
457
458
462
463
467
468
472
473
477
478
482
483
487
488
492
493
497
498
502
503
507
508
512
513
517
518
522
523
527
528
532
533
537
538
542
543
547
548
552
553
202
203
207
208
212
213
217
218
222
223
227
228
232
233
237
238
242
243
247
248
252
253
257
258
262
263
267
268
272
273
277
278
282
283
287
288
292
293
297
298
302
303
307
308
312
313
317
318
322
323
327
328
332
333
337
338
342
343
347
348
352
353
357
358
362
363
367
368
372
373
377
378
382
383
387
388
392
393
397
398
402
403
407
408
412
413
417
418
422
423
427
428
412
413
417
418
422
423
427
428
432
433
437
438
442
443
447
448
452
453
457
458
462
463
467
468
472
473
477
478
482
483
487
488
492
493
497
498
502
503
507
508
512
513
517
518
522
523
527
528
532
533
537
538
542
543
547
548
552
553
557
558
562
563
567
568
572
573
577
578
582
583
587
588
592
593
597
598
602
603
607
608
612
613
617
618
622
623
627
628
632
633
637
327
328
332
333
337
338
342
343
347
348
352
353
357
358
362
363
367
368
372
373
377
378
382
383
387
388
392
393
397
398
402
403
407
408
412
413
417
418
422
423
427
428
432
433
437
438
442
443
447
448
452
453
457
458
462
463
467
468
472
473
477
478
482
483
487
488
492
493
497
498
502
503
507
508
512
513
517
518
522
523
527
528
532
533
537
538
542
543
547
548
552
553
557
558
562
563
567
568
572
573
577
578
582
583
587
588
592
593
597
598
602
603
607
608
612
317
318
322
323
327
328
332
333
337
338
342
343
347
348
352
353
357
358
362
363
367
368
372
373
377
378
382
383
387
388
392
393
397
398
402
403
407
408
412
413
272
273
277
278
282
283
287
288
292
293
297
298
302
303
307
308
312
313
317
318
322
323
327
328
332
333
337
338
342
343
347
348
352
353
357
358
362
363
247
248
252
253
257
258
262
263
267
268
272
273
277
278
282
283
287
288
292
293
297
298
302
303
307
308
312
313
317
318
322
323
327
328
332
333
337
338
342
343
347
348
352
353
357
358
362
363
367
368
372
373
377
378
382
383
387
388
392
393
397
398
402
403
407
408
412
413
417
42
43
47
48
52
53
57
58
62
63
67
68
72
73
77
78
82
83
87
88
92
93
97
98
102
103
107
108
112
113
117
118
122
123
127
128
132
133
137
138
142
143
147
148
152
153
157
158
162
163
167
168
172
173
177
178
182
183
187
188
192
193
197
198
202
203
207
208
212
213
217
218
222
223
227
228
232
233
237
238
242
243
247
248
252
253
257
258
262
263
267
268
272
273
277
278
282
283
287
288
292
293
297
298
302
303
307
308
312
313
317
318
322
323
327
328
332
333
337
338
342
343
347
348
352
353
357
358
362
363
367
368
372
373
377
378
382
383
387
388
392
393
397
398
122
123
127
128
132
133
137
138
142
143
147
148
152
153
157
158
162
163
167
168
172
173
177
178
182
183
187
188
192
193
197
198
202
203
207
208
212
213
217
218
222
223
227
228
232
233
237
238
242
243
247
248
252
253
257
258
262
263
267
268
272
273
277
278
282
283
318
322
323
327
328
332
333
337
338
342
343
347
348
352
353
357
358
362
363
367
368
372
373
377
378
382
383
387
388
392
393
397
398
402
403
407
408
412
413
417
418
422
423
427
428
432
433
437
438
442
443
447
448
452
453
457
458
462
463
467
468
472
473
477
478
482
483
487
488
492
493
497
498
502
503
507
508
512
513
517
518
452
453
457
458
462
463
467
468
472
473
477
478
482
483
487
488
492
493
497
498
502
503
507
508
512
513
517
518
522
523
527
528
532
533
537
538
542
543
547
548
552
553
557
558
562
563
567
568
572
573
577
578
582
583
587
588
592
593
597
598
602
603
607
608
612
613
617
618
622
623
627
628
632
633
637
638
642
643
647
648
652
653
657
658
662
663
667
668
672
673
677
678
682
683
687
688
692
693
697
698
702
703
707
708
712
713
717
718
722
723
727
728
732
733
737
738
742
743
747
748
752
753
757
758
762
763
767
768
772
773
777
778
782
783
787
788
792
793
797
798
802
803
807
808
812
813
817
818
822
823
827
828
832
833
837
838
842
843
847
848
852
853
857
858
862
863
867
868
872
873
877
878
882
883
887
888
892
893
897
898
902
903
907
908
912
913
917
918
922
923
927
928
932
933
937
938
942
943
947
948
952
953
957
958
962
963
967
968
972
973
977
978
982
983
987
988
82
83
87
88
92
93
97
98
102
103
282
283
287
288
292
293
297
298
302
303
307
308
312
313
317
318
322
323
327
328
332
333
337
338
342
343
347
348
352
353
357
358
362
363
367
368
372
373
377
378
382
383
387
388
392
393
397
398
402
403
407
408
412
413
417
418
422
423
427
428
432
433
437
438
442
443
447
448
452
453
457
458
462
463
467
468
472
473
477
478
482
483
487
488
492
493
497
498
502
503
507
508
512
513
517
518
522
523
527
528
532
533
537
538
542
543
547
548
552
553
557
558
562
563
567
568
572
573
577
578
582
583
587
588
592
593
597
598
602
603
607
608
612
613
617
618
622
623
627
628
632
633
637
638
642
643
647
648
652
653
657
658
662
663
667
668
672
673
677
678
682
683
687
688
692
693
697
698
702
703
707
708
712
713
717
718
722
723
727
728
732
733
737
738
742
743
747
748
752
753
757
758
762
763
767
768
772
773
777
778
782
783
787
788
792
793
797
798
802
803
807
808
812
813
502
503
507
508
512
513
517
518
522
523
527
528
532
533
537
538
542
543
547
548
552
553
557
558
562
563
567
568
572
573
577
578
582
583
587
588
592
593
597
598
602
603
607
608
612
613
617
618
622
623
627
628
632
633
637
638
642
643
647
648
652
653
657
658
662
663
667
668
672
673
677
678
682
683
687
688
692
693
697
698
702
703
707
708
712
713
717
718
722
723
727
728
732
733
737
738
742
743
747
748
752
753
757
758
762
763
767
768
772
773
777
778
782
783
787
788
792
793
797
798
802
803
807
808
812
813
817
818
822
823
827
828
832
833
837
838
842
843
847
848
852
853
857
858
862
863
867
868
872
873
877
878
882
883
722
723
727
728
732
733
737
738
742
743
747
748
752
753
757
758
762
763
767
768
772
773
777
778
782
783
787
788
792
793
797
798
802
803
807
808
812
813
817
818
822
823
827
828
832
833
32
33
37
38
42
43
47
48
52
53
57
58
62
63
67
68
72
73
77
78
82
83
87
88
92
93
97
98
102
103
107
108
112
113
117
118
122
123
127
128
132
133
137
138
142
143
147
148
152
153
157
158
162
163
167
168
172
173
177
178
182
183
187
188
192
193
197
198
202
203
207
208
212
213
217
218
222
223
227
228
232
233
237
238
242
243
247
248
252
253
257
258
262
263
267
268
272
273
277
278
282
283
287
288
292
293
297
298
302
303
307
308
312
313
317
318
322
323
327
52
53
57
58
62
63
67
68
72
73
77
78
82
83
87
88
92
93
97
98
102
103
107
108
112
113
117
118
122
123
127
128
132
133
137
138
142
143
147
148
152
153
157
158
162
163
167
168
172
173
177
178
182
183
187
188
192
158
162
163
167
168
172
173
177
178
182
183
187
188
192
193
197
198
202
203
207
208
212
213
217
218
222
223
227
228
232
233
237
238
242
243
247
248
252
253
257
258
262
263
267
268
272
273
277
278
282
283
287
288
292
293
297
298
302
303
307
308
312
313
317
318
322
323
327
328
332
333
337
338
342
343
347
348
352
353
357
358
362
363
367
368
372
373
377
378
382
383
387
388
392
393
397
398
402
403
407
408
412
413
417
418
422
423
427
428
432
433
437
438
442
443
492
493
497
498
502
503
507
508
512
513
517
518
522
523
527
528
532
533
537
538
542
543
547
548
552
553
557
558
562
563
567
568
572
573
577
578
582
583
587
588
592
593
597
598
602
603
607
608
612
613
617
618
622
623
627
628
632
633
637
638
642
643
647
648
652
653
657
658
662
663
667
668
672
673
677
678
682
683
687
688
692
693
697
698
702
703
707
418
422
423
427
428
432
433
437
438
442
443
447
448
452
453
457
458
462
463
467
468
472
473
477
478
482
483
487
488
492
493
497
498
502
503
507
508
512
513
517
518
522
523
527
528
532
533
537
538
542
543
547
548
552
553
557
558
562
563
567
568
572
573
577
578
582
583
587
588
592
593
597
598
602
603
218
222
223
227
228
232
233
237
238
242
243
247
248
252
253
257
258
262
263
267
268
272
273
277
278
282
283
287
288
292
293
297
298
302
303
307
308
312
313
317
318
322
323
327
328
332
333
337
338
342
343
347
348
352
353
357
358
362
363
367
368
372
373
377
378
382
383
387
388
392
393
397
398
402
403
407
408
412
413
417
418
422
423
427
428
432
433
437
438
442
443
447
448
452
453
457
458
462
463
467
468
472
473
477
478
482
483
487
488
492
493
497
498
502
503
507
508
512
513
517
518
522
523
527
528
532
533
537
538
542
543
547
548
552
553
557
558
562
563
567
568
572
573
577
578
582
583
587
588
592
593
597
598
602
603
607
608
612
613
617
618
622
623
627
628
632
633
52
53
57
58
62
63
67
68
72
73
77
78
82
83
87
88
92
93
97
98
102
103
107
108
112
113
117
118
122
123
127
128
132
133
137
138
142
143
147
148
152
153
157
158
162
163
167
168
172
173
177
178
182
183
187
188
192
193
197
198
202
203
207
208
212
213
217
218
222
223
227
228
232
233
237
238
242
243
247
248
252
253
257
258
262
263
267
268
272
273
277
278
282
283
287
288
292
293
297
298
302
303
307
308
312
313
317
318
322
323
327
328
332
333
337
338
342
343
347
348
352
353
357
358
362
363
367
368
372
373
377
378
382
383
387
388
392
393
397
398
402
403
407
408
412
413
417
418
422
423
427
428
432
433
437
438
442
443
447
448
452
453
457
458
462
463
467
468
472
473
477
478
482
483
487
488
492
493
497
498
502
503
507
508
512
513
517
518
522
523
527
528
532
533
537
538
542
543
547
548
552
553
557
558
562
563
567
568
572
573
577
578
582
583
587
588
592
593
597
598
602
603
607
608
612
613
617
618
622
148
152
153
157
158
162
163
167
168
172
173
177
178
182
183
187
188
192
193
197
198
202
203
207
208
212
213
217
218
222
223
227
228
232
233
237
238
242
243
247
248
252
253
257
258
262
263
267
268
272
273
277
278
282
283
287
288
292
293
297
298
302
303
307
308
312
313
317
318
322
323
327
328
332
333
337
338
342
343
347
348
352
353
357
358
362
363
367
368
372
373
377
378
382
383
387
388
392
393
397
398
402
403
407
408
412
413
417
418
422
423
427
428
432
433
437
438
442
443
447
448
452
453
457
458
462
463
467
468
472
473
477
478
482
483
487
488
492
493
497
498
502
503
507
508
512
513
517
518
522
523
527
528
532
533
537
538
542
543
547
548
552
553
557
558
562
563
567
568
572
573
577
578
582
583
587
588
592
593
597
598
602
603
607
608
612
613
617
618
622
623
627
628
632
633
637
638
642
643
647
648
652
653
657
658
662
663
667
668
672
673
677
678
682
683
687
688
692
693
697
698
702
703
707
708
712
713
717
718
722
723
727
728
732
733
737
738
742
743
747
748
752
753
757
758
762
763
767
768
772
773
777
778
782
783
787
788
792
793
797
798
802
803
807
808
812
813
817
818
822
823
827
828
832
833
837
838
842
843
847
848
852
853
857
858
862
863
867
868
872
873
877
878
882
588
592
593
597
598
602
603
607
608
612
613
617
618
622
623
627
628
632
633
637
638
642
497
498
502
503
507
508
512
513
517
518
522
523
527
528
532
533
537
538
787
788
792
793
797
798
802
803
807
808
812
813
817
818
822
823
827
828
832
833
837
838
842
843
847
848
852
853
857
858
862
863
867
868
872
873
877
878
882
883
887
888
892
893
897
898
902
903
907
908
912
913
917
918
17
18
22
23
27
28
32
33
37
38
42
43
47
48
52
53
57
58
62
63
67
68
72
73
77
78
82
83
87
88
92
93
97
98
102
103
107
108
112
113
117
118
122
123
127
128
132
133
137
138
142
143
147
148
152
153
157
158
162
163
167
168
172
173
177
178
182
183
187
188
192
193
197
198
202
203
207
208
212
213
217
218
222
223
227
228
232
233
237
238
242
243
247
248
252
253
257
258
262
263
267
268
272
273
277
278
282
283
287
288
292
293
297
298
302
303
307
308
207
208
212
213
217
218
222
223
227
228
232
233
237
238
242
243
247
248
252
253
257
258
262
263
267
268
272
273
277
278
282
283
287
288
292
293
297
298
302
303
307
308
312
313
317
318
322
323
68
72
73
77
78
82
83
87
88
92
93
97
98
102
103
107
108
112
113
117
118
122
123
127
128
132
133
137
138
142
143
147
148
152
153
157
158
162
163
167
168
172
173
177
178
182
183
187
188
192
193
197
198
202
203
207
208
212
213
217
218
222
223
227
228
232
233
237
238
242
243
247
248
252
253
257
258
262
263
267
268
272
273
277
278
282
283
287
288
292
293
297
298
302
303
307
308
312
313
317
318
322
323
327
328
332
333
337
338
342
343
347
348
352
353
357
358
362
363
367
368
372
373
377
378
382
383
387
388
392
393
397
398
402
403
407
408
412
413
417
418
422
423
427
428
432
433
437
438
442
443
447
448
452
453
457
458
462
463
467
468
472
473
477
478
482
483
487
488
492
493
497
498
502
503
507
508
512
513
517
518
522
523
527
528
532
533
537
538
542
543
547
548
552
553
557
558
562
563
567
568
572
573
577
578
582
583
587
588
592
593
597
598
602
603
607
608
612
613
617
618
622
623
627
628
632
633
637
638
642
643
647
648
652
653
657
658
662
663
667
668
672
673
677
678
682
683
687
688
692
693
697
698
702
703
707
708
712
713
717
718
722
723
727
728
732
733
737
738
742
743
747
748
752
753
757
758
762
763
767
768
772
773
197
198
202
203
207
208
212
213
217
218
222
223
227
228
232
233
237
238
242
243
247
248
252
253
257
258
262
263
267
268
272
273
277
278
282
283
287
288
292
293
297
298
302
303
307
308
312
313
317
318
322
323
327
328
332
333
337
338
342
343
347
348
352
353
357
358
362
363
367
368
372
373
377
378
382
383
387
388
392
393
397
398
402
403
407
408
412
413
417
418
422
423
427
428
432
433
437
438
442
443
447
448
452
453
457
458
462
463
467
468
472
473
477
478
482
483
487
488
492
493
497
498
502
503
507
508
512
513
517
518
522
523
527
528
532
533
537
538
542
543
547
548
552
553
557
558
562
563
567
568
572
573
577
578
582
583
587
588
592
593
597
598
602
603
607
608
612
613
617
618
622
623
627
628
632
633
637
638
642
643
647
648
652
653
657
658
662
663
667
668
672
673
677
678
682
683
687
688
692
693
697
698
702
703
707
708
712
713
717
718
722
723
727
728
732
733
737
738
742
743
432
433
437
438
442
443
447
448
452
453
457
458
462
463
467
468
472
473
477
478
482
483
487
488
492
493
497
498
502
503
507
508
512
513
517
518
522
523
527
528
532
533
537
538
542
543
547
548
552
553
557
558
562
563
567
568
572
573
577
578
582
583
587
588
592
593
597
598
602
603
607
608
612
613
617
618
622
623
627
628
632
633
637
638
642
643
307
308
312
313
317
318
322
323
327
328
332
333
337
338
342
343
347
348
352
353
357
358
362
363
367
368
372
373
377
378
382
383
387
388
392
393
397
398
402
403
407
408
412
413
417
418
422
423
427
428
432
433
437
438
442
443
447
448
452
453
457
458
462
463
467
468
472
473
477
478
482
483
487
488
492
493
497
498
502
503
507
508
512
513
517
518
522
523
527
528
532
533
537
538
542
543
547
548
552
553
557
558
562
563
567
568
572
573
577
578
582
583
587
588
592
593
597
598
602
603
607
608
612
613
617
618
622
623
627
628
632
633
637
638
642
643
647
648
652
653
657
658
662
663
667
668
672
673
677
678
682
683
687
688
692
693
697
698
702
703
707
708
712
713
717
718
722
723
727
728
732
733
737
738
742
743
747
748
752
753
757
758
762
763
767
768
772
773
777
778
782
783
787
788
792
793
797
798
802
803
807
808
812
813
817
818
822
823
827
828
367
368
372
373
377
378
382
383
387
388
392
393
397
398
402
403
407
408
412
413
417
418
422
423
427
428
432
433
437
438
442
443
447
448
452
453
457
458
462
463
467
468
472
473
477
478
482
483
487
488
492
493
497
498
502
503
507
508
512
513
517
518
522
523
527
528
532
533
537
538
542
543
547
548
552
553
557
558
562
563
567
568
572
573
577
578
582
583
587
588
592
593
597
598
602
603
607
608
612
613
617
618
622
623
627
628
632
633
637
638
642
643
647
648
652
653
657
658
662
663
667
668
672
673
677
678
682
683
687
688
692
693
697
698
702
703
707
708
712
713
717
718
722
723
727
728
732
733
737
738
742
743
747
748
752
753
757
758
762
763
767
768
772
773
777
778
782
783
787
788
792
793
797
798
802
803
807
808
812
813
817
818
712
713
717
718
722
723
257
258
262
263
267
268
272
273
277
278
282
283
287
288
292
293
297
298
302
303
307
308
312
313
317
318
322
323
327
328
332
333
337
338
342
343
347
348
352
353
357
358
362
363
367
368
372
373
377
378
382
383
387
388
392
393
397
398
402
403
407
408
412
413
417
418
422
423
427
428
432
433
437
438
442
443
447
448
452
453
457
458
462
463
467
468
472
473
477
478
482
483
487
488
492
493
497
498
502
503
507
508
512
513
517
518
522
523
527
528
532
533
537
538
542
543
547
548
552
553
557
558
562
563
567
568
572
573
577
578
582
583
587
588
592
593
597
598
602
603
607
608
612
613
617
618
622
623
627
628
632
633
637
638
642
643
647
648
137
138
142
143
147
148
152
153
157
158
162
163
167
168
172
173
177
178
182
183
187
188
192
193
197
198
202
203
207
208
212
213
217
218
222
223
227
228
232
233
237
238
242
243
247
248
252
253
257
258
262
263
267
268
272
273
277
278
282
283
287
288
292
293
297
298
302
303
307
308
312
313
317
318
322
323
327
328
332
333
337
338
342
343
347
348
352
353
357
358
362
363
367
368
372
373
377
378
382
383
387
388
392
393
397
398
402
403
407
408
412
413
417
418
422
423
427
428
432
433
437
438
442
443
447
448
452
453
457
458
462
463
467
468
472
473
477
478
482
483
487
488
492
493
497
498
502
503
507
508
512
513
517
518
522
523
527
528
102
103
107
108
112
113
117
118
122
123
127
128
132
133
137
138
142
143
147
148
152
153
157
158
162
163
167
168
172
173
177
178
182
183
187
188
192
193
197
198
202
203
207
208
212
213
217
218
222
223
827
828
832
833
837
838
842
843
847
848
852
853
857
858
862
863
867
868
872
873
877
878
422
423
427
428
432
433
437
438
442
443
447
448
452
453
457
458
462
463
467
468
472
473
477
478
482
483
487
488
492
493
497
498
502
503
507
508
512
513
517
518
522
523
527
528
532
533
537
538
542
543
547
548
552
553
557
558
562
563
567
568
572
573
577
578
582
583
587
588
592
593
597
598
602
603
607
608
612
613
617
618
622
623
627
628
632
633
637
638
642
643
647
648
652
653
657
658
662
663
667
668
672
673
677
678
682
683
687
688
692
693
697
698
702
703
707
708
712
713
717
718
722
723
727
728
732
733
737
738
742
743
747
748
752
753
757
758
762
763
767
768
772
773
777
778
782
783
787
788
792
793
797
798
802
803
807
808
812
813
817
818
822
823
827
828
832
833
837
838
842
843
847
848
852
853
857
858
862
863
867
868
872
873
877
878
882
883
887
888
892
893
897
898
902
903
907
908
912
913
917
918
922
923
927
928
932
933
937
938
942
943
947
948
952
953
957
958
962
963
967
968
158
162
163
167
168
172
173
177
178
182
183
187
188
192
193
197
198
202
203
207
208
212
213
217
218
222
223
227
228
232
233
237
238
242
243
247
248
252
253
257
258
262
263
267
268
272
273
277
278
282
283
287
288
292
293
297
298
302
303
307
308
312
313
317
318
322
323
327
328
332
333
337
338
342
343
347
348
352
353
357
358
362
363
367
368
372
373
377
378
382
383
387
388
392
393
397
398
402
403
407
408
412
413
417
418
422
423
427
428
432
433
437
438
442
443
447
448
452
453
457
458
462
463
467
468
472
473
477
478
482
483
487
488
492
493
497
498
502
503
507
508
512
513
517
518
522
523
527
528
532
533
537
538
542
543
547
548
552
553
557
558
197
198
202
203
207
208
212
213
217
218
222
223
227
228
232
233
237
238
242
243
247
248
252
253
257
258
262
263
267
268
272
273
277
278
282
283
287
288
292
293
297
298
302
303
307
308
312
313
317
318
322
323
327
328
332
333
337
338
342
343
347
348
352
353
357
358
362
363
367
368
372
373
377
378
382
383
387
388
392
393
397
398
402
403
407
408
412
413
417
418
422
423
427
428
432
433
437
438
442
443
447
448
452
453
457
458
462
463
467
468
472
473
477
478
482
483
487
488
492
493
497
498
502
503
507
508
512
513
517
518
522
523
527
528
532
533
537
538
542
543
547
548
552
553
557
558
562
563
567
568
572
573
577
578
582
583
587
588
592
593
597
598
602
603
607
608
612
613
617
618
622
623
627
628
632
633
637
638
642
643
647
648
652
653
657
658
662
663
667
668
672
673
677
678
682
683
687
688
692
693
697
698
702
703
707
708
712
713
717
718
722
723
727
728
732
733
737
738
742
743
747
748
752
753
757
758
762
763
767
768
772
773
777
778
782
783
787
788
792
793
797
798
802
803
807
808
812
813
682
683
687
688
107
108
112
113
117
118
122
123
127
128
132
133
137
138
142
143
147
148
152
153
157
158
162
163
167
168
172
173
177
178
182
183
187
188
192
193
197
198
202
203
207
208
212
213
217
218
222
223
227
228
232
233
237
238
242
243
247
248
252
253
257
258
262
263
267
268
272
273
277
278
282
283
287
288
292
293
297
298
302
303
307
308
312
313
317
318
322
323
327
328
332
333
337
338
342
343
347
348
352
353
357
358
362
363
367
368
372
373
377
378
382
383
387
388
392
393
397
398
402
403
407
408
412
413
417
418
422
423
427
428
432
433
437
438
442
443
447
448
452
453
457
458
462
463
467
468
472
473
477
478
482
483
487
488
492
493
497
498
502
503
507
508
512
513
517
518
522
523
527
528
532
533
537
538
542
543
547
548
552
553
557
558
562
563
567
568
572
573
577
578
582
583
587
588
592
593
597
598
602
603
607
608
612
613
613
617
618
622
623
627
628
632
633
637
638
642
643
647
648
652
653
657
658
662
663
667
668
672
673
677
678
682
683
687
688
692
693
697
698
702
703
707
708
712
713
717
718
722
723
727
728
732
733
737
738
742
743
747
748
752
753
757
758
762
763
767
768
772
773
777
778
782
783
787
788
792
793
797
798
802
803
807
808
812
813
817
818
822
823
827
828
832
833
837
838
842
843
847
848
852
853
857
858
862
863
867
868
872
873
877
878
882
883
887
888
892
893
897
898
902
903
907
908
912
913
917
918
922
923
927
928
932
933
937
938
942
943
947
948
863
867
868
872
873
877
878
882
883
887
888
892
893
897
898
902
903
907
908
912
913
917
918
922
923
927
928
932
933
937
938
942
943
947
948
952
953
957
958
962
963
967
968
972
973
977
978
982
983
97
98
102
103
107
108
112
113
117
118
122
123
127
128
132
133
137
138
142
143
147
148
152
153
157
158
162
163
167
168
172
173
177
178
182
183
187
188
192
193
197
198
202
203
207
208
212
213
217
218
222
223
227
228
232
233
237
238
242
243
247
248
252
253
257
258
262
263
267
268
272
273
277
278
282
283
287
288
292
293
297
298
302
303
307
308
312
313
317
318
322
323
327
328
332
333
337
338
342
343
347
348
352
353
357
358
362
363
367
368
372
373
377
378
382
383
387
388
392
393
397
398
402
403
407
408
412
413
417
418
422
423
427
428
432
433
437
438
442
443
447
448
452
453
457
458
462
463
467
468
472
473
477
478
482
483
487
488
492
493
497
498
502
503
507
508
512
513
517
518
522
523
527
528
532
533
537
538
542
543
547
548
552
553
557
558
562
563
567
568
572
573
577
578
582
583
587
588
592
593
597
598
602
603
607
608
612
613
617
618
622
623
627
628
632
633
637
638
642
643
647
648
652
653
657
658
662
663
667
668
672
673
677
678
682
683
687
688
692
693
697
698
702
703
707
708
712
713
717
102
103
107
108
112
113
117
118
122
123
127
128
132
133
137
138
142
143
147
148
152
153
157
158
162
163
167
168
172
173
177
178
182
183
187
188
192
193
197
198
202
203
207
208
212
213
217
218
222
223
227
228
232
233
237
238
242
243
247
248
252
253
257
258
262
263
267
268
272
273
277
278
282
283
287
288
292
293
297
298
302
303
307
308
312
313
317
318
322
323
327
328
332
333
337
338
342
343
347
348
352
353
357
358
362
363
367
368
372
373
377
378
382
383
387
388
392
393
397
398
402
403
407
408
412
413
417
418
422
423
427
428
432
433
437
438
442
443
447
448
452
453
457
458
462
463
467
468
472
473
477
478
482
483
487
488
492
493
497
498
502
503
507
508
512
513
517
518
522
523
527
528
532
533
537
538
542
543
547
548
552
553
557
558
562
563
567
568
572
573
577
578
582
583
587
588
592
593
597
598
602
603
607
608
612
613
617
618
622
623
627
628
632
633
637
638
642
643
647
648
652
653
657
658
662
663
667
668
672
673
677
678
682
683
687
688
692
693
697
698
702
703
707
708
712
713
717
718
722
723
727
728
732
733
737
738
742
743
747
748
752
753
757
758
762
763
767
768
772
773
777
778
782
783
787
788
792
793
797
798
802
803
807
808
812
813
817
818
822
823
827
828
832
833
837
838
842
843
847
848
852
853
857
858
862
863
867
868
872
873
877
878
882
883
887
888
892
893
897
138
142
143
147
148
152
153
157
158
162
163
167
168
172
173
177
178
182
183
187
188
192
193
197
198
202
203
207
208
212
213
217
218
222
223
227
228
232
233
237
238
242
243
247
248
252
253
257
258
262
263
267
268
272
273
277
278
282
283
287
288
292
293
297
298
302
303
307
308
312
313
317
318
322
323
327
328
332
333
337
338
342
343
347
348
352
353
357
358
362
363
367
368
372
373
377
378
382
383
387
388
392
393
397
398
402
403
407
408
412
413
417
418
422
423
427
428
432
433
437
438
442
443
447
448
452
453
457
458
462
463
467
468
472
473
477
478
482
483
487
488
492
493
497
498
502
503
507
508
512
513
517
518
522
523
527
528
532
533
537
538
542
543
547
548
552
553
557
558
562
563
567
568
572
573
577
578
582
583
587
588
592
593
597
598
602
603
607
608
612
613
617
618
622
623
627
628
632
633
637
638
642
643
647
648
652
653
657
658
662
663
667
668
672
673
677
678
682
683
687
688
692
693
697
698
702
703
707
708
712
713
717
718
722
723
727
728
732
733
737
738
742
743
747
748
752
753
757
758
762
763
767
768
772
773
207
208
212
213
217
218
222
223
227
228
232
233
237
238
242
243
247
248
252
253
257
258
262
263
267
268
272
273
277
278
282
283
668
672
673
677
678
682
683
687
688
692
693
697
698
702
703
707
708
712
713
717
718
722
723
727
728
732
733
737
738
742
743
747
748
752
753
757
758
762
763
767
768
772
773
777
778
782
783
787
788
792
793
797
798
802
803
807
808
812
813
817
818
822
823
827
828
832
833
837
838
842
843
847
848
852
853
857
858
862
863
867
868
872
873
877
878
882
883
887
888
892
893
897
898
902
903
907
908
912
913
917
918
922
923
927
928
932
933
937
938
942
943
947
948
952
953
957
958
962
963
967
968
322
323
327
328
332
333
337
338
342
343
347
348
352
353
357
358
362
363
367
368
372
373
377
378
382
383
387
388
392
393
397
398
402
403
407
408
412
413
417
418
422
423
427
428
432
433
437
438
442
443
447
448
452
453
457
458
462
463
467
468
472
473
477
478
482
483
487
488
492
493
497
498
502
503
507
508
512
513
517
518
522
523
527
528
532
533
537
538
542
543
547
548
552
553
557
558
562
563
567
568
572
573
577
578
582
583
587
588
592
593
597
598
602
603
607
608
612
613
617
618
622
623
627
628
632
633
637
638
642
643
647
648
652
653
657
658
662
663
667
668
672
673
677
678
682
683
687
688
692
693
697
698
702
703
707
708
712
713
717
718
722
723
727
728
732
733
737
738
742
743
747
748
752
753
757
758
762
763
767
768
772
773
777
778
782
783
787
788
792
793
797
798
802
803
807
808
812
813
817
818
822
823
827
828
832
833
837
838
842
843
847
848
852
853
857
858
862
863
867
868
872
873
877
878
882
883
887
888
892
893
897
898
902
903
907
908
912
913
917
918
922
923
927
928
932
933
937
938
942
943
947
948
952
953
957
958
962
963
967
968
512
513
517
518
522
523
527
528
532
533
537
538
542
543
547
548
552
553
557
558
562
563
567
568
572
573
577
578
582
237
238
242
243
247
248
252
253
257
258
262
263
267
268
272
273
277
278
282
283
287
288
292
293
297
298
302
303
307
308
312
313
317
318
322
323
327
328
332
333
337
338
342
343
347
348
352
353
357
358
362
363
367
368
372
373
377
378
382
383
387
388
392
393
397
398
402
403
407
408
412
413
417
418
422
423
427
428
432
433
437
438
442
443
447
448
452
453
457
458
462
463
467
468
472
473
477
478
482
483
487
488
492
493
497
498
502
503
507
508
512
513
517
518
522
523
527
528
532
533
537
538
542
543
547
548
552
553
557
558
562
563
567
568
572
573
577
578
582
583
587
588
592
593
597
598
602
603
607
608
612
613
617
618
622
623
627
628
632
633
637
638
642
643
647
648
652
653
657
658
662
663
667
668
672
673
677
678
682
683
687
688
692
693
697
698
702
703
707
708
712
713
717
718
722
723
727
728
732
733
737
738
742
743
747
748
752
753
757
758
762
763
767
768
772
773
777
778
782
783
787
788
792
793
797
798
197
198
202
203
207
208
212
213
217
218
222
223
227
228
232
233
237
238
242
243
247
248
252
253
257
258
262
263
267
268
272
273
277
278
282
283
287
288
292
293
297
298
302
303
307
308
312
313
317
318
322
323
327
328
332
333
337
338
342
343
347
348
352
353
357
358
362
363
367
368
372
373
377
378
382
383
387
388
392
393
397
398
402
403
407
408
412
413
417
418
422
423
427
428
432
433
437
438
442
443
447
448
452
453
457
458
462
463
467
468
472
473
477
478
482
483
487
488
492
493
497
498
502
503
507
508
512
513
517
518
522
523
527
528
532
533
537
538
542
543
547
548
552
553
557
558
562
563
567
568
572
573
577
578
582
583
587
588
592
593
597
598
602
603
607
608
612
613
617
618
622
623
627
628
632
633
637
638
642
643
647
648
652
653
657
658
662
663
667
227
228
232
233
237
238
182
183
187
188
192
193
197
198
202
203
207
208
212
213
217
218
222
223
227
228
232
233
237
238
242
243
247
248
252
253
257
258
262
263
267
268
272
273
277
278
282
283
287
288
292
293
297
298
302
303
307
308
312
313
317
318
322
323
327
328
332
333
337
338
342
343
347
348
352
353
357
358
362
363
367
368
372
373
377
378
382
383
387
388
392
393
397
398
402
403
407
408
412
413
417
418
422
423
427
428
432
433
437
438
442
443
447
448
452
453
457
458
462
463
467
468
472
473
477
478
482
483
487
488
492
493
497
498
502
503
507
508
512
513
517
518
522
523
527
528
532
533
537
538
107
108
112
113
117
118
122
123
127
128
132
133
137
138
142
143
147
148
152
153
157
158
162
163
167
168
172
173
177
178
182
183
187
188
192
193
197
198
202
203
207
208
212
213
217
218
222
223
227
228
232
233
237
238
242
243
247
248
252
253
257
258
262
263
267
268
272
273
277
278
282
283
287
288
292
293
297
298
302
303
307
308
312
313
317
318
322
323
327
328
332
333
337
338
342
343
347
348
352
353
357
358
362
363
367
368
372
373
377
378
382
383
387
388
392
393
397
398
402
403
407
408
412
413
417
418
422
423
427
428
432
433
437
438
442
443
447
448
172
173
177
178
182
183
187
188
192
193
197
198
202
203
207
208
212
213
217
218
222
223
227
228
232
233
237
238
242
243
247
248
252
253
257
258
262
263
267
268
272
273
277
278
282
283
287
288
292
293
297
298
302
303
307
308
312
313
317
318
322
323
327
328
332
333
337
338
342
343
347
348
352
353
357
358
362
363
367
368
372
373
377
378
382
383
387
388
392
393
397
398
402
403
407
408
412
413
417
418
422
423
427
428
432
433
437
438
442
443
447
448
452
453
457
458
462
463
467
468
472
473
477
478
482
483
487
488
492
493
497
498
502
503
507
508
512
513
517
518
522
523
527
528
532
533
537
538
542
543
547
548
552
33
37
38
42
43
47
48
52
53
57
58
62
63
67
68
72
73
77
78
82
83
87
88
92
93
97
98
102
103
107
108
112
113
117
118
122
123
127
128
132
133
137
138
142
143
147
148
152
153
157
158
162
163
167
168
172
173
177
178
182
183
187
188
192
193
197
198
202
203
207
208
212
213
217
218
222
223
227
228
232
233
237
238
242
243
247
248
252
253
257
258
262
263
267
268
542
543
547
548
552
553
557
558
562
563
567
568
572
573
577
578
582
583
587
588
592
593
597
598
602
603
607
608
612
613
617
618
622
623
627
628
632
633
637
638
642
643
647
648
652
653
657
658
662
663
667
668
672
673
677
678
682
683
687
688
692
693
697
698
702
703
707
708
712
713
717
718
722
723
727
728
732
733
737
738
742
743
747
748
752
753
757
758
762
763
767
768
772
773
777
778
782
783
787
788
792
793
797
798
802
803
807
808
812
813
817
818
822
823
827
828
832
833
837
838
842
843
847
848
852
853
857
858
862
863
867
868
872
873
877
878
882
883
887
888
892
893
897
898
192
193
197
198
202
203
207
208
212
213
217
218
222
223
227
228
232
233
237
238
242
243
247
248
252
253
257
258
262
263
267
268
272
273
277
278
282
283
287
288
292
293
297
298
302
303
307
308
312
313
317
318
322
323
327
328
332
333
337
338
342
343
347
348
352
353
357
358
362
363
367
368
372
373
377
378
382
383
387
388
392
393
397
398
402
403
407
408
412
413
417
418
422
423
427
428
432
433
437
438
442
443
447
448
452
453
457
458
462
463
467
468
472
473
477
478
482
483
487
488
492
493
497
498
502
503
507
508
512
513
517
518
522
523
527
528
532
533
537
538
542
543
547
548
552
553
557
558
562
563
567
568
572
573
577
578
582
583
587
588
592
593
597
598
602
603
607
608
612
613
617
618
622
623
627
628
632
633
637
638
642
643
647
648
652
653
657
658
662
663
667
668
672
673
677
678
682
683
687
688
692
693
87
88
92
93
97
98
102
103
107
108
112
113
117
118
122
123
127
128
132
133
137
138
142
143
147
148
152
153
157
158
162
163
167
168
172
173
177
178
182
183
187
188
192
193
197
198
202
203
207
208
212
213
217
218
222
223
227
228
232
233
237
238
242
243
247
248
252
253
257
258
262
263
267
268
272
273
277
278
282
283
287
288
292
293
297
298
302
303
307
308
312
313
317
318
322
323
327
328
332
333
337
338
342
343
347
348
352
353
357
358
362
363
367
368
372
373
377
378
382
383
387
388
392
393
397
398
402
403
407
408
412
413
417
418
422
423
427
428
432
433
437
438
442
443
447
448
452
453
457
458
462
463
467
468
472
473
477
478
482
483
487
488
492
493
497
498
502
503
507
508
512
513
517
518
522
523
527
528
532
533
537
538
542
543
547
548
552
553
557
558
562
563
567
568
572
573
577
578
582
583
587
588
592
593
597
598
602
603
607
608
612
613
617
618
622
623
627
628
632
633
637
638
642
643
647
648
652
653
657
658
662
663
667
668
672
673
677
678
682
683
687
688
692
693
697
698
702
703
707
708
712
713
717
718
722
723
727
728
732
733
737
738
742
743
747
748
752
753
757
758
762
763
767
768
772
773
777
778
782
783
787
788
792
793
797
798
802
803
807
808
812
813
817
818
822
823
827
828
832
833
837
838
842
843
847
848
852
853
857
858
862
863
867
868
872
873
877
878
882
883
887
888
892
893
897
898
902
903
907
908
912
913
917
918
922
923
927
928
932
933
937
938
942
943
947
948
652
653
657
658
662
663
667
668
672
673
677
678
682
683
687
688
692
693
697
698
702
703
707
708
712
713
717
718
722
723
727
728
732
733
737
738
742
743
747
748
752
753
757
758
762
763
767
768
772
773
777
778
782
783
787
788
792
793
797
798
802
803
807
808
812
813
817
818
822
823
827
828
832
833
837
838
842
843
847
848
852
853
857
858
862
863
867
868
872
873
187
188
192
193
197
198
202
203
207
208
212
213
217
218
222
223
227
228
232
233
237
238
242
243
247
248
252
253
257
258
262
263
267
268
272
273
277
278
282
283
287
288
292
293
297
298
302
303
307
308
312
313
317
318
322
323
327
328
332
333
337
338
342
343
347
348
352
353
357
358
362
363
367
368
372
373
377
378
382
383
387
388
392
393
397
398
402
403
407
408
412
413
417
418
422
423
427
428
432
433
437
438
442
443
447
448
452
453
457
458
462
463
467
468
472
473
477
478
482
483
487
488
492
493
497
498
502
503
507
508
512
513
517
518
522
523
527
528
532
533
537
538
542
543
547
548
552
553
557
558
562
563
567
568
572
573
577
578
582
583
587
588
592
593
597
598
602
603
607
608
612
613
617
618
622
623
627
628
632
633
637
638
642
643
647
648
652
653
657
658
662
663
667
668
672
673
677
678
682
683
687
688
692
693
697
698
702
703
707
708
712
713
717
718
722
723
727
728
732
733
737
738
742
743
747
748
752
753
757
758
762
763
767
768
772
773
777
778
782
783
787
788
792
793
797
798
802
803
807
808
812
813
817
818
822
823
827
828
832
833
837
838
842
843
287
288
292
293
297
298
302
303
307
308
312
313
317
318
322
323
327
328
332
333
337
338
342
343
347
348
352
353
357
358
362
363
367
368
372
373
377
378
382
383
387
388
392
393
397
398
402
403
407
408
412
413
417
418
422
423
427
428
432
433
437
438
442
443
447
448
452
453
457
458
462
463
467
468
472
473
477
478
482
483
487
488
492
493
497
498
502
503
507
508
512
513
517
518
522
523
527
528
532
533
537
538
542
543
547
548
552
553
557
558
562
563
567
568
572
573
577
578
582
583
587
588
592
593
597
598
602
603
607
608
612
613
617
618
622
623
627
628
632
633
637
638
642
643
647
648
652
653
657
658
662
663
667
668
672
673
677
678
682
683
687
688
692
693
697
698
702
703
707
708
712
713
717
718
722
723
727
728
732
733
737
738
742
743
747
748
752
753
757
758
762
763
767
768
772
773
777
778
782
783
787
788
792
793
797
798
802
803
807
808
812
813
817
818
822
823
827
828
832
833
837
838
842
843
847
848
852
853
857
858
862
863
867
868
872
873
877
878
882
883
887
888
892
893
