1.1 2.25
3.156 4.1257
1.1 2.24
3.146 4.1247
1.1 2.26
3.166 4.1267
-9.8 9.29
3.157 -4.5768
7.3 5.68
-4.694 -7.2934
3.4 -8.51
7.778 -10.3114
-4.4 -5.69
-8.816 5.4388
8.1 -6.61
-3.876 3.2471
1.1 9.16
-4.119 -1.8814
-7.7 9.83
-6.961 3.1148
-10.8 -3.41
-5.975 -10.2568
-10.1 -3.56
-1.147 8.8334
-6.6 -8.72
5.129 1.1322
-6.2 -10.87
-7.486 5.8635
-1.1 7.14
4.966 -8.4992
-3.7 10.66
1.948 9.6285
-5.5 7.17
7.685 -4.8666
6.3 7.19
-1.157 3.4394
-2.7 4.43
-2.912 3.8775
-5.4 -1.12
-4.213 6.1292
3.6 1.39
9.964 -1.1396
-1.3 -2.47
8.924 9.5736
3.1 7.41
-2.496 -1.5142
-6.1 4.46
-8.524 -3.5774
7.4 1.94
8.553 -4.8681
-5.8 -1.78
4.769 2.9346
-7.3 10.65
-2.126 -6.5885
5.1 -10.51
2.828 -4.3466
2.7 -4.74
-7.412 -3.6878
2.3 -7.45
-10.227 -1.4933
-6.6 -10.95
-5.579 4.7399
-4.8 1.89
-9.756 -9.9753
4.7 -4.87
-2.798 7.2688
8.7 -7.29
-8.867 -8.2923
8.1 -7.43
10.352 -2.6371
-4.8 7.42
2.676 -10.2347
6.9 7.18
-9.932 -5.5451
7.5 3.94
-4.495 4.4892
-6.9 5.97
8.462 -4.8644
5.5 3.57
8.368 2.7135
-5.2 -5.56
-6.226 -2.1175
4.6 -10.32
-10.223 -1.8221
-9.6 -9.86
-1.916 3.1179
9.7 9.81
-1.762 -1.6787
1.9 -6.45
2.966 2.1618
2.3 -9.29
-4.545 -6.5862
2.9 7.19
-3.883 -1.7567
-8.4 2.56
-9.243 8.5255
6.4 4.87
-3.194 -7.2763
-7.3 -5.75
-9.378 6.4923
-8.7 10.59
-4.668 7.5452
3.6 1.37
-1.682 8.4763
8.4 -10.73
8.228 -3.4575
-342.2 -41.63
-873.316 -823.6253
663.5 440.95
-477.262 895.6254
388.4 -417.66
924.111 -16.2752
-598.6 -155.78
138.542 -808.9832
-47.8 113.24
892.537 -453.6668
209.3 455.75
254.772 646.9993
264.1 717.41
-62.447 -586.5829
-457.7 -388.31
12.865 344.9433
102.9 -764.11
256.543 -281.2715
513.2 433.41
-640.941 -921.7974
-248.1 281.39
361.563 589.8845
-931.7 573.52
-751.259 696.4677
-684.7 -305.12
937.752 -413.6159
832.8 -76.22
743.867 221.4341
-731.9 811.83
-714.755 366.7215
-506.8 -28.69
-370.486 -142.1716
-158.8 560.34
770.476 -39.5112
-935.4 597.75
392.664 -461.3727
-653.4 -68.79
527.231 491.8332
-103.9 -796.68
-879.313 -841.3871
-279.2 266.46
504.953 -142.5742
-765.5 -988.64
-474.756 -735.8327
-567.2 -300.42
-427.699 584.9743
416.8 358.75
-143.891 -680.2678
944.9 143.29
-272.821 -216.3972
-536.9 361.73
-191.623 -134.3492
990.5 186.39
-826.525 313.7183
-721.6 -71.72
-468.785 509.2849
-965.3 33.47
980.421 -133.7111
984.2 -562.32
721.749 440.8124
513.6 -403.13
-859.233 -849.5927
7.1 -767.66
509.737 -476.9137
447.9 -960.93
-702.128 757.5254
-325.5 -809.28
-375.228 -571.2891
94.6 -431.25
408.818 824.3799
408.3 -392.43
-223.325 824.4198
-123.2 -872.85
-59.145 -842.6423
-642.3 -31.63
-415.492 28.1273
959.7 438.51
703.179 140.3364
-956.8 672.56
-796.683 -859.7346
549.3 787.16
360.999 793.1762
579.8 -148.79
699.443 -472.7221
178.3 -889.35
377.175 477.9881
180.4 296.81
-984.859 811.6931
-562.2 533.18
276.363 938.5565
376.7 378.77
-836.933 -96.5254
604.9 251.99
-285.754 990.1359
82.3 68.85
951.555 822.9681
442.8 562.58
686.651 537.8537
-782.5 -758.53
-750.484 372.4758
