5 3
0 0 0
1 0 5
0 0 0
0 1 2
1 1 0
6 4
0 1 2 3
1 5 9 1
0 0 0 5
7 8 9 1
0 2 9 1
2 5 9 0
5 68
62 48 16 57 29 91 55 77 24 32 61 29 74 17 29 41 13 82 89 75 48 84 32 62 11 41 47 26 65 60 41 80 8 9 37 38 52 44 67 76 28 28 6 54 97 87 96 10 69 37 38 18 73 22 32 36 16 79 62 81 39 3 13 99 12 2 37 64
98 56 40 27 37 98 33 86 86 81 97 7 18 87 77 91 9 9 27 25 40 41 59 79 44 24 79 8 27 68 24 25 25 65 4 14 15 90 0 53 71 49 61 42 36 90 85 98 52 65 75 92 6 34 72 51 59 3 59 38 71 36 63 48 1 20 62 68
10 15 22 81 64 35 23 1 77 9 51 29 74 26 22 32 13 46 83 24 49 95 62 72 31 77 73 84 97 87 4 59 2 26 41 67 13 16 20 91 77 71 72 3 49 46 36 62 92 71 86 93 66 0 18 49 78 91 85 27 78 90 87 81 68 80 0 34
48 20 77 26 43 49 81 92 96 17 55 40 41 93 34 59 94 4 9 24 95 46 3 25 36 42 58 5 22 58 91 23 30 68 1 73 17 82 66 65 52 21 6 93 14 92 52 60 96 13 84 43 60 88 68 48 30 79 5 5 37 96 28 20 64 29 93 34
63 59 99 67 80 5 60 47 49 65 7 45 30 92 40 42 32 61 91 62 40 96 19 29 45 47 49 9 28 43 43 44 2 95 11 35 0 24 82 2 41 89 47 71 33 40 66 17 1 57 80 41 5 51 22 50 51 72 60 79 67 55 23 21 50 87 56 3
