1
2
16
4
16
16
52
8
52
16
52
16
40
52
160
16
52
52
88
20
64
52
160
24
88
40
9232
52
88
160
9232
32
100
52
160
52
112
88
304
40
9232
64
196
52
136
160
9232
48
148
88
232
52
160
9232
9232
56
196
88
304
160
184
9232
9232
64
196
100
304
68
208
160
9232
72
9232
112
340
88
232
304
808
80
244
9232
9232
84
256
196
592
88
304
136
9232
160
280
9232
9232
96
9232
148
448
100
304
232
9232
104
808
160
9232
9232
9232
9232
9232
112
340
196
520
116
352
304
808
160
9232
184
628
9232
9232
9232
4372
128
9232
196
592
132
400
304
916
136
9232
208
628
160
424
9232
9232
144
9232
9232
9232
148
448
340
1024
152
520
232
9232
304
472
808
9232
160
9232
244
736
9232
9232
9232
9232
168
4372
256
9232
196
520
592
9232
176
532
304
808
180
544
9232
9232
184
628
280
952
9232
9232
9232
4372
192
9232
9232
9232
196
592
448
9232
200
1024
304
916
232
616
9232
9232
208
628
808
952
212
640
9232
9232
9232
736
9232
1672
9232
9232
9232
9232
224
4372
340
1024
228
688
520
9232
232
9232
352
9232
304
712
808
9232
240
724
9232
9232
244
736
628
1672
9232
952
9232
9232
9232
9232
4372
13120
256
9232
9232
9232
260
784
592
9232
264
9232
400
1204
304
808
916
2752
272
820
9232
9232
276
832
628
1888
280
952
424
9232
9232
9232
9232
4372
288
868
9232
9232
9232
9232
9232
2248
296
9232
448
9232
340
904
1024
3076
304
916
520
1384
308
928
9232
9232
312
9232
472
1600
808
952
9232
9232
320
964
9232
9232
324
976
736
9232
9232
1672
9232
1492
9232
9232
9232
9232
336
9232
4372
4372
340
1024
9232
9232
344
9232
520
9232
592
1048
9232
9232
352
9232
532
1600
356
1072
808
9232
360
2752
544
1636
9232
9232
9232
4192
368
1108
628
1672
372
1120
952
2536
9232
9232
9232
2752
9232
9232
4372
13120
384
1156
9232
9232
9232
9232
9232
9232
392
2248
592
9232
448
1192
9232
9232
400
1204
1024
1816
404
1216
916
2752
408
1384
616
9232
9232
9232
9232
9232
416
9232
628
1888
808
1264
952
3220
424
9232
640
2752
9232
9232
9232
4372
9232
1300
736
1960
9232
9232
1672
2968
9232
1492
9232
2248
9232
9232
9232
39364
448
9232
4372
4372
452
1360
1024
3076
456
9232
688
9232
520
1384
9232
9232
464
1396
9232
9232
468
1408
9232
9232
472
1600
712
3616
808
1432
9232
9232
480
2752
724
2176
9232
9232
9232
9232
488
4192
736
9232
628
1480
1672
14308
9232
1492
952
2248
9232
