14
0
3
1
14
0
4
1
14
3
0
2754
0
1
0
0
0
2
152
750
780
758
76
1437
561
530
292
429
1014
189
725
68
1727
1651
1186
129
514
2133
1536
97
1164
1512
1266
676
1205
356
126
458
1800
1722
2488
1749
922
1805
490
1230
683
526
13
693
1243
1085
170
163
784
74
1437
251
1696
806
717
1182
1911
305
547
259
1102
1607
442
626
19
31
776
1205
1025
385
717
900
961
785
89
1191
320
783
323
247
1319
1261
976
1247
107
521
1486
701
392
210
1528
658
1437
1167
86
94
372
1086
1388
237
607
94
1327
81
1105
1671
1040
699
979
551
2259
308
1808
49
302
1143
1098
1651
175
1086
835
217
93
2095
461
362
152
310
416
81
1598
1259
1624
363
863
2541
731
1157
507
140
1744
102
946
714
2038
2012
172
1441
240
1071
621
349
1801
312
1042
1183
51
1531
1336
1551
344
1364
1168
819
1517
1095
61
1476
42
467
1713
1187
1123
86
2026
992
4
349
1322
742
1941
61
1764
362
88
82
1842
584
391
515
1106
260
39
896
1965
833
1928
998
802
831
129
585
1659
1912
376
948
1102
1554
2000
1527
1339
470
1989
199
25
697
930
1120
1234
1416
830
1159
1344
464
787
1073
116
1580
1337
1453
1034
203
40
51
1845
626
1061
459
856
1618
1302
442
2084
143
1656
959
254
1990
134
420
693
2323
162
534
57
1717
218
1727
260
25
1528
1925
1265
1253
841
56
2052
1120
1546
1339
940
1108
1460
2235
356
379
61
330
2249
963
201
253
13
348
2172
203
174
581
31
812
112
1889
1467
600
812
29
928
1591
1523
246
920
1804
1380
357
2034
1309
1956
1618
718
1794
1361
210
2168
112
1274
1555
1041
743
2379
1865
684
1895
2126
818
1545
252
1552
131
363
953
841
970
1266
301
1023
508
675
728
275
1372
2069
264
1010
63
567
601
2211
1887
1810
41
406
1624
1607
717
1413
181
630
1684
1057
47
553
332
95
1468
857
1105
1521
1313
33
1748
1640
151
373
979
498
1191
428
501
1601
729
121
121
842
1111
853
1849
1507
926
1040
1678
403
86
752
429
2124
379
427
170
183
130
65
1307
84
503
1680
278
54
792
641
656
46
1131
1489
745
1041
1011
204
153
531
1136
660
1904
1725
1190
1252
1120
1553
556
210
276
682
776
60
85
462
971
19
2187
544
1601
480
366
758
382
1312
122
1474
956
740
761
1000
2123
673
1741
436
1404
1600
940
750
20
395
64
413
612
1403
1277
151
54
355
777
196
1315
596
2219
485
139
225
733
1395
542
369
982
836
2477
1496
308
145
72
144
2056
608
2054
1340
576
956
1597
1310
997
217
1097
392
268
0
120
1
0
