6912
4608
373248
128
49152
72
20736
2304
144
6144
288
31104
3072
8
55296
768
4
165888
48
331776
72
4608
165888
16
41472
384
4
6912
24576
36864
36864
9216
144
8
221184
128
256
9216
4608
248832
6912
32
16
288
192
32
768
746496
2
2
432
384
73728
24
24576
12288
4
12
128
72
8
8
2048
24
24576
64
1536
73728
4
31104
16384
288
16
55296
13824
110592
48
165888
32
4
96
4
144
1152
16
55296
384
8
18
24
1152
384
384
4608
4
96
55296
8192
16
165888
6912
1024
4608
32
4
54
768
384
2
32
6
16384
4
192
64
96
72
8
8
4
20736
27648
110592
9216
6144
49152
512
64
4
8
36
1536
1296
96
27648
331776
147456
2048
559872
165888
221184
82944
64
6
4608
4096
2304
4
2304
24
4
512
8
384
16
16
20736
2048
3456
72
128
1152
32
1536
36864
18432
373248
9216
288
96
3072
96
24
65536
48
41472
2304
432
48
864
384
221184
2
128
2304
5184
4
3456
3
6
2048
2
2
4
8
221184
96
576
1536
24
256
9216
192
192
12
3456
288
8
1024
27648
12288
147456
497664
24576
55296
2
55296
2304
165888
24576
18432
248832
256
2
32
9216
559872
110592
2304
41472
288
8
256
8
13824
6912
4
12288
110592
36864
6912
55296
288
2
124416
110592
3
2048
256
96
27648
48
72
128
24
124416
72
4096
16
4608
16
4
96
331776
497664
331776
36864
288
6912
8
2
49152
4
746496
576
2
144
648
72
3
4608
6144
165888
4
1728
2
1296
24
768
18432
4608
2592
576
55296
36864
24
144
24576
48
1728
9216
62208
384
1024
432
1728
768
96
16
3
9216
4608
1152
110592
96
27648
36
4
98304
384
2304
55296
128
2
2
6
27648
221184
55296
48
41472
144
4
36
24
24
12288
6912
64
1152
2592
73728
36
20736
73728
32
4
2
96
32
24
8
512
384
16
96
128
20736
8
18
1152
64
432
192
20736
96
576
36864
288
1536
144
331776
6912
8192
3
64
24
1024
2304
4
2304
48
8
96
384
6912
32
12288
9216
16
768
384
165888
18432
384
576
49152
144
1152
4096
96
288
110592
3072
12288
4
36
1152
16
288
41472
6
24
12288
27648
9216
6144
221184
2
98304
24576
4608
3
41472
497664
24576
16
110592
12
1728
20736
48
165888
3456
2048
12
64
55296
12288
288
648
4
36864
16384
8
4
18432
4
65536
165888
144
256
221184
384
16
96
3
288
4608
6
12288
4
72
3072
331776
72
82944
10368
98304
2304
73728
6
18432
768
6144
48
32
3456
48
48
13824
96
384
1152
32
576
93312
6144
3
4608
144
72
128
288
27648
432
18432
36864
1536
324
16
6912
147456
216
4
576
2304
768
24
192
746496
221184
13824
4
2
6144
4
23328
48
8
144
41472
36864
128
73728
256
1024
124416
27648
2048
54
8
48
73728
64
128
62208
8
497664
1152
144
3456
96
6144
18432
248832
2
221184
373248
512
768
2592
331776
432
2304
65536
6912
9216
128
32
41472
1728
96
16384
768
165888
192
24
82944
8
24576
1536
3
12
110592
165888
248832
256
73728
24
12
432
221184
16
6912
4608
6144
24
768
12
16
4
559872
768
1024
1536
110592
6912
98304
62208
221184
4
288
18432
48
384
4
82944
24
4
110592
2
1152
192
2
2
279936
64
2304
8
497664
24
24
72
24576
144
4
768
12
6144
221184
216
768
24576
24
13824
1152
98304
144
3072
32
24576
4
96
16
32
16
192
3456
2304
221184
8192
256
144
82944
144
1152
3072
6912
41472
20736
32
3072
144
384
3
12288
110592
65536
55296
4
72
8
331776
55296
48
2304
1152
65536
147456
96
288
16384
108
9216
384
16
24576
73728
497664
192
288
6144
2
16
2
4
768
3456
4096
49152
6
18
1024
18
4608
1536
4608
768
73728
12288
48
96
18432
49152
2
331776
768
2
12
288
73728
4
32768
1536
8192
72
36
4
8
16
288
1296
4
27648
3
576
3
16
96
16
8
12288
12
32
9216
8
32
497664
331776
32
16
18432
768
24
1728
32
24
2304
4
64
1152
373248
6
1024
2
256
2
288
18432
12
288
36864
576
147456
4
73728
144
3
49152
3456
96
576
4
72
768
147456
18432
2
24
18
4096
110592
55296
4
48
288
2
2
1024
576
24576
147456
1152
6
1152
384
27648
3456
4
110592
2
73728
497664
192
6
497664
2592
12
144
18432
32
96
12
110592
32
18
2
8
32
165888
24576
128
2
746496
12
1536
256
128
24
1944
2048
6912
4
864
2048
768
55296
144
2
55296
512
1024
72
746496
32
64
18432
48
3456
6144
48
2
4
144
13824
8
2
1536
147456
24576
6
48
12
4608
6912
144
432
2304
1152
16
576
221184
16
10368
32
36864
576
32768
18432
20736
576
1152
3
96
384
27648
2
8
108
8
144
12
384
9
10368
32
9216
55296
124416
864
3072
248832
32
18432
2
96
18432
110592
20736
3072
2
4608
12
6
64
3
18432
4608
1152
1152
768
1024
512
3072
248832
1152
32
1536
1152
144
55296
6
2
9216
13824
3
2
32
497664
2
4
128
256
18432
24
1152
18
110592
2304
27648
73728
13824
98304
24
2
18
36864
4608
18432
331776
768
768
144
2048
18432
2
49152
55296
96
73728
288
8192
165888
9216
576
9216
108
331776
72
147456
147456
18432
6
384
288
4
48
768
221184
96
1536
384
64
12
64
12288
41472
20736
4608
82944
9216
41472
27648
72
331776
96
576
27648
2
3
16384
4608
4
288
98304
6912
1536
3
1536
6144
144
288
49152
98304
8
96
3072
864
1152
24
31104
31104
9216
384
144
98304
3072
12288
512
9216
6
54
41472
5184
2
49152
4608
576
2304
4096
20736
768
36
288
27648
98304
13824
165888
2304
2
576
288
96
16384
6
110592
6
6
72
8
24
96
32768
16
13824
3072
9216
864
98304
648
4608
6144
1152
3072
144
31104
48
20736
144
9216
3072
110592
13824
24
1728
4096
36
221184
6
13824
27648
41472
144
16384
3072
49152
576
2
13824
144
768
9216
1152
48
48
2304
73728
13824
512
16
221184
32768
72
32
96
49152
144
55296
2304
98304
576
192
1728
288
165888
72
6912
4
16
432
746496
1536
96
2048
746496
768
144
13824
62208
55296
2
768
2
18432
96
497664
288
4
2
24
6912
12
27648
48
18
32768
384
288
48
55296
768
4
36
96
3072
8
1024
221184
1728
6144
36
6
48
2
8
576
2304
4608
165888
6
3072
62208
4096
73728
288
288
497664
110592
216
108
648
288
72
73728
7776
1536
96
4
2304
165888
2
9216
48
288
32
3456
64
24
36864
24
49152
20736
4608
2
8
559872
1152
96
36864
248832
144
1728
384
24
9216
4
32
18432
72
48
110592
4
73728
8
24
2
2
9216
128
18432
497664
2
1152
55296
221184
41472
13824
41472
288
64
27648
1152
4
331776
16
9216
768
6912
24
20736
55296
1152
72
2304
16
24
256
288
256
4
36
3
3456
4608
36864
2304
16
384
2
144
1536
288
12288
3456
24576
82944
3
13824
36
13824
6
576
24
15552
4608
9216
768
72
2048
3072
48
12288
1728
2048
64
36
36864
8
221184
128
147456
128
8192
256
55296
2
221184
49152
8
16
16
2
98304
6144
384
10368
331776
256
8
4
8
41472
288
62208
55296
165888
96
41472
24
3
192
2048
1536
32
4608
41472
32
27648
13824
124416
746496
24
9216
147456
48
4
192
31104
2
147456
384
4608
2
16
108
10368
64
12288
768
32
48
1536
4608
4608
4608
2
6912
192
4
110592
288
41472
9216
36
10368
864
8
12288
147456
24
4
221184
288
96
24
18
128
12
24
32
12288
36
1024
3072
8
2048
864
36
32768
55296
6
8
12
221184
221184
216
46656
32768
41472
6
24
73728
24
221184
4608
73728
1152
147456
4
147456
4
98304
1296
144
110592
4
256
221184
4
1728
256
96
8
9216
144
8
384
3072
73728
55296
147456
73728
288
6912
512
12288
18432
192
27648
3072
768
3888
512
512
6144
12288
2
384
768
6912
48
497664
221184
24576
73728
96
2048
768
2
256
13824
331776
4608
192
288
18
288
221184
147456
12
16
72
144
384
15552
4
72
1728
96
192
192
49152
1536
165888
576
6144
221184
2
4
4608
12
12288
3888
36864
768
221184
746496
147456
24576
768
13824
16
576
1728
288
2
331776
221184
12
768
288
72
48
373248
96
20736
4
110592
1152
384
331776
248832
12
36
64
331776
24
4608
82944
2
12288
256
96
24
12288
864
5184
2304
4
128
768
4096
12
32
165888
9216
64
54
110592
3072
4
128
1152
768
27648
16
32
144
16
12
221184
12
12
64
3456
2
768
12
82944
55296
3072
55296
73728
4
4
4
2
18432
24
4
768
4
384
73728
62208
576
2
24
48
576
165888
4
192
3
10368
110592
32
18432
497664
1152
128
55296
32
4
82944
16
512
147456
221184
497664
2304
576
1152
2
24
20736
192
192
1728
4608
9216
24
110592
18432
2048
16
2
12
1536
4
41472
110592
24
2304
32
48
55296
36
144
4
20736
73728
288
192
24
768
6912
4096
3072
110592
3072
3072
8
144
32
13824
4
41472
221184
36864
18
864
331776
1119744
13824
24
72
48
373248
96
16384
32768
147456
20736
576
73728
1152
192
144
48
5184
144
2
64
48
3072
48
3456
96
16
3456
768
4608
768
4
48
55296
24
1536
64
9216
64
64
36
8
576
18
96
8
384
13824
6144
4
221184
6144
432
2
24
2
27648
6
384
73728
24
16
96
248832
864
48
48
1296
373248
48
144
16
24576
221184
331776
1152
9
24
9216
2304
1024
3456
746496
576
192
24576
13824
2048
62208
48
1728
288
73728
2
6912
221184
36
27648
432
16
36864
36864
147456
48
18432
2304
4
186624
2304
24
1024
3
248832
192
12
8
221184
48
2
384
55296
192
32
8
8
64
4
36864
8
82944
1024
8192
432
576
96
16
3456
4
24
27648
497664
768
1728
6912
64
3456
4
147456
2
1152
96
221184
12
4608
36864
144
768
4
13824
1152
2
288
576
1119744
4
3072
5832
4
576
3
2
73728
32
32
497664
62208
497664
1152
864
1152
16
12
147456
1536
73728
82944
2592
64
12
41472
288
288
110592
4608
165888
768
12288
192
20736
512
1536
110592
147456
1296
2304
1024
1536
2
576
12288
55296
8
3072
2
384
12
12
6144
2048
768
64
3
110592
4096
4608
3072
13824
2
2
6
576
124416
2
18432
432
576
192
49152
147456
128
288
98304
12
576
64
18432
2
20736
18432
12288
192
3072
192
864
124416
2
576
221184
128
192
216
288
4096
192
108
2
9216
9216
16384
24
288
9216
497664
24
331776
2
41472
24
12288
1152
32
864
384
4
18432
768
4
2
32
2
221184
221184
1536
6144
12288
9
768
1152
2048
98304
96
2592
512
221184
165888
48
4
36864
4
72
3072
110592
32
972
32768
18432
6912
18432
96
2304
576
96
54
13824
144
288
6912
16
6144
147456
4
1152
13824
3
1152
6
64
1152
144
1152
4
512
73728
384
23328
192
24
288
12288
1536
8
746496
9216
221184
1728
1536
13824
221184
162
96
64
144
2
512
15552
5832
3072
256
36864
6912
384
72
165888
41472
864
256
147456
12
24
23328
331776
8
93312
96
165888
12
124416
9216
192
192
64
192
32
73728
55296
384
16
4608
64
1152
6
98304
221184
65536
2
82944
864
24576
4
12
36864
16
165888
2
6144
49152
1536
432
512
9216
576
8192
147456
2
13824
6144
6912
2
24576
65536
124416
216
5184
1296
1024
288
3
256
49152
82944
2
110592
2048
36
64
4
36
576
2
256
4
98304
576
110592
2
8
331776
248832
2
384
8
6144
110592
72
98304
32
36864
768
839808
110592
4096
192
110592
192
2304
12288
9216
18
1152
5184
144
432
1536
576
9216
3456
147456
6912
27648
110592
576
82944
16384
18432
41472
192
6
48
8
221184
768
48
384
48
384
331776
2048
2
4
2
16
2
2
3456
49152
110592
6
4608
1536
10368
48
2304
144
2304
1152
8
8
192
6
32
384
2
18
559872
4
768
32
1152
746496
165888
221184
55296
6
216
2
8
32
13824
110592
48
221184
96
768
96
2
2048
36864
6912
6
2
55296
384
9216
4
55296
331776
3072
24
20736
98304
147456
32
192
1728
8
1728
98304
13824
2304
73728
864
64
384
373248
384
9216
3
48
648
16
128
192
65536
6
1152
6912
128
221184
20736
288
98304
2304
13824
73728
48
16
3072
8
32
12
31104
8
72
16384
20736
8
1152
256
4
192
12
6912
3
6144
96
96
12
576
7776
12288
1536
64
768
8
6912
3072
32
144
41472
24576
2304
48
7776
128
216
12
3072
576
4608
24
32
62208
24576
110592
9216
12288
4096
3456
98304
20736
256
48
96
512
4096
98304
221184
27648
4
559872
16
128
18432
6912
4608
110592
1024
2
16
41472
73728
4
48
331776
15552
384
36864
746496
432
13824
72
128
18432
24
4608
192
147456
24
36864
27648
9
1152
24576
221184
144
2
8
49152
9
10368
165888
2304
24
18432
248832
65536
73728
192
2592
16
1152
64
32
72
4608
147456
110592
27648
16
2
82944
2
48
49152
864
2
16
13824
1536
96
36864
12288
27648
32
5184
18432
27648
384
216
27648
1728
3456
3
144
16
768
512
288
2
6
98304
2048
144
147456
24576
96
576
576
8
2
331776
124416
256
3
32
48
3
147456
12
4608
331776
73728
3456
8
20736
2304
4608
36864
9216
192
768
8
147456
5184
32
4
36
768
8
24
55296
32768
3072
13824
3456
82944
36
8
55296
4
16
1024
4
165888
384
55296
73728
96
12288
54
768
576
8
216
32
48
512
6144
3072
1152
110592
13824
2
144
6
110592
4
128
2304
144
288
3072
24
576
165888
4
16384
6
27648
2
3072
192
4
32
6
16
12288
20736
6144
8
331776
576
5184
6144
1536
4
144
48
2
10368
576
147456
384
24
576
3
576
4608
49152
27648
24
1024
1152
1536
3
4
24576
6912
98304
98304
27648
2304
147456
32
192
6912
48
144
64
288
2304
36864
192
13824
256
72
18432
36864
2
6
12288
5184
192
82944
55296
41472
144
96
1728
72
1536
576
2
64
2592
432
12
384
864
20736
16
20736
128
6
96
384
48
27648
6144
1024
497664
576
16
24
2304
2
36
1536
768
49152
162
16
4
12288
10368
49152
18432
96
5184
1152
24576
6144
27648
96
96
4
2304
864
16
20736
8
2048
110592
13824
6144
64
48
2304
768
1728
2
6912
32
12288
20736
4608
8
1152
32
144
3456
2
32
124416
288
331776
8
1024
1152
768
256
2
72
165888
1024
16
147456
8
2304
82944
2304
8
48
16
1152
13824
6
24
36
147456
41472
27648
73728
1152
9216
108
48
128
36864
248832
221184
4
16
24
3072
72
2
4
124416
6912
4
384
2304
110592
8
165888
216
4
64
15552
512
2304
576
1152
3072
96
4
32
6912
32
2
128
27648
768
27648
128
96
16
768
12288
8
73728
192
221184
186624
1152
32
3456
82944
2
6912
192
10368
5184
2
9216
16
288
128
4
6
8
4
576
62208
73728
62208
6
192
27648
9216
96
48
55296
165888
12
48
512
3
2
2
192
12
36864
384
36864
72
256
331776
4
55296
559872
7776
7776
1152
12288
192
3072
32
221184
288
165888
2
124416
331776
4608
192
15552
256
768
2048
12288
1152
10368
72
32
1152
13824
55296
72
3456
6912
1536
4
288
64
147456
64
72
4608
6912
73728
72
2
110592
24
12
6912
6144
24
4
1152
1152
3456
36864
192
384
20736
128
73728
497664
6144
331776
128
6144
147456
768
16
16
3456
32
110592
9216
1152
12
2592
24
1152
18
8
2
55296
256
6912
4
4608
1152
16
13824
2048
24
128
6
512
1152
248832
49152
73728
96
41472
4
18432
48
10368
31104
864
32
221184
8
48
768
3
6144
32
288
12
16
55296
12
12
96
36864
4
1728
16384
2
49152
48
96
13824
165888
2304
36864
41472
6912
48
8
256
512
24
4
1728
2
4
576
49152
373248
8
6912
221184
48
12
4
32
24
144
768
36
2304
221184
512
384
13824
384
16384
4608
3456
41472
2
12
98304
48
768
41472
192
6
8
288
9216
18432
497664
24
24576
24
96
1728
192
18
165888
2
7776
41472
110592
13824
24576
165888
36864
4
165888
4608
576
9
8
20736
2
64
331776
110592
4
165888
48
128
1536
124416
6
144
331776
576
5184
41472
36864
512
2
24
3
12
8192
4608
12288
96
2592
2048
32
1536
384
1728
8
8
6912
124416
288
18432
6912
36864
24
221184
73728
3456
3456
41472
192
9216
48
9216
24
6144
2304
3456
4608
20736
147456
432
8
3456
2048
1536
6
18
48
96
1728
31104
6144
6912
144
221184
192
2
6
1536
8
72
8
1024
96
8
4
5184
12
2592
48
27648
2048
1024
64
9
64
165888
6
144
48
8
192
4608
221184
96
1152
128
55296
3456
82944
64
96
165888
3456
36864
65536
192
12288
128
331776
6912
72
32
248832
256
8
4
4
110592
192
373248
12288
2
384
27648
12
32
1119744
55296
16
96
55296
324
32
144
192
3456
12
73728
2304
288
4608
2
48
124416
8
16
497664
144
2
24
1536
32
8
72
2
6912
36864
3456
4
4608
96
288
2
48
108
512
110592
432
18
8
147456
110592
48
4608
48
12
96
48
3456
16384
4
18432
72
4
9216
3
72
10368
108
192
6912
82944
4
32
12
6144
2304
98304
110592
32
6144
9216
13824
2
4
9216
2048
221184
20736
288
49152
9216
98304
746496
128
3072
36
4608
4096
32
41472
1152
18432
8
9216
24
8
864
64
221184
65536
3456
27648
256
18
2
16384
36
96
432
24
128
216
6144
6
384
1296
32
18432
49152
73728
27648
128
1728
144
2048
12
64
4
6
192
16
1536
128
4
1024
24
6
16
144
49152
4
4
6144
4
12288
82944
6
24576
384
864
27648
82944
73728
256
165888
147456
3072
2
384
5184
4
864
8192
18432
248832
32
32
72
144
55296
16
13824
31104
2304
10368
24
124416
1152
6
8
432
6912
64
165888
6912
16
24
96
432
2
3072
221184
16
331776
576
55296
8
497664
12
192
768
64
24
144
768
384
221184
13824
8
8
12
2
1152
41472
64
124416
768
13824
2
96
64
48
147456
4608
48
73728
41472
6
3
1536
27648
55296
768
768
384
2
16
1536
9216
3
72
55296
3072
36864
62208
16
2
48
24
256
288
1024
4
221184
4608
768
8
2
27648
576
12288
128
128
1728
497664
72
8
16
2304
576
4096
108
1728
144
62208
10368
4
4096
864
6144
98304
72
18432
256
12288
32
9216
8
864
6144
1152
16
128
16
12288
16
512
64
16
13824
13824
432
24
1152
55296
98304
110592
41472
864
64
32
3
2
12
4096
2
24
256
65536
4
128
221184
98304
16
12
18432
147456
73728
2
216
82944
2304
1536
1152
6144
72
24
6144
192
1536
147456
110592
6
62208
331776
96
64
96
6912
1944
768
4
4
13824
288
41472
41472
8
2
4
1152
36
64
221184
6
55296
9216
256
864
32
1152
20736
27648
55296
331776
110592
124416
2304
55296
2304
384
9216
24
24576
256
12
576
4
4
512
384
7776
24576
4096
24
3072
1296
2
110592
2
128
4
768
10368
432
288
96
1296
98304
12
98304
2304
248832
64
1152
12
1259712
3456
12288
6912
2
18
1152
8
6
65536
4
64
288
3
82944
18432
18432
64
36
36
12
288
384
12288
48
64
49152
384
48
27648
144
12
1728
768
4
221184
72
49152
288
288
32
36
16384
2304
221184
64
288
2
18
1536
4
18432
16
192
4608
6144
13824
36864
96
1296
147456
432
9216
49152
49152
1536
10368
256
41472
72
55296
3072
96
384
331776
20736
4
221184
13824
96
24
221184
48
6912
2304
8
1024
82944
10368
221184
192
41472
2
110592
18432
864
48
1024
192
73728
331776
12
1024
12
144
746496
12
93312
13824
72
2
2
6
36864
20736
41472
12
18432
12
4
4608
1536
48
82944
576
1536
48
3
6
221184
55296
3456
48
10368
18432
1536
1536
768
3456
48
82944
256
2
2
1024
12
864
2
72
48
13824
768
1152
24576
192
72
13824
55296
3072
4
9216
8
16
4
110592
49152
54
1152
864
2
4
4608
32
221184
192
82944
144
221184
1152
8
256
12
72
12288
9216
3072
12
384
98304
2304
8
248832
2
576
73728
1728
16
331776
2
746496
288
3456
221184
73728
9216
384
96
2
3072
12
12
13824
36864
48
10368
2304
24
124416
576
6144
3456
18432
8
6144
55296
4608
6912
1152
1152
10368
6144
73728
2048
1728
4608
48
4608
72
3456
16
2
576
12
64
96
36
12
18
12
165888
4
73728
2304
72
3
128
10368
4608
96
8
24
13824
48
98304
6
9
288
2
12
27648
3
24576
31104
256
18432
24576
4
288
48
4
31104
2048
16
3072
3456
32768
110592
165888
576
221184
576
8
2916
24
73728
2
9
62208
147456
8
331776
2
8
3
128
2048
331776
4
192
12288
2304
36864
576
98304
64
384
3
2
96
24
4
1536
746496
16
20736
2304
31104
6
256
3
24
2
3
8
36864
576
72
192
27648
221184
128
576
32
20736
4608
36864
55296
12
1728
165888
110592
13824
48
6912
1728
73728
384
248832
3072
6912
1296
96
768
27648
192
432
6912
48
12
8
2304
8192
18432
2592
8
13824
55296
6912
16384
24
6912
6144
48
3072
55296
4608
2304
15552
6
144
27648
48
6
3456
216
2304
3888
384
8
1152
4096
3456
110592
12
8192
4
192
16
147456
32
110592
384
98304
1728
2
2
4
