0.4490
0.5073
0.5031
0.5123
0.6014
0.6526
0.5393
0.5875
0.4406
0.5041
0.5255
0.4626
0.5942
0.4329
0.4347
0.5155
0.6122
0.5281
0.4712
0.7112
0.6323
0.4840
0.4974
0.4916
0.6639
0.5507
0.5066
0.4357
0.4737
0.5438
0.7042
0.5781
0.6462
0.3805
0.4533
0.5067
0.6081
0.4964
0.6250
0.6608
0.5050
0.6287
0.5156
0.6083
0.5070
0.4880
0.6039
0.5239
0.5215
0.5111
0.5414
0.4440
0.5703
0.4633
0.4927
0.1300
0.5964
0.5500
0.3758
0.5226
0.4410
0.5561
0.5997
0.5060
0.4493
0.5325
0.4828
0.4889
0.4801
0.4806
0.4297
0.4601
0.5321
0.4696
0.3830
0.4618
0.5023
0.3011
0.5463
0.3330
0.6793
0.5240
0.4491
0.4447
0.3691
0.4739
0.4115
0.5727
0.4894
0.6016
0.4723
0.5231
0.5157
0.5366
0.6105
0.5666
0.4227
0.6309
0.3032
0.4558
0.5465
0.4950
0.4626
0.4757
0.4957
0.4940
0.5704
0.6093
0.5988
0.3907
0.5219
0.5392
0.4248
0.5193
0.4579
0.4919
0.4991
0.5734
0.7100
0.4656
0.5480
0.5012
0.4273
0.4448
0.4752
0.4338
0.6015
0.6076
0.4490
0.5094
0.5791
0.5175
0.5680
0.6210
0.5202
0.5529
0.4703
0.6893
0.4602
0.6408
0.5111
0.4332
0.5046
0.5758
0.5320
0.5640
0.6552
0.4633
0.5436
0.5127
0.4986
0.5688
0.5054
0.5728
0.7335
0.6057
0.3569
0.4932
0.4932
0.5513
0.3759
0.6132
0.4783
0.4336
0.4980
0.6125
0.4987
0.3980
0.3483
0.6621
0.5988
0.5014
0.6299
0.4835
0.4634
0.4347
0.3535
0.5824
0.5215
0.9399
0.2436
0.5516
0.5343
0.4935
0.7503
0.4108
0.4495
0.4139
0.5363
0.4758
0.3481
0.5769
0.6598
0.5618
0.5332
0.4404
0.5356
0.4872
0.4100
0.5223
0.6315
0.4454
0.3269
0.5661
0.3573
0.7576
0.4708
0.6100
0.5887
0.4743
0.5084
0.4678
0.4587
0.5050
0.4795
0.6224
0.4950
0.5028
0.6866
0.3880
0.5003
0.5906
0.6904
0.3955
0.4486
0.5136
0.5162
0.4820
0.5459
0.5284
0.4627
0.5861
0.4155
0.5001
0.6367
0.5622
0.4950
0.1764
0.4416
0.2452
0.4934
0.7300
0.5230
0.4659
0.5246
0.4700
0.3685
0.7255
0.4422
0.6873
0.6953
0.4948
0.4706
0.5462
0.6098
0.4552
0.4801
0.4410
0.5390
0.7542
0.5340
0.4308
0.5430
0.5686
0.5096
0.3900
0.4587
0.5460
0.4498
0.5309
0.4932
0.4370
0.6507
0.4744
0.6655
0.9600
0.4525
0.4387
0.4043
0.4864
0.4882
0.5557
0.3838
0.4458
0.1400
0.6660
0.4011
0.6142
0.4109
0.5751
0.4339
0.2100
0.3028
0.4803
0.5170
0.5034
0.7732
0.4943
0.3977
0.4381
0.1974
0.7596
0.4404
0.4707
0.4591
0.3773
0.5353
0.4649
0.5238
0.5409
0.5387
0.5732
0.5693
0.5126
0.3780
0.4201
0.5298
0.5665
0.4916
0.6214
0.5066
0.2849
0.4460
0.4406
0.5123
0.4572
0.5018
0.5454
0.4529
0.4685
0.5872
0.5152
0.7070
0.5697
0.5528
0.6101
0.8200
0.6170
0.5392
0.5610
0.5900
0.5376
0.4907
0.4353
0.4131
0.4934
0.5360
0.4174
0.5523
0.5586
0.6041
0.5421
0.4191
0.5844
0.3824
0.5065
0.5079
0.4586
0.4544
0.5425
0.3694
0.4298
0.4350
0.4840
0.4200
0.4374
0.4984
0.5162
0.4492
0.6383
0.5819
0.4924
0.3542
0.5252
0.6110
0.4159
0.4403
0.5730
0.5654
0.5428
0.4098
0.3947
0.4872
0.4278
0.5128
0.7500
0.5624
0.5419
0.4702
0.8400
0.5817
0.4806
0.4820
0.5320
0.4913
0.4900
0.7353
0.5607
0.5313
0.8800
0.4394
0.4475
0.5281
0.4825
0.6077
0.6325
0.4242
0.5482
0.5364
0.5613
0.4679
0.5050
0.6759
0.4909
0.3653
0.5975
0.5080
0.6348
0.5413
0.4879
0.6069
0.4641
0.5641
0.5754
0.4336
0.5132
0.5729
0.4867
0.4643
0.2165
0.4212
0.6307
0.4801
0.4822
0.5161
0.4827
0.3270
0.5568
0.4038
0.5243
0.4444
0.4695
0.5799
0.5582
0.3297
0.4859
0.4272
0.5208
0.5252
0.5494
0.5029
0.4673
0.5288
0.5537
0.5357
0.4797
0.4849
0.4835
0.4998
0.6141
0.4543
0.4052
0.4985
0.4448
0.4765
0.4085
0.4895
0.5119
0.4497
0.4553
0.4365
0.6131
0.5627
0.3924
0.5148
0.5170
0.5157
0.6502
0.4881
0.3500
0.4266
0.4252
0.6433
0.5585
0.4950
0.5888
0.4851
0.5565
0.5355
0.6051
0.5690
0.3710
0.4477
0.6306
0.4329
0.5204
0.5869
0.5515
0.5667
0.5929
0.4044
0.4624
0.4423
0.2123
0.4556
0.5665
0.6241
0.3983
0.4812
0.3711
0.5281
0.4956
0.4501
0.4679
0.4411
0.6124
0.7881
0.5182
0.4497
0.4864
0.5662
0.5309
0.4993
0.5424
0.5384
0.5617
0.0300
0.4775
0.5029
0.5803
0.4991
0.6508
0.3918
0.5807
0.6933
0.5242
0.5538
0.4803
0.5262
0.5191
0.4612
0.3239
0.4632
0.5522
0.4682
0.4716
0.5412
0.3191
0.5991
0.3816
0.4985
0.4741
0.4550
0.4358
0.5825
0.4275
0.3660
0.5346
0.5644
0.5498
0.5630
0.2619
0.5151
0.5402
0.4728
0.5048
0.5499
0.5902
0.5587
0.6171
0.3868
0.5044
0.5546
0.4934
0.5076
0.3620
0.4014
0.4985
0.4130
0.5196
0.4607
0.5432
0.6231
0.4771
0.3759
0.4678
0.4965
0.4323
0.4662
0.7047
0.2795
0.5615
0.4761
0.4671
0.7262
0.5928
0.4769
0.5393
0.5056
0.4061
0.3259
0.4544
0.4703
0.5003
0.9100
0.4524
0.3551
0.5001
0.7100
0.5003
0.4996
0.6106
0.4818
0.5846
0.4877
0.4280
0.5039
0.4462
0.5052
0.3500
0.5222
0.5070
0.5344
0.5654
0.5680
0.5335
0.4947
0.1276
0.4292
0.4967
0.5094
0.4580
0.8650
0.4059
0.6169
0.6460
0.5798
0.5439
0.3495
0.6459
0.4898
0.4118
0.4328
0.4138
0.5017
0.4757
0.5595
0.3599
0.4661
0.4511
0.4482
0.6017
0.5164
0.3244
0.9100
0.5223
0.5027
0.5688
0.4630
0.6731
0.2200
0.5891
0.4645
0.4583
0.5857
0.9143
0.5135
0.4160
0.6757
0.5962
0.4635
0.5356
0.4941
0.5120
0.6114
0.4675
0.5463
0.3041
0.4104
0.4771
0.5440
0.5702
0.4441
0.6927
0.6267
0.4483
0.3538
0.5741
0.5404
0.2200
0.0300
0.4897
0.7942
0.6067
0.4244
0.6652
0.5261
0.3938
0.7424
0.4675
0.4773
0.6441
0.5633
0.5879
0.5215
0.5434
0.6262
0.3848
0.3946
0.6044
0.4817
0.4626
0.5355
0.5600
0.5162
0.5953
0.5449
0.4415
0.8200
0.6879
0.6070
0.4553
0.4934
0.5595
0.5125
0.5440
0.2314
0.4047
0.4740
0.4897
0.4958
0.5376
0.7131
0.5429
0.4759
0.5905
0.4676
0.5408
0.4996
0.4942
0.5434
0.4619
0.4870
0.4206
0.5008
0.6049
0.4584
0.3756
0.5596
0.5373
0.5220
0.4649
0.3216
0.5060
0.3885
0.4390
0.4834
0.4536
0.5459
0.5064
0.5565
0.4797
0.6302
0.5301
0.5264
0.4277
0.4133
0.4438
0.6494
0.5045
0.4223
0.4901
0.6948
0.4505
0.5248
0.5113
0.5309
0.5704
0.4872
0.5222
0.5252
0.3747
0.5734
0.5895
0.4266
0.4717
0.4928
0.5677
0.4836
0.6094
0.4904
0.5617
0.4901
0.5045
0.4382
0.5046
0.5136
0.7656
0.5593
0.4575
0.6800
0.4763
0.5101
0.5079
0.5342
0.4598
0.5288
0.4871
0.5098
0.4244
0.7198
0.2762
0.2239
0.5012
0.4925
0.4701
0.4958
0.5359
0.4285
0.5261
0.5336
0.5917
0.5158
0.5593
0.5062
0.5601
0.4813
0.4863
0.5095
0.4516
0.3665
0.4595
0.4385
0.5300
0.6152
0.3394
0.3855
0.5766
0.4351
0.5805
0.4733
0.4255
0.4537
0.4632
0.4666
0.4904
0.5025
0.4300
0.4868
0.5469
0.5283
0.4944
0.9000
0.6601
0.5592
0.4914
0.2934
0.4500
0.5299
0.5175
0.4884
0.4977
0.5431
0.5461
0.5499
0.7892
0.4505
0.4989
0.4914
0.1200
0.5827
0.5258
0.6817
0.4228
0.4026
0.2777
0.5245
0.4704
0.4938
0.5493
0.5349
0.4572
0.5429
0.3936
0.5575
0.5616
0.4982
0.5458
0.5826
0.2400
0.7809
0.4110
0.5566
0.5950
0.4393
0.6032
0.3109
0.5079
0.4714
0.5241
0.4939
0.6088
0.5697
0.5418
0.4533
0.3363
0.5797
0.4499
0.5655
0.4432
0.4685
0.5434
0.4635
0.5503
0.6684
0.3551
0.5907
0.5043
0.5940
0.5390
0.4790
0.4774
0.4110
0.7058
0.8500
0.5449
0.5213
0.3602
0.5046
0.6645
0.5250
0.5691
0.8104
0.5195
0.5298
0.4674
0.4526
0.4776
0.5771
0.4762
0.5590
0.5015
0.4661
0.5560
0.4669
0.3333
0.4183
0.5696
0.4260
0.5113
0.3036
0.4519
0.3997
0.4893
0.7500
0.5880
0.4398
0.3596
0.5753
0.6458
0.2200
0.4480
0.5139
0.4328
0.6454
0.4846
0.6518
0.4588
0.5613
0.5042
0.4239
0.5134
0.4965
0.4881
0.3768
0.4470
0.4753
0.4557
0.6050
0.5623
0.7328
0.5069
0.6220
0.3516
0.5759
0.5792
0.5354
0.4103
0.2326
0.5056
0.4431
0.4914
0.4364
0.5720
0.2906
0.5030
0.4965
0.5659
0.4297
0.6290
