21
9
46
17
62
8
31
10
25
18
39
21
32
27
42
28
14
18
1
17
10
8
16
15
20
20
4
31
39
12
8
24
49
31
15
36
10
41
13
13
16
40
19
54
47
20
23
25
13
6
30
60
8
25
66
36
12
54
20
9
45
40
33
23
18
16
31
5
26
28
5
42
16
21
39
18
19
47
7
1
35
18
1
38
14
47
33
7
15
32
23
42
10
16
34
2
35
44
28
44
34
38
12
16
11
22
2
35
36
39
18
10
20
23
44
26
20
23
26
26
18
51
10
30
22
23
34
2
20
12
32
21
11
38
30
20
4
12
25
39
24
7
40
55
14
28
16
8
27
39
21
34
8
22
10
2
36
27
28
11
45
34
25
28
30
4
20
34
20
21
17
33
39
40
28
10
8
24
37
31
59
12
36
56
12
39
42
28
12
26
11
19
29
36
55
33
26
8
26
24
13
1
44
24
11
26
28
54
37
18
18
23
38
9
34
56
4
45
17
29
40
8
14
9
39
19
40
5
2
1
18
36
56
25
42
32
8
24
54
23
37
16
35
41
44
15
29
1
48
9
7
36
21
2
24
30
24
15
36
26
33
10
46
14
46
35
25
27
31
27
23
41
13
38
39
27
48
31
10
34
38
38
18
22
24
28
38
25
22
27
29
30
8
31
21
38
13
25
47
36
