5 2
4 2 3 1 4
5 2
1 2 3 5 2
5 2
3 3 1 5 4
5 2
2 1 2 3 2
5 2
2 4 3 5 3
5 2
1 3 4 3 1
5 3
5 3 3 4 5
5 3
3 4 2 2 3
5 3
5 4 2 5 5
5 3
3 4 5 1 1
5 3
4 2 2 1 2
5 3
4 3 1 2 2
5 3
1 1 5 3 2
10 3
1 2 5 4 3 5 1 3 1 5
10 3
3 5 5 4 1 3 4 2 4 4
10 3
5 4 2 5 5 3 1 2 4 5
10 3
3 2 2 5 5 1 1 5 4 3
10 3
2 3 3 3 3 3 2 2 1 2
10 3
2 1 5 5 5 1 5 2 3 3
10 3
2 2 1 5 3 3 2 3 4 2
10 3
1 2 4 5 5 4 2 3 5 4
10 3
5 1 4 4 1 1 5 2 4 4
10 3
1 2 2 2 1 5 4 5 4 2
10 3
1 4 1 5 5 5 5 3 2 4
10 5
2 3 1 5 2 3 2 3 4 1
20 3
8 5 2 9 6 10 8 6 4 9 9 4 2 9 10 7 5 4 4 4
20 3
9 7 1 5 9 9 9 10 8 8 7 5 4 1 4 1 10 3 6 5
20 3
1 6 10 5 7 10 3 3 5 8 8 6 5 9 2 3 9 10 4 7
20 3
9 1 3 2 1 6 2 2 1 9 6 1 7 5 7 3 6 9 7 3
20 3
9 5 8 3 5 1 7 3 10 10 1 9 2 4 2 2 1 4 5 1
20 3
4 10 2 10 7 10 4 4 9 1 6 7 7 5 1 1 5 7 3 7
20 3
8 6 7 10 9 8 3 9 3 10 10 7 1 3 8 7 2 4 3 2
20 4
6 10 10 2 5 10 2 1 8 6 9 8 1 5 9 1 5 3 10 7
20 4
2 1 5 3 3 3 1 6 6 3 10 1 3 9 4 9 1 5 1 10
20 2
2 10 7 3 6 5 5 10 10 4 7 1 6 1 3 10 5 4 6 2
20 2
8 5 4 2 5 7 10 5 3 3 7 5 2 3 9 9 10 3 9 9
20 2
9 7 9 4 9 4 4 4 9 1 5 8 7 9 10 1 7 9 8 10
20 2
1 4 4 4 8 4 3 7 6 3 7 6 9 8 10 7 1 5 2 1
20 2
5 9 8 1 9 7 3 5 8 10 4 10 3 9 4 1 2 8 9 10
20 5
2 6 5 10 3 6 8 5 10 10 5 6 10 4 6 8 1 9 2 10
20 5
10 8 9 3 6 4 5 10 1 3 1 2 10 7 3 2 3 1 8 4
20 5
2 2 10 1 6 7 8 8 5 1 7 5 8 5 9 6 9 3 7 1
20 1
7 7 5 7 3 9 10 7 1 8 1 2 1 2 4 8 8 3 7 5
20 1
6 3 1 3 10 1 10 10 5 6 2 1 4 8 9 9 7 1 5 7
20 1
8 7 1 10 8 6 10 8 9 6 4 4 9 4 8 10 4 8 9 8
20 1
5 2 10 1 10 9 9 6 9 5 4 8 2 4 9 1 10 8 10 10
20 1
4 3 5 4 8 2 3 3 1 3 2 8 6 2 8 5 2 8 2 2
50 1
2 8 1 5 1 9 6 2 7 7 3 2 10 7 5 9 1 9 2 1 3 3 10 8 6 7 5 7 4 8 10 8 5 10 2 8 1 7 1 9 6 4 10 5 2 6 5 2 6 6
50 1
5 10 9 4 9 6 3 3 3 8 1 4 5 7 4 7 4 4 5 5 4 10 8 3 6 9 10 1 3 5 8 7 6 8 2 4 4 4 9 6 2 1 9 8 7 4 6 1 9 1
100 1
25 12 22 4 16 20 4 25 2 6 11 19 24 16 27 16 30 20 21 8 27 14 28 7 22 26 1 27 6 1 19 22 13 3 17 20 22 21 15 23 18 25 11 4 3 29 11 24 18 1 1 14 15 20 13 28 15 13 16 13 5 5 4 9 7 21 29 20 3 13 4 12 29 14 15 23 13 25 16 22 18 16 28 2 27 10 29 12 14 14 24 18 10 19 27 8 1 25 19 25
100 1
29 22 7 19 6 13 12 10 30 27 1 17 5 20 10 1 29 30 4 12 5 19 30 7 8 18 14 8 12 3 3 2 16 1 20 21 5 1 22 4 28 15 12 2 4 21 24 3 12 28 6 17 16 5 23 23 22 28 23 25 22 17 26 8 9 16 20 13 8 4 17 5 18 20 28 13 3 22 7 14 11 13 22 26 17 6 11 1 4 25 17 17 11 13 16 19 20 6 1 27
100 3
1 9 24 18 29 13 22 1 26 29 6 6 11 28 24 19 3 4 11 28 28 28 7 30 2 22 10 21 19 10 9 19 11 24 28 1 7 20 23 2 18 28 30 28 17 23 8 12 26 19 9 15 16 7 6 17 29 15 29 9 24 29 28 26 23 25 26 21 6 18 14 23 8 13 12 24 5 20 5 22 30 6 28 15 12 3 23 2 17 13 11 3 3 30 28 25 24 16 7 22
100 3
25 21 14 2 3 18 18 30 29 22 21 28 27 11 12 1 13 26 2 30 8 12 24 2 3 21 27 19 28 25 10 23 15 15 16 10 2 3 9 30 17 21 27 5 1 30 5 6 25 7 27 24 10 20 26 13 2 14 1 30 30 2 14 15 16 29 16 18 24 24 9 10 6 6 14 29 27 11 4 14 17 22 29 18 11 16 22 12 21 14 11 21 15 16 5 23 15 20 10 30
100 3
5 10 9 2 7 14 30 4 24 25 17 2 16 7 12 18 23 3 30 13 9 2 3 15 18 29 7 24 18 8 23 14 18 23 16 24 28 7 19 22 24 27 15 1 4 26 19 26 21 10 30 29 11 3 5 20 1 12 13 11 11 27 24 20 11 9 14 9 8 24 22 1 21 6 1 24 2 19 11 22 28 10 12 1 4 16 20 5 19 25 7 30 13 30 11 24 1 24 24 8
100 3
10 15 30 30 12 30 15 13 11 17 26 30 26 7 22 22 15 4 18 3 28 24 24 10 23 5 25 15 20 10 14 29 24 13 20 6 5 4 10 15 20 6 6 8 4 20 21 18 23 8 13 20 1 6 21 15 2 8 30 14 17 13 12 3 26 24 30 22 19 9 28 1 6 3 8 10 22 20 27 14 27 9 25 27 7 8 3 8 15 2 21 1 7 25 25 24 18 24 15 28
100 3
3 12 28 30 6 27 9 20 16 6 3 12 6 20 30 12 27 3 12 11 26 24 3 2 10 28 17 19 13 1 17 15 4 14 7 10 11 15 29 26 12 23 30 18 4 29 21 30 23 24 2 19 18 5 12 27 24 29 16 6 21 2 13 17 15 19 26 17 3 16 13 7 30 12 24 4 2 6 3 17 30 5 5 17 1 8 5 24 28 20 21 11 13 3 27 20 21 14 6 16
300 3
29 68 12 48 61 47 11 5 22 14 61 23 50 47 61 30 14 56 45 54 7 55 64 12 60 32 1 10 25 46 7 53 56 30 42 58 18 65 62 52 20 52 4 69 28 65 40 54 62 14 49 68 10 54 9 69 15 21 21 39 67 39 33 64 69 16 51 16 10 43 67 29 36 13 39 64 7 8 59 68 33 37 7 43 20 28 41 34 48 3 14 56 42 58 49 40 15 42 67 25 14 6 65 49 18 34 54 36 41 42 45 16 8 51 58 39 20 40 14 10 55 27 65 26 26 56 7 41 27 3 7 40 20 13 30 37 46 26 14 29 67 58 44 17 51 43 67 70 24 11 9 8 37 16 33 5 1 51 57 39 66 5 20 15 17 49 64 63 4 7 33 13 65 18 41 45 60 37 56 25 47 65 33 26 22 7 42 34 58 28 2 53 32 21 9 60 11 2 64 15 9 26 39 3 43 21 47 44 57 32 11 46 38 55 13 1 61 54 34 60 11 35 54 54 55 63 55 66 64 49 22 2 4 2 16 59 22 4 44 20 48 66 65 15 50 7 28 53 2 61 42 24 38 38 7 34 30 62 41 35 52 62 49 67 5 64 55 38 68 41 58 45 36 64 1 28 13 40 10 14 31 63 38 10 30 56 43 1 59 14 36 40 17 26 37 34 31 33 1 28
300 3
15 58 14 51 52 27 8 6 8 29 19 50 21 68 59 51 54 32 51 54 57 28 24 3 53 2 36 14 34 49 53 49 36 9 41 29 47 60 34 54 18 65 34 38 62 34 30 57 65 23 41 63 50 6 8 45 7 55 70 52 33 64 42 69 2 24 39 60 13 15 56 42 21 31 22 24 64 51 11 1 3 63 63 65 68 70 39 16 55 38 9 17 31 51 27 45 4 8 46 29 22 31 70 54 61 33 7 55 14 29 67 28 21 59 22 30 59 2 57 55 39 66 1 12 46 40 68 61 47 43 19 10 16 31 63 18 63 69 2 18 28 10 58 60 69 9 20 69 11 6 53 61 13 65 14 58 34 11 61 22 66 9 31 11 51 35 28 56 34 42 15 3 51 2 4 61 11 35 59 33 53 41 23 65 36 49 65 11 59 55 33 66 5 63 18 56 28 46 53 3 29 67 17 21 11 20 12 33 67 70 65 49 53 29 43 18 19 37 28 8 21 60 15 26 65 33 23 34 20 17 36 48 25 64 10 35 25 21 67 21 33 3 69 15 44 42 32 62 20 1 11 41 3 26 8 67 70 42 30 19 58 7 66 12 12 5 59 36 38 67 57 70 12 55 14 67 38 57 70 58 57 11 40 1 48 47 67 59 18 38 7 17 56 14 28 67 30 28 33 67
300 3
25 31 8 36 15 21 32 53 19 31 52 6 53 21 18 42 67 15 30 26 64 36 42 62 61 11 58 21 39 32 17 5 62 25 40 19 57 13 13 6 43 64 23 38 14 40 21 22 66 51 47 60 28 30 63 19 40 50 39 20 24 67 24 27 21 5 45 20 17 57 25 2 50 59 51 5 40 1 26 36 51 2 37 21 43 29 39 25 20 19 44 55 15 10 12 48 26 68 67 43 55 33 56 46 21 36 63 60 48 18 37 29 32 3 61 4 43 29 28 5 47 14 59 61 35 70 38 60 68 46 32 64 8 29 51 40 6 43 42 54 3 8 24 34 23 14 49 7 42 7 11 30 32 70 32 66 11 70 55 20 57 29 13 65 57 6 34 5 48 5 58 62 25 11 25 59 24 4 65 7 22 6 36 65 17 67 60 27 8 56 47 65 14 1 1 13 6 34 29 66 51 16 57 17 38 24 5 61 39 11 9 2 16 44 66 32 52 55 1 2 52 59 66 8 59 66 32 7 41 60 2 33 5 70 61 42 35 65 44 3 6 52 4 33 37 11 7 30 7 19 31 59 7 38 66 65 45 27 1 16 16 14 60 32 26 51 15 60 57 58 5 4 51 20 37 17 31 55 46 49 3 19 37 9 56 44 15 31 12 28 58 39 41 59 70 8 39 14 10 38
300 3
13 26 41 63 45 19 21 17 3 67 66 17 27 44 25 12 18 52 54 41 9 53 10 61 42 21 69 22 47 8 59 59 33 42 64 19 60 14 36 5 22 43 33 48 28 70 2 45 51 55 28 59 38 37 49 21 69 47 42 45 66 43 46 40 14 39 59 15 64 36 31 16 20 64 5 47 63 6 34 43 61 61 31 40 39 21 60 37 68 43 12 5 15 69 45 40 49 45 55 42 10 27 69 41 20 4 17 24 9 50 66 11 52 38 62 20 59 63 57 68 36 10 14 50 20 58 20 68 44 16 51 65 42 50 35 62 65 64 27 15 43 23 38 37 2 29 56 2 22 54 11 57 5 25 48 36 24 9 33 68 24 26 4 8 5 39 11 11 32 37 25 16 59 4 52 3 33 50 16 66 45 27 64 62 63 41 27 16 62 60 25 15 27 29 22 31 9 32 53 40 69 19 67 69 23 61 13 55 40 29 62 26 67 55 17 59 37 44 16 28 45 53 55 1 23 18 43 31 62 37 12 60 55 20 70 7 10 25 3 61 53 64 17 49 60 33 49 27 18 64 66 4 46 50 16 10 68 70 40 1 36 63 2 21 13 1 27 34 37 30 25 19 35 41 9 25 15 69 63 45 63 58 48 50 50 64 60 59 5 41 59 41 46 60 61 70 2 29 33 39
300 5
58 57 69 35 39 20 59 54 18 51 28 22 50 17 14 41 22 15 29 27 67 17 67 42 18 69 53 20 27 16 70 15 14 68 49 53 29 49 48 47 41 5 10 32 33 23 3 55 37 31 23 34 60 19 17 19 17 70 38 43 27 49 69 40 59 59 22 17 49 11 5 19 15 15 63 60 37 65 56 16 25 8 61 26 38 7 45 54 6 24 38 44 3 49 14 61 49 47 7 40 58 12 70 14 38 62 3 4 56 58 31 23 7 21 48 44 28 22 39 45 58 7 19 60 67 44 50 57 20 68 26 7 21 26 33 58 17 47 4 3 35 34 37 41 55 14 27 24 48 65 10 35 13 40 24 9 13 15 66 45 24 33 63 45 58 25 32 17 2 47 19 48 11 55 30 7 10 56 42 57 51 63 33 63 33 68 14 57 12 21 31 48 53 24 22 41 48 65 69 61 42 29 38 64 25 68 12 34 65 65 33 45 57 65 50 19 5 63 6 28 13 48 5 65 1 26 47 61 21 45 51 4 3 31 9 27 40 20 3 34 26 35 9 12 41 58 43 45 50 60 3 4 37 7 68 38 45 57 40 7 31 20 10 46 62 18 14 31 49 16 65 4 50 15 27 33 14 69 7 63 58 21 8 37 28 5 4 2 3 55 8 46 16 29 21 8 58 34 38 48
300 5
50 44 63 41 58 19 3 1 18 22 5 17 42 12 53 69 29 68 12 31 52 31 18 10 1 38 17 70 14 54 47 5 40 39 45 27 70 60 28 29 11 32 45 64 56 40 5 14 49 16 56 43 59 4 52 59 53 68 1 66 63 47 12 32 28 69 59 27 58 28 55 10 1 41 3 68 22 7 23 1 35 9 43 23 24 24 23 18 33 35 26 25 12 37 69 51 35 69 19 34 26 3 55 38 55 58 36 7 6 58 7 40 8 61 4 43 14 39 61 46 3 16 12 26 52 22 6 29 20 24 4 57 38 59 37 23 46 2 41 51 1 59 33 9 49 48 51 62 16 41 49 31 68 2 56 62 24 4 20 55 39 23 54 7 11 20 41 68 21 23 61 21 11 35 41 59 12 22 50 40 4 40 70 2 53 67 5 18 70 24 3 39 58 56 57 11 5 27 20 37 49 10 57 59 56 40 59 68 61 38 49 6 19 48 19 1 56 23 19 56 58 33 36 58 30 22 68 34 60 17 70 50 39 68 38 24 37 26 33 39 5 11 57 35 70 17 47 56 40 7 53 39 39 18 26 68 51 23 43 40 52 54 19 32 64 68 67 42 35 30 23 51 52 9 27 64 25 3 61 6 10 55 45 60 2 70 70 64 35 42 33 16 38 63 47 31 2 55 2 36
300 5
14 36 28 8 44 54 13 11 68 15 28 7 69 2 9 70 14 8 63 48 61 37 5 28 41 63 70 42 47 14 19 3 49 46 10 23 41 34 45 38 48 2 57 46 16 65 57 29 2 61 6 62 39 10 32 9 2 31 50 48 44 10 62 23 67 13 57 37 46 31 16 35 44 2 10 59 8 8 17 9 68 34 13 36 55 44 56 68 16 47 46 60 56 49 24 64 62 10 30 37 52 58 2 25 1 23 26 9 31 42 17 40 18 41 6 2 14 3 70 30 50 57 31 47 35 54 41 26 5 12 5 56 69 6 22 70 40 47 8 70 31 36 40 48 7 57 49 32 59 60 3 50 46 45 27 23 28 67 48 32 8 52 29 7 69 51 18 39 27 37 50 57 2 19 46 20 17 37 52 18 26 66 67 14 41 23 36 10 19 13 54 39 7 12 57 17 62 4 55 31 40 47 29 53 7 5 3 24 41 66 41 8 3 49 21 43 14 56 65 44 11 48 12 29 59 68 45 63 13 42 23 52 18 63 47 24 67 61 59 49 68 41 69 70 20 19 55 33 17 49 18 39 26 30 9 14 27 65 18 52 36 40 45 65 33 21 31 41 11 19 32 8 2 30 20 21 60 4 65 18 64 12 68 19 53 6 44 22 13 62 3 60 43 47 55 17 10 27 70 20
300 5
45 31 40 46 2 1 8 3 4 14 33 9 38 42 27 32 60 12 53 2 15 67 61 58 44 57 16 53 13 15 14 70 57 65 57 58 65 7 3 10 20 47 18 69 18 56 43 7 68 25 8 12 22 69 11 7 67 27 1 10 41 26 9 28 21 65 27 27 1 41 37 33 17 66 43 35 52 15 53 61 52 61 14 15 1 25 21 67 63 33 18 33 58 26 2 20 21 41 47 33 11 13 65 40 20 50 16 1 64 68 61 45 70 5 59 70 41 21 9 33 53 26 7 53 52 9 2 14 61 48 58 13 2 65 52 22 44 67 34 49 7 37 24 6 53 24 18 23 57 26 67 39 51 3 33 44 23 35 69 13 24 69 26 38 63 19 59 48 28 34 26 34 70 61 39 52 27 56 16 13 23 12 63 16 27 26 59 49 60 70 4 25 68 41 62 2 1 62 49 28 26 4 61 37 7 42 19 33 39 46 45 4 70 37 19 26 62 19 16 63 30 31 18 27 1 21 28 14 13 18 41 38 22 44 4 28 27 34 60 7 10 46 10 9 12 28 46 4 59 61 8 18 34 25 57 46 46 26 59 70 44 30 37 7 15 52 46 41 28 47 47 49 22 57 69 33 26 44 48 14 46 56 32 9 22 18 67 9 43 55 8 28 14 44 34 28 38 9 10 7
300 5
55 57 55 6 55 53 51 10 38 28 36 25 25 67 46 47 26 42 55 10 26 63 38 52 48 1 21 27 22 31 33 6 29 17 24 13 11 4 22 60 43 57 27 68 65 2 44 32 55 40 42 22 32 21 3 22 33 36 48 54 66 11 2 36 39 37 48 62 40 11 63 24 10 19 21 4 32 6 48 28 58 31 50 19 51 64 52 25 29 30 21 36 52 34 1 32 70 60 23 51 1 28 4 10 58 37 25 20 54 14 59 41 44 38 2 36 32 53 3 2 24 23 38 5 56 50 37 55 40 1 35 52 28 50 61 16 16 27 47 12 41 35 52 26 3 65 4 46 48 6 47 13 28 26 18 25 6 54 9 57 54 55 38 12 34 40 39 62 8 15 3 60 49 66 16 63 3 31 38 62 36 27 4 63 52 21 29 69 16 37 55 70 33 34 23 8 3 3 69 23 17 13 12 7 21 39 70 23 69 49 26 46 5 29 50 69 50 8 67 65 56 64 6 18 27 40 26 42 42 36 6 70 61 17 7 23 68 18 57 8 66 12 54 13 40 33 11 31 41 19 38 26 12 55 56 51 25 11 34 8 58 39 8 48 55 14 12 64 31 68 2 38 9 67 62 61 29 14 21 11 33 70 37 56 55 34 48 21 56 11 28 43 49 35 33 46 48 44 39 20
300 10
42 52 70 50 48 61 40 7 17 3 29 49 2 7 46 68 40 24 18 25 46 46 68 25 10 42 70 70 15 50 31 56 32 42 48 9 33 29 27 49 31 56 39 45 62 26 42 32 61 60 56 37 47 65 3 56 36 2 67 51 51 40 48 24 11 37 33 55 66 1 33 38 56 13 24 60 51 8 21 41 67 18 19 55 25 21 52 60 22 49 52 15 30 42 38 40 8 12 25 15 13 69 65 10 24 30 69 4 37 31 56 45 61 5 29 15 25 11 4 59 1 68 15 30 39 64 69 58 6 35 15 30 34 9 39 69 38 50 2 17 10 69 61 70 3 20 14 40 30 30 28 30 27 54 1 7 47 69 64 64 46 8 23 21 28 4 19 8 53 32 24 4 30 26 4 33 45 29 14 16 70 53 57 38 36 57 44 12 68 50 6 43 69 40 63 39 43 11 46 25 42 11 41 13 36 44 57 23 14 70 38 26 52 25 63 29 23 49 53 20 40 70 62 50 39 66 18 24 6 5 60 59 15 30 14 63 15 70 15 29 70 64 54 63 30 58 34 53 36 16 14 17 15 18 67 65 13 14 18 31 31 8 31 57 37 44 49 52 44 5 22 55 69 17 59 28 16 22 10 64 49 24 10 5 53 6 70 65 32 29 25 62 48 68 60 15 41 39 8 26
300 10
55 41 10 53 69 11 11 14 32 32 7 23 67 17 27 49 34 38 56 65 67 22 68 44 19 70 70 60 50 19 27 34 59 49 17 57 59 39 13 32 12 19 54 9 47 11 69 11 48 54 17 56 6 27 30 24 26 41 25 5 60 64 38 48 42 66 47 30 34 59 61 58 19 57 66 66 9 64 6 68 60 22 54 65 48 25 30 15 65 67 19 66 60 69 56 43 64 32 2 40 32 4 27 50 2 34 45 10 39 62 8 40 14 61 34 3 27 6 30 33 14 48 29 15 58 14 57 64 57 70 33 18 3 1 9 5 46 54 26 26 45 33 66 70 35 41 15 61 46 44 36 1 33 64 15 21 7 13 14 63 12 58 22 15 70 30 31 57 25 56 12 12 31 7 23 7 48 37 10 35 22 45 36 67 38 62 17 56 5 42 60 28 41 11 42 52 52 14 38 7 12 49 18 54 68 52 60 45 31 69 21 52 55 68 48 34 60 6 19 6 59 8 33 29 30 17 10 12 42 59 30 65 38 59 48 35 40 50 21 70 60 41 64 45 39 53 8 40 1 27 57 59 46 31 30 18 47 51 29 31 40 70 25 19 58 3 65 39 52 15 39 41 67 44 27 47 26 35 28 38 3 26 27 60 57 68 7 45 48 35 5 17 34 30 47 33 44 41 2 37
300 10
67 52 19 6 25 46 52 62 22 22 30 24 47 68 13 45 65 32 20 42 66 36 1 42 7 47 16 50 18 17 28 14 10 47 19 46 34 13 38 67 46 9 32 34 6 44 9 70 17 40 53 13 5 53 66 12 30 23 3 47 52 31 2 61 19 33 37 64 57 16 60 44 24 21 7 29 6 27 40 23 66 22 47 1 5 54 12 46 6 14 34 57 56 35 60 4 9 26 9 7 41 68 50 6 18 57 34 24 13 15 58 9 36 34 21 40 17 44 15 22 69 60 21 55 25 10 70 45 35 9 52 17 6 31 22 36 29 67 1 42 11 58 62 58 21 24 40 49 67 66 12 65 56 32 61 10 41 61 66 17 11 47 45 16 8 8 63 48 4 63 19 26 50 22 14 12 45 53 60 41 60 2 48 45 33 38 66 16 28 62 44 38 38 19 66 57 26 58 35 42 63 65 67 42 29 22 66 3 16 55 56 6 68 33 50 43 70 46 58 40 37 31 19 16 61 26 15 17 26 61 58 18 55 66 1 13 30 66 28 45 63 13 62 60 57 42 32 68 29 31 37 7 4 68 22 64 23 48 22 60 38 21 7 23 17 8 47 58 15 4 32 7 28 36 9 14 19 52 12 47 25 60 53 28 57 16 33 22 6 55 11 43 5 18 65 33 37 54 20 51
300 10
57 64 70 27 29 8 40 47 59 51 35 13 41 29 52 39 56 15 60 61 11 13 34 27 30 40 2 8 23 21 70 22 26 69 48 54 6 29 42 7 22 6 31 4 34 13 42 20 39 44 10 61 56 43 17 27 25 18 34 47 51 45 10 6 44 69 2 61 28 43 9 49 49 40 52 24 64 35 55 32 20 65 34 5 49 50 43 3 10 18 62 60 63 13 7 36 12 8 38 51 63 47 29 53 16 22 6 21 68 61 52 18 67 27 34 57 6 7 60 27 36 63 28 28 5 47 5 28 54 43 8 58 31 48 40 46 11 58 66 9 60 59 38 56 15 13 42 32 31 43 1 67 47 28 36 52 16 41 9 70 25 29 69 55 6 39 42 17 38 49 37 27 49 16 24 5 28 7 48 59 50 48 55 38 18 32 19 33 2 40 44 38 68 43 34 15 23 5 31 2 65 9 28 43 24 63 47 52 69 25 52 60 2 48 28 31 9 58 64 23 39 49 60 36 21 36 63 55 40 35 56 47 44 25 19 9 17 66 2 28 32 53 29 45 42 56 6 51 56 11 3 24 59 4 2 22 39 64 18 21 40 4 67 13 28 15 22 57 22 35 14 65 18 54 40 59 52 57 51 37 67 53 2 67 69 15 30 37 20 48 57 60 63 65 2 32 10 35 18 43
300 50
70 43 38 29 27 19 29 8 5 10 56 13 4 57 21 14 2 51 51 21 40 49 10 32 44 24 5 65 70 35 49 11 7 28 39 45 46 10 64 50 19 61 62 34 60 25 48 3 17 40 35 56 30 45 29 15 10 33 21 21 67 70 32 16 27 70 2 3 21 8 64 51 68 68 15 69 22 4 1 38 43 36 23 14 22 63 29 31 37 49 51 34 48 12 61 17 24 4 31 56 11 24 37 21 21 63 19 54 66 20 21 50 67 55 63 18 47 21 48 26 12 40 1 1 64 61 17 29 6 47 14 17 13 62 49 45 54 9 29 49 40 49 40 36 46 45 53 34 65 42 59 18 24 59 19 17 61 35 57 67 24 12 25 36 4 3 10 57 11 38 48 63 29 17 28 4 61 11 49 68 52 38 15 5 26 45 33 29 10 31 25 45 43 49 10 58 63 31 44 15 11 33 7 51 62 35 66 64 57 44 3 38 11 18 55 49 62 29 7 13 60 43 57 44 33 8 31 25 51 16 39 61 61 58 41 52 34 48 45 20 21 48 69 44 7 65 34 10 24 52 35 25 24 33 10 56 41 52 22 21 9 2 23 69 59 5 50 22 52 37 53 14 26 52 57 44 46 20 65 11 13 29 35 36 62 44 33 44 37 54 6 46 68 28 44 56 32 36 20 25
30 5
4 2 8 9 5 7 4 1 8 8 1 1 7 8 8 10 3 3 5 10 8 10 5 5 9 8 3 2 3 2
1000 10
46 96 95 85 76 20 21 9 30 59 69 92 21 65 19 28 46 92 30 80 13 68 51 77 62 99 84 66 60 69 77 5 16 24 41 44 43 62 4 24 20 72 67 40 88 86 19 33 29 49 64 41 68 14 69 81 64 4 47 23 72 75 79 40 98 20 83 40 33 38 15 52 10 82 43 97 19 13 82 99 13 45 91 80 11 59 13 26 14 11 49 86 85 79 77 83 50 11 74 82 48 41 85 57 74 79 54 92 92 87 42 4 83 32 36 45 42 48 71 55 58 71 92 94 49 20 76 99 30 2 80 78 94 17 86 67 95 91 58 86 77 51 90 60 34 77 4 27 24 74 33 33 44 25 26 45 44 54 95 26 7 26 55 100 42 40 66 37 31 75 22 59 25 63 70 10 39 74 36 14 99 68 46 95 44 24 91 88 29 85 65 35 10 19 86 52 58 3 88 40 77 61 99 53 24 20 62 62 93 49 76 44 16 73 90 60 48 80 99 76 16 63 62 25 33 47 28 90 49 67 82 77 28 32 81 51 51 94 64 96 42 91 91 10 16 80 69 63 11 19 91 26 81 52 2 13 99 82 54 99 48 87 28 75 18 8 77 21 2 93 16 95 83 6 4 50 37 24 13 99 42 3 76 74 6 29 38 4 10 92 55 58 78 82 84 48 41 61 68 94 53 35 41 87 92 44 37 28 68 1 26 61 55 53 35 60 81 72 16 91 15 22 100 45 55 83 92 95 43 11 41 47 45 81 86 36 76 74 15 43 74 92 56 28 44 90 39 24 61 54 66 28 27 65 72 81 48 63 76 42 73 68 41 69 48 26 4 23 99 70 18 24 61 73 3 56 14 41 79 26 47 97 53 73 61 24 54 8 38 81 2 62 48 42 30 47 67 85 21 17 54 90 40 66 14 42 21 27 82 52 5 80 48 57 53 8 33 58 68 70 90 69 32 37 10 61 35 28 98 55 44 51 45 83 69 58 24 89 37 57 92 41 37 39 97 41 99 29 98 66 51 39 34 82 27 95 94 61 22 91 67 65 94 11 99 62 21 22 2 9 30 94 49 66 32 97 58 30 78 7 47 28 45 32 61 71 26 54 31 99 45 50 15 90 12 13 51 32 86 4 40 16 97 40 33 81 37 43 62 14 49 9 93 94 92 53 16 18 6 99 68 2 48 35 91 59 47 93 43 85 97 34 52 45 74 36 25 10 78 87 75 27 47 67 72 90 19 87 59 24 37 27 78 84 61 68 95 59 13 37 43 9 70 46 53 43 82 30 4 59 68 78 37 66 96 8 55 14 47 14 90 83 40 67 19 52 86 13 10 50 1 5 58 70 50 63 65 31 92 20 42 11 50 78 76 45 38 30 11 36 43 100 70 34 18 88 85 55 52 47 5 52 51 14 74 52 76 38 35 19 57 76 29 6 5 4 3 42 86 13 77 28 12 99 14 81 86 98 87 90 96 91 41 46 57 14 98 84 3 32 3 60 59 83 17 63 39 19 5 24 31 33 3 94 83 16 26 69 66 65 58 61 7 50 7 63 16 56 47 18 39 1 77 97 83 46 11 21 16 67 44 99 52 47 44 34 62 22 2 79 86 11 40 92 13 98 55 28 53 1 45 43 1 74 91 35 71 1 56 86 68 51 84 19 97 80 52 11 1 6 89 86 68 80 77 80 77 83 59 29 35 4 23 87 29 13 22 99 14 77 36 81 79 72 99 76 51 2 38 51 7 78 88 27 58 16 6 34 99 17 15 33 20 37 20 100 50 93 50 63 21 85 95 99 56 45 26 58 46 63 8 5 93 47 31 50 63 88 35 61 4 49 45 75 38 16 74 39 8 23 53 28 60 47 27 15 43 52 25 88 67 84 44 59 31 74 60 93 14 94 5 17 95 49 92 32 17 17 70 24 92 74 4 51 20 82 17 14 85 41 1 51 25 97 61 55 22 20 99 35 66 3 52 60 3 95 43 19 11 64 95 54 37 98 4 8 79 21 21 63 13 73 66 37 69 26 43 43 98 41 77 63 95 80 74 98 26 68 68 89 31 62 42 19 11 46 26 41 18 98 4 30 70 21 67 91 98 9 33 47 2 61 61 96 41 34 45 18 1 13 6 83 26 48 1 37 45 78 77 62 75 32 91 45 4 9 87 2 70 19 100 71 79 61 66 71 46 11 89 47 23 46 81 100 93 82 88 89 11 17 50 86 48 93 82 4 53 68 57 22 38 56 92 16 16 58 39 62 68 79
1000 10
60 42 24 40 93 69 73 81 57 36 97 59 21 96 3 2 99 55 21 55 77 58 63 68 73 78 77 63 91 96 41 2 89 17 94 82 85 66 62 93 1 58 3 73 5 5 26 4 60 46 10 88 3 72 55 28 2 84 42 44 79 83 46 68 51 39 49 35 56 62 79 9 71 82 81 75 38 7 30 97 4 40 36 59 63 91 86 16 26 27 60 4 61 5 23 11 43 71 97 98 84 28 6 54 9 39 29 46 97 10 95 100 49 30 58 64 72 95 79 97 74 90 53 34 94 75 97 88 98 45 38 81 72 95 35 80 33 15 78 29 24 24 81 25 5 90 88 77 85 18 25 58 8 77 43 53 4 91 41 1 36 78 81 7 72 67 39 57 81 68 37 57 91 69 81 95 59 20 23 95 89 48 4 96 76 98 1 79 89 93 31 24 70 64 82 93 30 20 1 11 87 90 67 29 58 99 24 16 18 98 62 6 97 65 54 73 63 6 3 51 98 86 26 19 49 7 63 78 79 64 40 17 53 58 46 62 56 21 78 25 18 91 83 15 56 88 39 18 93 93 20 42 78 97 60 26 3 74 56 33 37 95 50 41 5 95 3 60 15 32 37 84 22 71 98 29 58 88 98 2 81 69 95 58 65 54 36 20 27 91 52 16 37 53 8 41 47 62 53 13 45 89 97 19 11 46 47 20 34 97 21 66 65 67 23 30 20 10 49 98 52 52 65 89 5 73 29 3 86 33 16 31 73 64 49 83 61 47 2 46 43 74 11 8 40 86 37 11 95 37 61 47 40 25 87 44 49 67 99 35 100 14 17 72 29 65 7 89 11 8 35 6 34 45 13 73 82 1 36 77 89 96 75 28 72 61 24 21 27 74 7 26 87 23 50 67 39 56 7 1 15 93 6 48 90 70 73 71 22 8 47 10 55 21 90 26 33 65 98 60 38 56 85 76 30 34 94 68 41 100 21 56 93 26 3 34 48 27 4 69 34 3 31 40 75 20 18 8 36 15 67 73 23 3 100 52 89 93 72 29 92 92 36 36 69 39 69 16 65 73 37 51 27 67 42 1 38 59 8 73 26 26 45 48 29 44 51 17 36 22 97 79 13 33 15 82 23 35 49 39 59 85 41 85 3 83 86 40 93 45 12 18 71 8 17 99 3 68 67 90 41 15 69 54 47 35 87 21 69 87 60 28 24 52 64 26 34 49 66 27 94 77 96 64 85 65 14 39 32 80 29 72 46 97 77 45 31 15 65 51 54 76 30 77 28 94 54 13 94 19 91 87 48 87 2 84 51 15 22 34 46 50 57 44 46 86 88 28 52 52 31 5 80 12 33 59 5 87 71 51 5 62 37 4 100 91 87 2 57 9 87 55 10 95 98 8 80 85 87 84 88 17 40 19 29 73 77 85 59 48 35 15 61 24 71 12 66 57 65 22 17 3 28 27 97 77 86 29 13 72 12 1 41 3 71 21 75 48 5 85 47 92 52 7 67 22 70 32 30 34 5 47 36 33 25 84 9 10 12 22 33 75 74 73 78 44 93 4 43 98 89 89 41 92 95 7 13 16 90 42 49 94 40 36 78 16 20 87 77 83 60 10 58 85 82 87 28 27 90 23 76 78 11 16 69 58 74 33 73 63 27 74 8 18 9 86 34 80 24 62 15 83 71 72 67 5 10 46 31 99 68 6 29 79 73 49 88 46 82 60 60 60 85 67 77 46 52 10 25 75 72 39 57 94 62 75 50 71 73 80 22 92 37 50 22 9 98 9 6 31 69 65 90 53 32 67 98 83 28 75 10 51 65 18 97 79 93 46 1 17 26 22 8 14 23 30 75 21 38 80 3 58 97 93 63 28 59 60 62 38 86 71 89 3 41 85 81 33 30 81 1 7 55 8 73 77 37 47 49 75 78 52 32 74 96 94 1 6 6 15 43 43 37 83 45 77 19 25 61 1 58 61 7 12 69 31 40 57 77 89 31 55 92 15 28 39 60 81 44 17 47 86 60 83 21 4 12 39 81 72 39 90 85 98 1 5 28 92 61 5 32 92 11 75 58 90 13 17 70 56 86 16 94 45 51 14 100 62 4 32 33 43 21 69 92 73 73 19 17 34 75 48 77 37 23 34 27 35 2 96 43 87 64 88 83 14 1 35 75 56 18 59 50 39 28 41 63 52 60 79 85 86 79 61 23 1 46 49 87 48 96 81 86 59 68 21 24 20 7 98 76 24 9 25 14 88 66 77 39 77
1000 10
7 24 14 85 36 36 37 82 36 76 81 32 56 18 42 24 38 66 95 96 63 70 20 23 47 33 10 64 61 49 40 68 24 53 4 59 41 41 40 76 68 20 7 23 38 49 98 27 66 45 23 28 14 94 3 12 26 12 75 39 12 14 58 35 19 13 94 11 5 85 86 72 57 45 47 94 45 44 72 10 40 46 89 54 39 91 65 17 55 92 55 66 5 64 1 75 76 46 85 81 30 23 52 86 67 98 31 63 94 55 72 33 100 12 38 39 3 55 7 9 46 13 74 2 76 26 29 3 71 65 83 1 87 87 38 5 36 69 67 81 23 90 66 74 2 55 64 56 9 70 64 6 82 89 60 9 15 40 64 85 4 46 37 91 84 75 47 72 95 14 52 69 55 69 94 56 24 58 63 84 79 78 42 13 67 1 21 81 40 84 17 95 82 6 85 17 80 32 88 26 97 92 46 51 60 39 59 83 96 73 67 75 51 8 87 69 60 59 1 51 95 17 45 28 74 82 44 53 65 32 30 13 23 75 63 82 14 73 17 9 46 35 35 48 94 73 16 53 32 16 55 78 84 99 5 58 32 48 62 96 31 92 60 5 18 23 39 31 47 55 92 44 41 78 91 34 51 6 38 34 73 92 11 9 42 67 18 26 66 31 73 97 74 33 1 92 7 91 74 53 97 65 97 37 95 87 70 45 45 7 30 69 50 40 29 44 6 46 69 71 29 93 19 2 25 72 93 31 62 19 84 59 35 32 95 29 18 17 73 14 75 54 35 77 93 63 72 50 61 92 73 89 84 43 90 9 14 35 39 28 5 74 38 39 5 84 68 75 52 92 40 27 46 74 55 90 37 26 92 97 17 64 37 100 58 78 8 24 12 99 51 16 72 40 7 29 23 74 55 27 17 94 53 62 68 7 4 4 32 95 52 48 10 40 99 67 17 7 90 81 57 92 48 80 83 54 8 58 79 62 84 96 56 88 9 75 94 12 30 77 6 81 76 67 72 74 34 88 32 75 20 88 19 68 68 53 73 75 10 52 89 93 99 96 80 7 70 25 19 99 53 76 31 28 43 2 2 28 41 85 54 61 73 24 80 40 77 52 66 86 55 6 31 53 1 62 60 70 39 30 68 91 57 50 19 51 51 72 78 92 56 84 4 80 7 83 71 83 34 89 21 89 94 3 93 47 64 52 68 2 33 36 45 90 37 63 40 88 86 70 31 93 53 34 73 11 16 95 46 1 83 18 41 29 20 34 75 35 37 42 89 70 29 33 11 66 47 2 5 32 71 35 76 75 20 48 86 35 95 83 87 77 100 28 5 19 13 31 5 1 73 93 70 53 77 32 18 23 34 22 6 56 8 82 31 27 81 68 13 75 50 100 52 1 79 8 19 43 39 75 43 63 68 65 15 44 96 85 67 81 58 24 37 66 5 19 44 86 86 57 12 87 8 15 87 38 23 57 80 13 31 22 75 50 38 41 94 86 25 12 66 83 87 54 100 92 72 43 29 9 99 40 47 58 55 85 95 29 93 74 41 24 48 67 25 37 7 18 22 32 81 40 66 68 93 65 11 17 7 91 77 58 30 76 67 36 60 62 16 53 87 56 28 86 74 52 23 81 22 44 64 54 35 29 73 80 93 35 96 51 25 24 60 7 99 27 42 11 88 58 15 26 65 42 12 39 45 34 19 66 29 34 72 64 62 44 95 6 79 90 8 3 65 68 61 16 46 3 78 85 12 92 10 76 85 73 66 29 6 36 47 87 69 18 2 30 13 96 87 43 37 95 98 53 14 58 68 59 60 45 43 23 36 4 99 72 77 16 1 34 52 47 20 20 16 73 2 80 68 88 23 56 34 20 9 47 77 76 5 89 73 99 11 60 55 61 32 31 77 32 64 28 30 36 99 97 8 100 76 28 88 98 83 21 69 91 68 98 19 24 86 91 75 48 50 29 61 33 11 89 16 26 16 97 61 66 93 21 66 21 48 53 18 82 25 39 25 44 36 43 20 21 85 94 20 86 74 80 19 84 68 34 9 35 31 22 1 23 42 66 95 41 70 65 74 94 3 98 90 38 92 9 10 76 2 81 62 27 61 80 10 80 65 70 15 95 91 67 70 84 84 64 76 53 28 50 98 82 99 87 19 91 95 80 66 48 61 79 74 21 58 83 52 23 5 66 69 95 84 38 31 67 54 6 71 33 7 69 15 6 7 85 96 2 65 13 1 25 92 75 97 1 9 48 75 13 66 44 60 49
1000 100
33 42 68 38 99 38 71 6 58 85 11 65 69 58 18 85 70 18 9 13 44 57 14 53 57 88 17 22 31 28 22 16 21 89 53 20 79 23 25 36 59 87 100 28 44 17 12 65 87 73 78 30 29 91 34 37 78 3 58 61 82 32 76 3 72 28 22 50 51 98 86 61 84 37 88 27 6 52 91 92 76 20 21 56 10 7 93 40 9 2 100 90 33 75 92 57 54 65 6 56 62 43 17 45 32 56 23 37 7 66 28 34 85 100 90 47 58 82 86 66 83 85 8 68 11 99 24 16 16 81 72 77 76 40 74 7 95 96 43 54 13 22 87 50 73 28 96 31 9 81 48 44 17 55 11 79 6 86 94 21 66 17 49 93 8 22 99 55 70 93 8 82 66 46 31 39 74 26 21 82 58 20 77 74 75 39 4 32 24 50 4 42 18 52 34 26 74 33 80 43 77 39 24 43 84 7 33 9 32 5 43 42 24 19 15 50 58 71 33 81 20 36 74 89 88 8 66 61 92 45 55 68 35 78 62 19 36 46 27 68 50 21 9 26 40 75 75 97 97 60 29 68 95 55 57 82 62 22 94 5 19 48 24 53 78 86 23 13 31 2 80 33 22 40 58 61 67 84 9 63 43 90 31 38 44 87 71 57 60 65 13 78 12 36 31 89 73 5 2 56 6 33 88 28 25 45 40 91 80 49 53 75 90 83 12 85 21 34 41 81 98 53 10 62 40 92 50 13 97 3 68 2 36 55 81 12 51 21 2 82 21 54 56 10 89 19 94 61 53 86 93 50 90 55 63 29 46 13 41 42 67 8 96 54 14 76 65 16 48 66 98 20 72 53 29 12 72 74 72 24 11 17 25 100 71 88 81 16 52 21 10 18 81 57 24 46 84 88 62 32 54 59 51 77 11 32 88 34 57 11 9 20 27 34 71 49 73 51 17 24 24 26 93 56 82 16 1 65 56 14 48 61 24 51 37 87 34 76 20 90 86 29 9 65 14 32 65 86 82 81 61 5 6 5 12 39 21 13 56 28 78 3 88 2 53 24 88 86 99 7 28 36 87 88 52 100 19 17 37 53 97 97 9 55 2 21 93 74 85 100 1 62 3 40 63 7 63 50 45 13 9 24 48 95 63 100 95 34 68 31 86 64 80 94 70 33 14 15 58 98 14 10 12 68 49 74 75 11 76 71 75 84 46 22 30 8 73 76 41 40 7 78 56 38 72 25 70 37 39 79 87 5 88 98 72 36 23 98 98 98 68 72 33 65 45 63 25 70 90 65 9 96 43 16 85 66 93 6 2 83 84 88 87 71 37 59 58 60 56 55 9 76 78 94 40 23 56 16 92 97 81 52 93 75 20 29 40 12 35 93 46 18 81 33 41 69 91 98 28 98 5 37 73 34 30 65 8 37 80 99 33 12 3 77 38 74 6 77 37 92 22 82 9 54 14 49 22 56 47 50 6 3 38 30 36 19 94 44 7 26 94 91 89 48 68 27 21 25 55 57 16 28 91 76 81 56 25 3 12 23 52 17 77 41 46 12 59 92 7 17 69 1 7 9 100 26 87 21 50 94 29 17 21 71 45 2 27 69 4 90 43 7 58 71 99 55 82 9 46 41 25 66 41 31 27 40 57 13 12 58 6 93 27 79 63 71 80 41 91 35 30 33 41 87 3 39 42 36 99 39 76 23 57 68 53 83 60 61 47 71 71 53 15 97 31 30 67 62 70 57 96 100 41 88 38 95 78 79 30 76 70 58 98 26 25 2 8 84 63 6 7 33 10 73 81 92 2 47 53 72 55 48 23 95 35 60 89 12 39 70 39 60 27 36 85 4 38 44 87 52 49 45 36 59 18 16 50 19 62 55 42 16 54 64 62 89 24 50 52 14 19 91 73 98 78 9 1 15 52 39 18 52 84 53 62 53 68 12 71 81 18 65 48 71 28 9 11 3 10 63 68 81 5 40 78 34 100 30 1 51 68 18 55 3 23 16 55 42 79 78 23 96 42 22 67 21 83 77 24 44 91 91 24 47 83 53 81 82 82 81 85 2 98 39 4 72 54 11 14 33 88 88 28 29 61 94 49 43 23 24 87 13 15 62 60 49 15 40 30 48 72 14 49 21 52 5 93 58 15 6 90 2 93 69 82 53 15 82 48 37 6 86 1 72 47 60 20 61 51 49 61 22 15 9 43 18 13 87 75 79 92 16 80 36 37 13 40 51 95 39 39 100 24 39 23 71 51 42 83 53
1000 100
42 43 27 8 52 21 26 16 7 100 95 98 68 26 85 4 39 76 54 33 15 44 84 38 34 6 8 36 99 91 89 92 33 15 100 36 87 25 4 93 76 98 42 43 75 26 98 13 1 3 45 15 46 80 5 32 37 12 67 35 54 55 27 39 21 78 26 7 2 29 51 29 78 92 24 53 69 21 65 70 24 62 36 21 41 92 52 78 56 19 64 9 25 42 99 98 19 25 56 72 53 7 1 31 50 24 83 19 96 99 40 71 60 27 92 53 19 95 82 74 65 45 34 90 87 33 39 57 9 94 29 13 52 81 43 2 56 77 20 51 28 11 22 87 37 65 39 55 11 20 80 76 17 66 17 55 98 55 11 58 100 91 70 52 71 65 53 26 93 24 29 20 34 2 7 22 18 97 29 28 69 8 55 85 73 71 91 22 77 1 79 29 92 1 80 14 65 84 92 9 59 20 29 44 21 87 65 90 83 93 17 3 1 72 39 25 94 29 99 23 30 77 51 73 29 82 38 45 65 29 54 75 100 82 18 72 68 82 61 2 75 78 57 27 1 95 3 46 24 1 20 53 30 70 77 58 3 14 3 67 95 56 93 94 89 10 66 8 92 78 61 18 55 17 44 7 12 46 5 35 99 24 39 28 94 67 85 48 32 39 15 26 46 59 72 34 69 89 93 60 66 54 77 73 22 72 31 33 69 35 19 67 59 9 94 4 75 31 51 7 69 17 84 15 76 55 100 44 43 93 55 61 98 83 33 19 6 63 4 74 98 22 93 8 31 38 11 57 68 13 63 37 30 47 3 57 53 54 100 48 46 6 8 95 88 92 66 93 54 69 18 3 42 10 10 24 48 72 81 67 37 95 55 66 41 57 74 46 11 25 93 8 30 52 55 69 43 20 61 96 88 30 51 29 92 12 5 91 36 85 57 72 79 12 89 72 20 62 17 82 86 61 90 67 12 44 35 54 15 47 1 2 76 51 82 19 63 86 9 50 70 18 21 1 29 61 72 100 22 40 82 59 100 23 25 11 18 59 64 32 5 64 85 32 67 66 51 81 4 59 30 25 76 50 25 56 62 48 8 83 87 89 93 86 63 17 96 32 27 11 15 31 75 99 62 93 16 12 73 19 23 2 96 50 3 20 6 64 68 65 98 54 5 90 92 67 6 39 50 32 50 64 14 76 14 27 68 29 91 40 100 13 93 47 14 95 66 71 10 85 35 7 39 39 96 82 57 53 20 6 36 69 69 1 96 34 27 15 15 69 54 66 81 98 12 47 92 77 17 1 62 52 59 52 42 6 85 99 10 4 4 45 25 25 97 20 58 76 35 24 44 40 89 77 38 100 23 81 29 91 34 42 42 92 93 36 98 77 34 7 32 89 4 56 13 100 28 23 27 14 46 71 53 35 47 42 86 21 23 14 11 56 55 5 99 47 40 96 75 73 55 7 61 58 14 26 9 41 100 36 54 45 58 59 31 4 100 17 24 74 30 86 81 85 90 80 83 29 27 10 53 81 68 66 90 81 91 51 74 90 38 79 86 95 37 17 50 89 33 25 14 62 10 47 98 100 26 33 80 4 42 33 85 9 98 26 41 40 76 66 81 13 45 66 59 33 82 8 73 66 32 87 80 94 33 77 93 10 9 72 65 2 56 1 10 5 27 3 44 54 68 24 19 64 42 77 97 23 85 21 41 68 7 20 61 91 48 5 52 9 29 17 10 84 17 72 89 95 74 84 49 93 60 67 57 1 43 5 75 79 25 15 99 84 34 59 26 34 64 78 42 44 46 51 27 14 22 67 9 47 3 9 92 62 75 48 62 69 4 36 100 28 51 98 11 36 8 89 69 23 66 62 66 63 13 45 76 86 63 36 85 65 44 76 26 70 75 87 91 78 75 90 5 77 39 68 64 46 56 85 21 73 46 86 87 58 82 14 96 45 50 80 9 45 55 87 67 81 25 57 58 99 46 14 27 36 33 91 81 40 75 53 64 20 39 50 30 72 64 77 16 65 56 77 61 62 63 27 42 39 83 51 90 80 64 16 15 97 58 48 36 32 100 100 4 90 1 85 62 16 13 29 32 68 57 93 81 71 19 74 10 54 24 99 85 87 14 100 35 24 99 23 7 50 74 10 92 74 46 5 42 58 33 73 77 42 65 9 12 36 82 21 41 5 19 25 44 85 76 30 8 74 52 14 76 77 76 67 3 73 23 44 83 7 16 11 48 33 20 60 20 53 80 60 10 51 84 5 35 60
18 3
6 2 19 15 10 15 14 14 1 5 16 11 20 14 17 1 16 15 
4 1
2 4 19 8 
3 1
5 19 5 
15 1
12 13 20 20 2 15 9 16 3 19 3 7 16 9 10 
0 0

