6.06
0.04
0.66
0.24
12.23
1.77
2.11
0.80
2.24
2.24
1.69
2.06
1.10
2.24
2.69
2.80
2.55
1.55
1.51
0.67
2.67
2.39
0.37
2.41
2.31
1.08
1.45
2.46
2.50
0.66
0.71
2.54
2.47
1.92
2.02
1.39
1.66
2.78
0.28
1.10
1.77
2.12
2.04
2.06
1.98
2.60
2.41
1.99
2.11
2.23
1.59
2.41
2.21
0.34
1.79
2.60
1.41
0.91
2.21
1.90
2.66
1.52
2.38
2.71
0.00
1.45
1.37
1.41
2.36
1.87
2.29
2.76
1.74
1.78
2.28
2.72
2.78
1.54
1.71
2.56
2.78
2.58
1.73
2.80
0.14
2.24
3.10
1.94
2.17
2.02
2.14
0.62
2.66
1.42
0.54
1.27
2.57
1.63
1.99
1.74
1.86
1.97
1.07
1.62
2.65
1.93
2.39
1.76
2.71
2.08
1.36
2.51
2.29
1.65
