350
9 8
5 10
3 3
2 7
8 1
7 2
3 2
6 3
7 9
1 7
3 5
8 4
2 1
7 8
5 2
2 8
9 1
8 6
2 2
4 10
10 6
7 4
8 9
10 3
2 4
4 3
6 8
7 2
7 5
5 3
3 9
5 6
1 7
3 9
7 1
2 1
2 8
4 8
9 2
4 9
2 8
3 8
9 8
5 3
3 3
8 8
7 8
5 3
1 10
3 3
83 53
14 73
95 42
4 12
15 36
70 53
12 23
64 70
86 27
20 93
33 16
17 92
19 4
28 61
59 93
75 23
66 96
27 33
55 67
3 17
63 4
74 43
1 14
13 18
20 57
65 8
25 39
52 94
50 27
43 36
49 24
99 57
21 9
94 1
32 4
55 81
91 57
71 11
42 21
13 63
67 31
17 19
91 32
42 45
69 65
75 46
31 50
4 4
56 24
62 9
73 57
59 23
56 83
88 93
86 100
83 59
61 64
63 51
90 53
93 69
79 23
52 1
71 65
45 30
12 15
43 82
7 71
90 89
21 93
47 37
11 52
85 75
99 48
84 50
26 68
38 44
1 4
10 78
96 38
54 94
14 6
35 99
97 98
93 94
63 81
57 17
86 85
92 91
19 90
22 22
9 90
2 77
17 92
96 99
50 19
22 57
52 41
12 16
60 39
19 73
764 579
394 385
423 865
626 665
846 458
545 892
856 748
573 435
785 826
810 490
510 249
973 500
300 829
929 104
243 10
512 880
819 637
313 440
826 473
7 259
442 442
85 951
207 762
986 410
323 101
362 877
652 53
476 130
735 800
549 461
839 117
507 764
718 995
98 357
231 341
271 851
580 564
343 522
862 267
279 9
820 362
329 153
808 178
700 743
706 59
955 960
159 828
375 198
914 502
552 569
690 748
669 79
76 888
460 540
708 809
792 630
67 556
489 927
708 873
435 43
376 650
278 404
305 784
643 613
305 418
773 679
977 670
641 741
628 174
189 718
732 194
347 524
12 533
346 533
920 664
195 58
128 606
267 388
735 853
825 790
903 494
349 279
479 63
880 13
708 318
763 231
509 678
785 430
599 185
620 633
800 460
866 851
346 148
868 726
94 264
21 243
955 876
392 355
616 226
206 612
504 607
313 708
630 614
728 100
257 157
807 225
357 998
126 690
925 504
577 753
452 909
663 785
836 954
367 720
264 934
589 465
462 191
804 718
54 820
194 351
971 941
127 693
82 569
391 890
79 329
179 956
220 744
849 615
687 222
12 336
929 823
949 348
184 321
548 55
688 406
138 380
696 454
538 895
237 484
712 862
974 976
889 451
888 948
362 106
347 475
518 286
328 493
136 377
602 452
882 227
751 276
810 18
862 158
949 729
316 102
28 346
137 853
111 321
795 4
153 118
878 984
559 747
792 199
519 724
945 969
402 192
265 679
943 378
99 779
943 700
314 796
15 194
572 197
684 190
753 580
504 657
174 502
311 441
759 375
472 61
366 487
216 614
255 198
741 205
835 913
984 432
541 174
699 976
618 729
920 79
221 64
382 919
252 625
260 695
716 743
249 182
187 994
147 674
77 261
645 873
