1
5
3
1
1
1
1
3
1
1
1
4
1
1
1
2
1
2
2
2
2
1
1
1
2
1
2
1
1
1
3
1
1
3
1
1
2
4
1
1
2
1
1
1
3
8
1
1
1
3
1
1
1
4
3
1
1
2
1
1
1
1
1
1
1
1
6
3
1
1
1
1
1
1
1
1
1
2
1
1
1
3
3
1
4
1
1
1
21
1
1
1
1
3
1
1
1
4
8
1
1
1
1
1
2
1
1
3
1
3
1
1
1
15
3
1
1
1
3
1
1
5
3
2
2
2
1
2
2
2
2
1
1
1
9
1
1
1
1
22
9
1
1
3
1
1
1
4
3
1
1
1
1
1
2
1
4
3
1
10
3
1
1
1
1
16
91
1
1
7
442
1
3
2
1
1
1
2
5
1
1
1
1
7
11
1
4
1
1
9
2
1
2
1
1
5
3
3
2
1
2
1
4
20
1
18
1
3
3
1
2
2
1
1
1
1
1
1
2
1
2
1
1
1
8
1
2
1
1
5
1
1
1
1
6
7
1
5
1
1
20
1
2
2
2
3
1
1
2
2
1
1
2
4
1
3
1
6
1
1
1
1
2
1
2
31
1
2
2
1
1
1
1
1
1
1
4
3
3
12
1
1
1
1
2
2
2
1
1
2
2
1
12
2
1
2
1
1
2
1
1
18
2
1
2
2
1
3
1
1
2
1
1
1
3
6
1
1
1
1
2
1
1
38
1
9
2
1
3
1
1
2
3
1
1
24
1
1
3
1
1
1
1
5
1
1
1
1
1
3
