87 104
989 1022
22 25
1234 1234
87 104
989 1022
21 25
1234 1234
87 104
22 25
1000 1003
1 5000
4999 5000
1 1
5000 5000
4999 4999
4995 4995
1 2
4176 4531
2891 4322
2813 4306
3031 4581
4302 4529
634 3349
2198 3351
1808 2855
3217 3841
1079 1940
393 2145
3229 3669
843 2241
2583 2699
436 3661
621 3760
2135 4527
530 710
634 1561
741 4874
501 3337
3075 3252
1270 3541
590 3477
414 2706
927 2315
134 2142
3126 3851
3687 3906
3420 4253
787 4251
278 3455
308 4951
584 3880
2970 4816
899 4395
631 1504
153 2261
1943 3268
3536 4580
1592 1615
2988 4338
2543 4957
972 3110
2063 2463
3018 3333
2406 3904
966 1111
1315 4082
2895 3452
875 4183
2981 4621
2566 3928
1803 4110
785 4528
3794 4334
1055 2136
2055 2604
1380 3545
1495 4661
2251 3091
2086 3361
3273 3399
4514 4578
75 1292
1072 3510
1559 3582
1517 2204
1300 2683
2604 4308
967 2875
1732 3244
4048 4196
839 3130
3174 3835
2152 3739
1402 1970
2962 3506
1290 3842
792 3186
2599 4532
403 2657
3161 3452
797 1766
2056 4985
1215 2570
2811 3611
3237 3700
191 2884
1949 3220
548 3193
516 2669
2590 2742
1290 1463
3335 4071
2369 4428
1980 4761
1782 2219
3514 4700
3681 3845
2316 4887
407 517
778 2888
909 4175
175 1893
2764 4124
347 2001
3414 4420
617 4934
570 983
413 3779
1594 1683
3297 3927
2710 4951
1251 3392
951 4194
1201 1518
2001 4150
73 1392
4438 4889
2028 2183
371 4233
1589 2507
109 611
1956 2341
6 410
3326 4153
1353 1487
280 3135
433 2725
584 3670
576 1131
2934 4673
52 4702
1019 2505
1278 3531
1385 2387
1563 1803
73 3122
2805 2979
1319 3103
1669 3049
695 4638
482 4228
1705 2028
1198 3967
3720 4162
1558 3669
2145 3430
3057 3762
174 3459
660 1244
2309 4277
418 2571
1411 1503
614 3540
1207 3792
4 2655
1507 2137
1761 4460
2324 4608
1269 2818
1820 4816
807 2906
4293 4435
1517 4358
4613 4691
2604 3537
1424 4774
713 2950
1331 3524
3650 3803
792 4745
2532 4417
1123 1206
3795 4514
1452 3988
822 2295
1008 4861
3564 3670
1117 4643
2437 3082
2750 2905
3147 3282
203 3569
245 1070
614 1304
3211 4237
2136 4293
2993 3570
3066 3140
1601 3386
915 4801
569 2043
899 4711
1928 3904
2864 4488
1582 3168
3564 3786
1499 2646
327 3354
511 4090
555 1156
1106 2983
303 2177
1885 4958
352 4036
1835 4854
1046 3717
1369 2211
183 3796
4079 4521
519 549
2202 3646
1254 3013
2270 4432
283 2481
1097 3918
542 2012
917 3172
1630 4221
1378 2228
2864 4378
405 2359
3869 4083
607 3613
567 3038
708 3516
1364 3307
1556 1912
2948 3026
4583 4677
354 3754
1027 2330
581 2561
811 1682
3189 4910
235 3095
960 3584
2467 3257
312 4141
4039 4292
1256 4419
2739 4638
3047 3587
769 4671
1247 1477
796 1591
3008 4338
66 4246
1379 1667
462 1366
4719 4819
930 4284
1992 2490
1604 4979
4064 4615
908 939
1802 4822
565 4179
1073 3618
1900 4336
1398 3009
3524 3621
517 4356
2301 4404
355 3132
267 2644
546 2217
2576 4738
130 2682
124 4160
3657 4293
3298 4079
2623 2736
3745 4326
46 4077
675 2500
1999 2467
1683 2145
1492 1513
491 964
18 3890
1701 2069
3921 4247
1389 2518
4573 4618
1683 3241
4422 4698
135 3551
1326 4139
2154 3409
646 2103
3148 3187
843 2663
1060 4192
989 4026
4218 4758
2003 3842
949 4570
1262 3912
3050 3776
753 4718
174 2477
915 4788
254 3128
834 2178
148 3350
685 3224
2925 3382
59 3947
3089 3288
1002 3579
345 3130
2165 4212
2149 3663
457 4934
829 4511
3084 4451
418 3937
601 4684
1972 3636
586 3519
1779 2338
1433 4429
4584 4812
2050 2788
1368 3168
1253 2842
1566 3490
2312 4769
622 1064
2134 4152
2963 3967
3313 4704
1899 3349
3733 4234
665 3217
322 4130
1254 1717
2512 4513
600 687
2043 3151
334 1324
549 4773
869 4608
898 4502
3690 3758
2610 3435
501 3565
873 4025
2439 3812
1104 3917
2791 3119
991 2336
1229 4516
2410 4418
1327 1404
2718 3806
720 1348
2602 2766
5 2508
368 1817
427 2450
1786 4800
2073 4706
8 44
51 3087
1278 4463
1658 1933
849 1582
1606 3562
2796 3788
2357 4676
2045 2893
2590 3585
47 2813
219 1401
1908 2140
63 223
2295 3902
489 2523
1237 2844
1359 4942
1508 4445
2603 4363
2454 4454
216 3190
1705 2528
32 141
2237 3743
3277 4147
726 4835
2282 2970
2949 3809
4201 4602
3489 3809
3331 3625
190 280
52 2279
4019 4168
2631 3619
1173 4463
2533 3037
1668 1757
3059 4662
1538 2781
2732 3995
4812 4895
1329 3543
369 3055
2626 4063
1353 3363
1241 3146
1966 2438
4367 4723
1263 2240
1869 4102
2508 3789
754 4393
1621 4983
349 2484
1961 4468
702 2813
77 2783
3409 4502
1180 1579
2306 2797
2822 4153
2334 3808
1894 2010
2470 2611
1242 2062
562 2372
2905 2940
756 4988
3349 4376
237 3074
1424 2378
823 1533
3000 4561
2424 3106
47 2209
4504 4718
1389 4215
526 2296
2206 3717
3311 4856
2083 4069
466 4409
2336 3620
338 3560
870 1727
1962 4766
424 3416
1171 2972
1720 3160
3920 3957
1527 2334
3462 3573
4170 4997
3500 4692
196 2677
1948 4522
1674 1939
2668 2757
2513 3158
1052 2625
4442 4848
300 2648
1658 2817
344 4508
1432 2394
3737 3976
2545 2945
262 1464
779 3504
139 874
2353 3011
1239 3081
244 1609
363 4995
1044 3993
3340 3949
4575 4822
2955 3087
877 1216
305 4081
2782 3960
131 3841
364 2764
3754 4875
2673 4578
1692 4831
2186 4816
2149 4123
1677 2067
2615 4780
1100 1898
2887 3471
4989 4989
4789 4987
10 11
11 11
