0 0
0 6
0 12
0 18
0 24
0 30
0 36
0 42
0 48
0 54
0 60
0 66
0 72
0 78
0 84
0 90
0 96
0 102
0 108
0 114
0 120
0 126
0 132
0 138
0 144
0 150
0 156
0 162
0 168
0 174
0 180
0 186
0 192
0 198
0 204
0 210
0 216
0 222
0 228
0 234
0 240
0 246
0 252
0 258
0 264
0 270
0 276
0 282
0 288
0 294
0 300
0 306
0 312
0 318
0 324
0 330
0 336
0 342
0 348
0 354
30 0
30 6
30 12
30 18
30 24
30 30
30 36
30 42
30 48
30 54
30 60
30 66
30 72
30 78
30 84
30 90
30 96
30 102
30 108
30 114
30 120
30 126
30 132
30 138
30 144
30 150
30 156
30 162
30 168
30 174
30 180
30 186
30 192
30 198
30 204
30 210
30 216
30 222
30 228
30 234
30 240
30 246
30 252
30 258
30 264
30 270
30 276
30 282
30 288
30 294
30 300
30 306
30 312
30 318
30 324
30 330
30 336
30 342
30 348
30 354
60 0
60 6
60 12
60 18
60 24
60 30
60 36
60 42
60 48
60 54
60 60
60 66
60 72
60 78
60 84
60 90
60 96
60 102
60 108
60 114
60 120
60 126
60 132
60 138
60 144
60 150
60 156
60 162
60 168
60 174
60 180
60 186
60 192
60 198
60 204
60 210
60 216
60 222
60 228
60 234
60 240
60 246
60 252
60 258
60 264
60 270
60 276
60 282
60 288
60 294
60 300
60 306
60 312
60 318
60 324
60 330
60 336
60 342
60 348
60 354
90 0
90 6
90 12
90 18
90 24
90 30
90 36
90 42
90 48
90 54
90 60
90 66
90 72
90 78
90 84
90 90
90 96
90 102
90 108
90 114
90 120
90 126
90 132
90 138
90 144
90 150
90 156
90 162
90 168
90 174
90 180
90 186
90 192
90 198
90 204
90 210
90 216
90 222
90 228
90 234
90 240
90 246
90 252
90 258
90 264
90 270
90 276
90 282
90 288
90 294
90 300
90 306
90 312
90 318
90 324
90 330
90 336
90 342
90 348
90 354
120 0
120 6
120 12
120 18
120 24
120 30
120 36
120 42
120 48
120 54
120 60
120 66
120 72
120 78
120 84
120 90
120 96
120 102
120 108
120 114
120 120
120 126
120 132
120 138
120 144
120 150
120 156
120 162
120 168
120 174
120 180
120 186
120 192
120 198
120 204
120 210
120 216
120 222
120 228
120 234
120 240
120 246
120 252
120 258
120 264
120 270
120 276
120 282
120 288
120 294
120 300
120 306
120 312
120 318
120 324
120 330
120 336
120 342
120 348
120 354
150 0
150 6
150 12
150 18
150 24
150 30
150 36
150 42
150 48
150 54
150 60
150 66
150 72
150 78
150 84
150 90
150 96
150 102
150 108
150 114
150 120
150 126
150 132
150 138
150 144
150 150
150 156
150 162
150 168
150 174
150 180
150 186
150 192
150 198
150 204
150 210
150 216
150 222
150 228
150 234
150 240
150 246
150 252
150 258
150 264
150 270
150 276
150 282
150 288
150 294
150 300
150 306
150 312
150 318
150 324
150 330
150 336
150 342
150 348
150 354
180 0
180 6
180 12
180 18
180 24
180 30
180 36
180 42
180 48
180 54
180 60
180 66
180 72
180 78
180 84
180 90
180 96
180 102
180 108
180 114
180 120
180 126
180 132
180 138
180 144
180 150
180 156
180 162
180 168
180 174
180 180
180 186
180 192
180 198
180 204
180 210
180 216
180 222
180 228
180 234
180 240
180 246
180 252
180 258
180 264
180 270
180 276
180 282
180 288
180 294
180 300
180 306
180 312
180 318
180 324
180 330
180 336
180 342
180 348
180 354
210 0
210 6
210 12
210 18
210 24
210 30
210 36
210 42
210 48
210 54
210 60
210 66
210 72
210 78
210 84
210 90
210 96
210 102
210 108
210 114
210 120
210 126
210 132
210 138
210 144
210 150
210 156
210 162
210 168
210 174
210 180
210 186
210 192
210 198
210 204
210 210
210 216
210 222
210 228
210 234
210 240
210 246
210 252
210 258
210 264
210 270
210 276
210 282
210 288
210 294
210 300
210 306
210 312
210 318
210 324
210 330
210 336
210 342
210 348
210 354
240 0
240 6
240 12
240 18
240 24
240 30
240 36
240 42
240 48
240 54
240 60
240 66
240 72
240 78
240 84
240 90
240 96
240 102
240 108
240 114
240 120
240 126
240 132
240 138
240 144
240 150
240 156
240 162
240 168
240 174
240 180
240 186
240 192
240 198
240 204
240 210
240 216
240 222
240 228
240 234
240 240
240 246
240 252
240 258
240 264
240 270
240 276
240 282
240 288
240 294
240 300
240 306
240 312
240 318
240 324
240 330
240 336
240 342
240 348
240 354
270 0
270 6
270 12
270 18
270 24
270 30
270 36
270 42
270 48
270 54
270 60
270 66
270 72
270 78
270 84
270 90
270 96
270 102
270 108
270 114
270 120
270 126
270 132
270 138
270 144
270 150
270 156
270 162
270 168
270 174
270 180
270 186
270 192
270 198
270 204
270 210
270 216
270 222
270 228
270 234
270 240
270 246
270 252
270 258
270 264
270 270
270 276
270 282
270 288
270 294
270 300
270 306
270 312
270 318
270 324
270 330
270 336
270 342
270 348
270 354
300 0
300 6
300 12
300 18
300 24
300 30
300 36
300 42
300 48
300 54
300 60
300 66
300 72
300 78
300 84
300 90
300 96
300 102
300 108
300 114
300 120
300 126
300 132
300 138
300 144
300 150
300 156
300 162
300 168
300 174
300 180
300 186
300 192
300 198
300 204
300 210
300 216
300 222
300 228
300 234
300 240
300 246
300 252
300 258
300 264
300 270
300 276
300 282
300 288
300 294
300 300
300 306
300 312
300 318
300 324
300 330
300 336
300 342
300 348
300 354
330 0
330 6
330 12
330 18
330 24
330 30
330 36
330 42
330 48
330 54
330 60
330 66
330 72
330 78
330 84
330 90
330 96
330 102
330 108
330 114
330 120
330 126
330 132
330 138
330 144
330 150
330 156
330 162
330 168
330 174
330 180
330 186
330 192
330 198
330 204
330 210
330 216
330 222
330 228
330 234
330 240
330 246
330 252
330 258
330 264
330 270
330 276
330 282
330 288
330 294
330 300
330 306
330 312
330 318
330 324
330 330
330 336
330 342
330 348
330 354
