1
4
7
10
13
16
19
22
25
28
31
34
37
40
43
46
49
52
55
58
61
64
67
70
73
76
79
82
85
88
91
94
97
100
103
106
109
112
115
118
121
124
127
130
133
136
139
142
145
148
151
154
157
160
163
166
169
172
175
178
181
184
187
190
193
196
199
202
205
208
211
214
217
220
223
226
229
232
235
238
241
244
247
250
253
256
259
262
265
268
271
274
277
280
283
286
289
292
295
298
301
304
307
310
313
316
319
322
325
328
331
334
337
340
343
346
349
352
355
358
361
364
367
370
373
376
379
382
385
388
391
394
397
400
1824
3647
5470
7293
9116
10939
12762
14585
16408
18231
20054
21877
23700
25523
27346
29169
30992
32815
34638
36461
38284
40107
41930
43753
45576
47399
49222
51045
52868
54691
56514
58337
60160
61983
63806
65629
67452
69275
71098
72921
74744
76567
78390
80213
82036
83859
85682
87505
89328
91151
92974
94797
96620
98443
100266
102089
103912
105735
107558
109381
111204
113027
114850
116673
118496
120319
122142
123965
125788
127611
129434
131257
133080
134903
136726
138549
140372
142195
144018
145841
147664
149487
151310
153133
154956
156779
158602
160425
162248
164071
165894
167717
169540
171363
173186
175009
176832
178655
180478
182301
184124
185947
187770
189593
191416
193239
195062
196885
198708
200531
202354
204177
206000
207823
209646
211469
213292
215115
216938
218761
220584
222407
224230
226053
227876
229699
231522
233345
235168
236991
238814
240637
242460
244283
246106
247929
249752
251575
253398
255221
257044
258867
260690
262513
264336
266159
267982
269805
271628
273451
275274
277097
278920
280743
282566
284389
286212
288035
289858
291681
293504
295327
297150
298973
300796
302619
304442
306265
308088
309911
311734
313557
315380
317203
319026
320849
322672
324495
326318
328141
329964
331787
333610
335433
337256
339079
340902
342725
344548
346371
348194
350017
351840
353663
355486
357309
359132
360955
362778
364601
366424
368247
370070
371893
373716
375539
377362
379185
381008
382831
384654
386477
388300
390123
391946
393769
395592
397415
399238
401061
402884
404707
406530
408353
410176
411999
413822
415645
417468
419291
421114
422937
424760
426583
428406
430229
432052
433875
435698
437521
439344
441167
442990
444813
446636
448459
450282
452105
453928
455751
457574
459397
461220
463043
464866
466689
468512
470335
472158
473981
475804
477627
479450
481273
483096
484919
486742
488565
490388
492211
494034
495857
497680
499503
501326
503149
504972
506795
508618
510441
512264
514087
515910
517733
519556
521379
523202
525025
526848
528671
530494
532317
534140
535963
537786
539609
541432
543255
545078
546901
548724
550547
552370
554193
556016
557839
559662
561485
563308
565131
566954
568777
570600
572423
574246
576069
577892
579715
581538
583361
585184
587007
588830
590653
592476
594299
596122
597945
599768
601591
603414
605237
607060
608883
610706
612529
614352
616175
617998
619821
621644
623467
625290
627113
628936
630759
632582
634405
636228
638051
639874
641697
643520
645343
647166
648989
650812
652635
654458
656281
658104
659927
661750
663573
665396
667219
669042
670865
672688
674511
676334
678157
679980
681803
683626
685449
687272
689095
690918
692741
694564
696387
698210
700033
701856
703679
705502
707325
709148
710971
712794
714617
716440
718263
720086
721909
723732
725555
727378
729201
731024
732847
734670
736493
738316
740139
741962
743785
745608
747431
749254
751077
752900
754723
756546
758369
760192
762015
763838
765661
767484
769307
771130
772953
774776
776599
778422
780245
782068
783891
785714
787537
789360
791183
793006
794829
796652
798475
800298
802121
803944
805767
807590
809413
811236
813059
814882
816705
818528
820351
822174
823997
825820
827643
829466
831289
833112
834935
836758
838581
840404
842227
844050
845873
847696
849519
851342
853165
854988
856811
858634
860457
862280
864103
865926
867749
869572
871395
873218
875041
876864
878687
880510
882333
884156
885979
887802
889625
891448
893271
895094
896917
898740
900563
902386
904209
906032
907855
909678
911501
913324
915147
916970
918793
920616
922439
924262
926085
927908
929731
931554
933377
935200
937023
938846
940669
942492
944315
946138
947961
949784
951607
953430
955253
957076
958899
960722
962545
964368
966191
968014
969837
971660
973483
975306
977129
978952
980775
982598
984421
986244
988067
989890
991713
993536
995359
997182
999005
