1538147
350474
1437236
1338346
1988167
424828
2360008
504279
367660
380663
1982832
450847
1447882
1167060
1461123
1147540
2015709
427144
2122954
1711769
2485887
1037405
1438105
1069203
608844
2648852
2555333
940434
1107241
2239440
1298806
1975164
1563057
2493841
108089
2178933
1421256
2312492
1516511
1135772
2630887
2943930
2394082
2037843
1366986
1515819
1870046
2645749
2760105
1343731
1622733
1580453
546096
1153985
2864681
1226339
1065569
1808765
138117
2326554
2377299
719412
149562
1950830
1293698
941835
2868756
1404376
1693983
2293094
721547
1743095
1607748
1432009
535118
1882606
1481448
2025185
2669614
786824
1939804
2138898
606096
1636791
2076926
1597103
2337975
530715
1819063
2643205
546612
2567240
2607113
2723341
1500287
2068295
147471
1989997
2168661
1993161
617584
1697163
83895
1263797
1810270
2294778
502192
703529
2014703
1589686
532703
2493181
696564
831083
1449285
742705
2059262
80983
2162374
1486695
1875834
1815651
921367
1721246
2304587
2821467
2091315
2769056
2687542
1820959
1160523
960482
1464867
1424438
1813419
2623415
613978
2556328
2154470
2975806
1307736
2181510
2844115
2452363
278963
523500
1869902
1842613
1101621
3005702
2787927
2475549
3073504
2693960
2987801
2748245
1677980
1971921
1047216
134003
455078
1849096
2591517
322141
1075942
1694668
542744
1932005
2222565
1417100
1011525
221216
1315041
2611715
1851949
2333889
273069
609866
946581
2164305
604096
184931
3020228
2800670
2683073
378940
225581
2679543
1247916
18477
2662789
1309725
2967229
1864282
173770
371970
2593043
2272653
1767262
1618402
1082102
3011458
495894
545371
1471322
83732
2447389
2532137
652742
2127949
1490529
813694
1820626
2904750
1822399
2085834
822660
304852
2380660
2659793
1129528
1087107
1937656
2266978
1497256
1662453
2933874
1597453
384935
958012
980034
511677
945045
272983
1923477
1746995
2750355
1091332
407350
1869201
1495977
2999708
326011
67859
1148940
2301543
453498
2163892
557115
2575732
1133158
331362
1454200
3030878
2697543
1715345
2290936
1034007
747594
1104736
154964
2139517
959705
1178002
742588
496425
1641193
335234
2720465
1154831
161789
518789
1399728
563783
831172
1043359
2508978
1398887
3030595
677620
1468521
1474673
834100
2548174
2611343
1862376
536013
1198930
2988364
1609096
1410333
677575
1026384
1027367
2401241
1250688
441684
3006043
2147805
1009610
1913998
2142001
566605
2452783
202241
2512192
2723502
1492160
2865101
360275
1771729
1774318
1685580
1931482
3032300
1998675
2480340
321428
3070643
795573
112238
493532
2646126
1312044
277256
815521
2332774
2739962
2495902
2312015
848785
2790600
2488320
1722975
1809937
952486
141313
2187189
2460731
746570
2614139
1956810
2013509
2096997
1174928
1517625
2132492
1739115
2926212
2331801
697306
634313
749277
1539429
3002463
3045372
2622825
421770
2967811
315824
2280695
1221853
636280
1372205
2580839
1371652
1497408
1710800
1284045
1632145
2289610
2540381
152996
2464750
308625
2951493
797648
163994
2531333
1079759
1053271
2755399
1767245
2146676
1588918
2895047
2072767
1931418
15207
1839353
3020795
457371
232974
1636418
2291948
150308
1816503
2848723
621577
753593
2561446
2559905
2529963
1831726
1398268
888120
2066889
522280
1609522
863988
2020854
2201747
935489
904590
1902415
375886
1071374
314236
889785
383884
1068817
2553338
2145893
2268516
760872
1200233
3076238
921760
1130756
1225721
690259
1395154
1430922
2629821
1876477
1374845
2025748
1450981
2933620
543935
459794
929783
9332
591611
1655671
2179209
287369
1771121
2314387
2905463
2084470
2697860
2094699
2048435
1426835
1250488
1238918
273450
2030929
107092
2618159
2618111
1029492
2471239
299521
1141060
721442
2610189
1834964
3112439
1810831
2790913
2678795
1378897
1284214
211958
3006308
2537082
2799853
2297024
2025286
2131065
560289
870534
953616
162725
1305772
1383604
945381
1714580
1557819
1063320
2703085
2750199
1613805
1700350
352259
2951859
345837
420062
2291612
78709
2904009
1461645
1468827
105350
2364046
2036423
79002
2242128
914595
1203809
2656140
2293349
73905
2727215
1116367
1122297
1715155
48425
1671344
273155
832937
1275726
1395933
975103
1130989
2832115
2622293
2435813
628451
1705219
254289
2236879
1637321
1664963
521027
1756122
2851332
537745
830319
941284
419051
396753
2740470
435117
2025350
1262582
1468730
2710359
2001869
1865273
2923055
137230
1063470
1540824
734251
1388932
686116
2044859
1670878
774900
439978
2207419
1204785
2613725
821547
2352462
1482812
2502023
2418509
11908
192170
84801
104366
2712380
263422
2688667
1734365
2173090
3191556
1969220
2336104
263636
2073545
2182484
108124
616837
1179152
1586257
2518760
2887981
3094904
340055
40760
214166
1509882
737227
116064
1388316
1640318
662168
1612830
1550426
885536
769042
468553
2933714
1582925
236365
2235235
2429556
2242042
507756
211473
1632140
2006580
2971220
1182867
2970949
445306
1408964
335726
278374
2307577
178723
652620
1244393
103042
2398141
1190656
2445204
592867
1773363
2141833
186204
2336171
2781256
37468
1132551
574706
284822
133395
438418
2050557
1804215
1863821
429969
1013985
2197380
1832197
797675
1829078
1364707
1097274
2738473
854332
1827825
1884723
2745731
163928
953250
1975568
853262
1075240
3107102
198890
711646
1996152
2672586
863502
2607030
2821070
3059898
2222264
2207177
1779575
2200589
1006042
2825760
2320895
163578
499939
2001278
1336676
960428
1424367
823416
2280669
599877
2417093
1750028
1871715
994669
2528200
2049312
1133425
2024632
940659
1071630
602927
2239459
925969
1733444
2751058
2535414
713326
1694224
2793467
1821683
2727220
743514
1096042
1667582
1802496
224111
2737074
750571
873056
1085132
754999
9948
441596
441387
760802
845970
2176066
1446312
2702221
1959634
1609180
2933683
1223578
781548
995266
1730944
1698629
2382301
2796066
571954
598830
61869
1413416
2015530
788283
1814942
1299876
1415909
512658
2477196
64223
1268830
474585
2581578
943004
2591156
613952
45659
2287811
2622011
1261761
1749084
1489629
1780527
937799
2336720
2509229
1602929
1192470
1323569
1663231
1628787
838745
1945016
3005036
557884
562449
3109975
1698444
1254942
1312209
1308995
719894
863898
1585537
603186
1943526
2473887
1519119
851295
2323820
316757
2000278
1624106
142972
2693710
2994860
2191254
2581718
1190316
1226561
1799522
1779198
1828801
1288400
1984488
834294
2252853
469472
2868941
2680274
1241855
2036131
2607198
2971690
495006
1005221
1247941
2719160
1775055
201168
929275
51574
907854
2099184
2005903
2184927
2751448
514681
1386393
1572082
2603615
1002511
2427860
759034
699266
640142
1620107
274514
162524
532244
2067402
407470
210188
1193231
2677819
2871486
2325760
1488215
919457
1280189
850136
1866576
1601066
142696
1049949
3048870
2400663
2123929
445429
1884825
2275305
1443716
67311
1067388
359468
1875505
849154
2742750
1878148
724437
915998
1414600
2246468
2598210
2668612
1483353
254372
2926975
2276187
393795
294510
1257823
1995614
896758
738565
3022576
2785163
1323404
960662
2800154
2802066
2577370
2925856
2962523
1848276
2650894
1978683
540317
535548
86307
2779618
525293
2048760
2631315
157995
134453
1781280
3077210
832400
1498079
1831390
1123128
213484
306146
1080292
2440299
1164056
2063792
342770
1540814
2836967
1737407
1110356
82182
1986185
1558825
440484
473511
2784668
1514068
1017498
996239
2552042
2101134
982635
1000540
1581833
1011545
2101089
2236559
147251
721095
548059
2109046
669471
1826105
1740381
2522372
1656013
2581406
2263615
1199647
2321450
58330
1920526
2411539
653674
2363426
2558610
561280
1465300
136197
2832680
1692089
2646255
2359971
499182
2094908
2779580
822216
2488766
957346
1170300
2454772
557587
1656946
755284
1769788
2879622
2071761
2546194
1041643
1812682
1059955
2878829
2114221
1296205
2225380
2032844
1611926
418276
1376330
2656483
1466830
1249939
1517550
87105
1893138
651217
