33
101
257
107
12
104
48
212
119
9
102
217
6
153
143
240
106
34
218
132
21
34
175
36
9
229
218
160
131
20
50
49
249
82
43
194
97
118
175
209
79
98
101
173
24
73
57
126
240
202
60
156
64
155
201
236
257
225
229
50
61
14
154
95
142
248
203
163
131
67
38
250
62
101
54
20
178
190
142
110
139
127
4
133
63
77
6
237
141
36
123
137
12
38
112
126
26
76
147
94
212
242
37
53
166
213
7
15
123
117
202
195
250
211
17
202
97
91
179
255
176
174
195
116
164
175
129
162
176
84
186
237
11
133
225
106
259
76
33
107
72
32
29
48
192
131
127
129
44
214
241
9
37
218
230
64
86
49
189
199
130
128
6
127
144
185
175
141
70
82
50
203
164
217
171
4
30
191
42
82
137
225
240
45
93
37
81
151
227
223
129
35
14
123
58
151
177
225
212
182
68
71
219
159
143
232
195
270
89
129
211
116
170
183
149
238
42
204
228
44
231
248
218
115
142
3
119
12
170
224
155
235
133
47
111
207
108
160
80
194
68
204
242
211
121
216
79
56
91
180
142
64
121
168
202
74
230
131
210
101
212
176
143
174
50
175
194
84
39
54
171
164
70
29
235
236
68
107
255
77
125
252
186
170
91
90
103
125
88
216
47
246
185
28
128
46
8
211
140
47
156
193
184
173
60
99
63
158
215
144
118
36
27
40
37
152
181
53
163
63
135
92
149
218
47
102
217
56
56
181
124
213
121
124
22
70
116
65
217
92
145
241
18
71
183
27
44
55
98
136
105
120
155
15
244
94
138
191
226
175
184
202
176
32
189
168
61
104
183
74
195
16
213
222
93
60
37
45
114
41
185
195
125
43
50
143
135
237
48
126
61
246
54
52
225
126
222
170
60
137
