8 4 16 18 13 10 3 17 8
6 6 3 7 8 13 13 8 5
10 11 19 11 8 5 18 8 14
12 17 15 15 8 3 5 11 18
5 10 12 10 6 13 14 16 17
13 14 6 10 18 6 3 1 8
11 17 3 1 3 3 4 5 1
15 17 15 16 18 13 20 14 12
8 9 15 7 13 18 18 8 5
7 17 9 6 5 3 11 2 16
5 18 17 6 3 9 18 12 16
18 5 18 18 14 4 15 7 10
7 19 14 12 2 2 12 18 4
11 17 9 7 12 1 15 15 11
7 4 4 6 10 10 3 14 9
19 5 16 8 2 16 5 14 6
1 9 11 14 16 6 13 13 14
1 18 18 19 19 9 3 14 4
13 5 3 14 6 7 5 6 7
6 9 13 15 2 13 8 9 17
14 9 13 5 15 18 10 1 20
19 14 8 11 2 12 1 20 3
9 8 18 18 1 18 15 7 2
2 11 10 4 20 1 15 12 10
5 3 5 18 7 3 17 6 7
8 2 8 20 5 2 6 6 15
14 3 11 20 12 12 7 20 1
6 17 19 7 6 17 4 1 11
2 9 2 13 7 20 4 18 6
4 20 2 13 14 5 4 2 11
16 9 15 9 20 16 5 10 19
19 16 10 2 18 17 7 12 8
18 8 5 18 15 9 16 9 9
11 10 6 4 12 11 16 20 17
8 8 17 8 2 8 7 16 6
2 12 12 13 1 10 10 11 17
10 6 1 7 5 19 2 17 8
15 17 10 4 7 19 6 13 18
11 18 5 16 6 5 5 1 6
3 7 20 12 1 15 18 14 5
6 7 6 17 12 1 3 2 8
13 11 8 19 20 14 8 6 17
18 3 11 9 3 18 8 10 14
20 15 10 5 13 9 17 20 1
14 20 1 8 4 5 18 13 2
20 5 16 15 3 17 3 15 2
18 11 10 16 14 12 17 11 13
6 1 11 12 5 5 7 11 10
15 8 2 16 14 16 11 14 5
8 4 16 4 4 16 2 12 14
13 3 5 16 5 14 13 9 6
15 17 7 4 18 2 18 16 1
17 20 9 9 16 17 11 4 20
11 18 5 5 13 1 4 18 20
13 4 13 5 13 4 3 8 5
16 7 19 5 14 6 1 12 10
15 17 2 5 5 5 4 15 14
6 15 20 12 1 7 10 9 9
12 6 8 18 9 14 7 15 19
6 10 19 14 15 1 11 12 19
14 8 18 2 5 14 11 19 1
6 6 6 11 2 12 3 8 8
3 18 6 19 15 8 10 18 19
14 14 15 7 6 13 14 5 15
3 10 20 9 20 8 9 15 4
14 8 15 11 12 7 6 17 8
7 15 3 14 2 10 5 3 15
9 7 16 1 3 2 5 8 14
16 10 7 18 16 11 12 1 1
16 12 19 2 15 9 11 19 6
12 12 4 2 18 18 14 11 20
11 13 7 12 16 16 1 20 2
14 10 20 16 13 4 20 10 10
4 2 10 8 6 17 15 18 17
2 8 20 15 18 10 2 8 11
14 9 9 8 17 20 2 6 20
16 17 15 11 9 8 6 13 5
10 12 6 3 4 19 11 9 10
4 15 5 12 11 20 16 4 12
9 2 4 14 7 2 12 4 6
18 2 16 4 10 9 19 11 3
16 12 2 16 5 10 8 11 6
2 14 19 19 2 10 16 4 12
10 13 13 8 4 1 18 17 4
6 15 9 13 20 17 4 10 7
10 3 4 15 19 6 15 2 20
19 2 16 4 6 19 20 10 19
12 4 15 19 20 6 19 6 17
2 1 13 19 16 2 17 8 12
5 11 9 5 20 20 4 1 15
16 11 17 3 7 20 1 20 1
19 20 6 12 13 3 9 10 12
19 13 8 9 2 17 2 17 19
19 4 19 17 6 6 10 16 2
14 13 17 10 17 12 1 17 16
11 12 10 4 17 4 17 7 12
2 10 13 3 18 9 8 12 20
9 4 15 3 9 8 1 11 17
20 6 1 15 14 15 19 18 2
5 2 10 9 11 13 3 19 5
10 9 20 8 19 13 7 1 13
7 5 15 5 10 14 13 4 10
6 12 12 8 2 6 20 12 7
12 2 18 19 11 3 5 11 8
8 2 20 10 19 9 17 6 20
7 20 10 8 15 10 12 11 15
7 18 4 3 3 12 4 10 4
8 18 8 12 4 10 11 3 17
10 16 4 17 18 7 12 4 13
14 2 14 1 15 11 5 3 17
5 5 10 20 19 6 16 15 18
20 5 17 2 12 5 14 5 4
11 16 18 6 1 16 1 17 7
15 8 9 5 2 2 2 19 10
1 1 8 5 20 16 15 7 19
10 10 14 12 4 17 9 8 13
12 5 4 1 10 1 15 11 15
6 5 10 4 1 15 8 4 7
10 3 7 8 15 14 11 18 6
15 2 18 10 5 19 19 3 5
18 20 6 11 5 18 9 2 1
17 8 8 20 4 5 7 12 20
16 10 7 16 14 13 9 11 17
4 16 4 8 9 20 10 5 8
13 5 19 6 4 13 14 10 2
12 15 3 9 4 9 8 8 20
2 19 2 12 2 5 12 16 17
16 18 1 6 3 1 1 11 4
19 6 14 4 5 1 4 17 4
8 4 6 13 5 17 13 6 10
1 11 12 15 6 20 13 19 18
2 15 9 6 1 1 19 19 14
5 17 9 18 5 18 19 2 8
20 8 15 14 18 19 6 11 19
5 12 11 12 15 6 15 10 17
20 6 4 1 18 8 14 2 12
20 12 11 12 8 8 9 9 20
15 20 19 9 1 2 10 8 16
2 9 16 2 11 16 13 12 17
5 16 20 3 8 6 11 9 14
15 18 5 20 16 5 3 19 2
9 15 5 6 2 2 1 11 1
20 1 20 18 1 16 19 15 13
12 8 19 1 17 20 8 13 10
4 14 9 10 15 16 12 12 18
6 14 14 5 3 8 4 1 15
2 12 14 16 12 1 1 18 15
12 16 14 7 15 7 18 17 6
17 15 17 15 2 14 11 11 9
4 17 8 20 9 2 20 2 18
18 20 11 13 14 15 14 15 7
15 20 3 19 12 4 17 10 19
4 15 17 9 16 5 17 15 8
12 20 17 11 9 16 16 1 13
5 18 2 12 16 6 10 14 17
13 3 2 17 10 10 19 2 1
13 12 19 13 12 4 17 10 6
7 1 1 14 8 15 9 3 15
12 13 5 15 9 3 18 14 20
16 17 19 15 2 12 10 7 10
8 20 8 9 20 17 8 20 11
18 6 20 16 17 14 5 5 12
4 20 6 14 9 13 12 1 11
6 16 1 12 17 7 12 20 15
14 5 18 13 18 9 13 7 17
6 20 16 8 16 6 15 13 17
2 16 10 17 14 1 12 6 17
10 18 14 3 13 18 8 4 20
12 8 19 19 18 5 8 3 11
20 3 3 15 9 4 2 13 6
5 9 5 9 4 14 4 18 8
12 16 4 13 18 3 20 20 20
19 5 3 16 13 15 20 7 17
7 11 17 20 9 1 3 14 5
12 5 20 2 4 3 13 5 8
9 7 4 1 16 6 12 7 1
15 20 10 3 20 8 3 12 11
11 19 17 9 12 7 20 19 9
20 7 17 7 7 17 19 5 4
5 4 9 1 18 9 8 5 2
19 15 14 19 19 19 4 13 15
5 5 15 12 17 6 16 3 17
20 20 17 9 2 5 9 17 14
14 4 8 6 20 11 16 20 15
4 6 16 19 2 4 19 16 11
2 3 16 5 11 19 13 7 2
12 5 3 19 9 6 9 20 18
15 15 2 1 18 12 19 15 11
13 7 18 3 13 4 8 18 17
11 18 8 10 16 3 14 11 16
2 17 4 10 2 9 14 12 14
3 19 16 10 20 6 1 4 16
2 10 16 9 14 11 7 19 16
18 13 3 2 4 2 7 19 11
4 3 5 10 4 16 18 10 8
19 19 10 15 15 19 4 8 14
2 20 4 19 16 2 13 15 9
5 5 2 5 4 12 16 19 19
7 18 16 3 14 2 7 13 14
2 20 12 3 3 7 8 4 2
10 2 19 16 13 5 11 5 16
3 6 14 8 3 18 15 9 11
11 6 12 4 4 17 16 1 5
11 15 11 15 4 9 14 5 7
6 2 15 17 2 2 16 16 11
10 5 18 6 8 19 12 6 9
17 10 3 16 1 2 15 9 10
17 1 10 6 10 13 18 16 1
11 1 13 14 12 9 5 4 6
20 7 17 20 11 7 16 13 8
6 17 5 18 19 16 3 18 4
7 6 4 17 10 10 11 9 19
17 10 9 1 19 10 4 14 17
17 3 3 2 7 8 17 5 2
7 6 13 14 10 11 17 16 9
18 14 4 6 4 20 13 4 3
4 15 12 18 17 14 8 14 13
3 8 9 16 4 16 19 8 12
2 9 13 6 20 10 3 17 15
2 4 13 4 20 3 14 16 19
16 3 18 1 8 1 20 11 7
16 17 4 10 7 1 19 16 8
19 12 3 3 7 3 12 7 2
7 15 3 1 20 8 3 1 15
2 17 6 14 14 20 18 13 9
13 10 17 9 17 20 4 4 15
18 9 9 14 11 10 12 15 14
14 15 9 9 12 12 8 7 16
11 1 14 10 6 20 7 2 3
16 16 7 7 3 19 11 6 13
2 5 15 16 11 2 18 8 8
19 17 4 18 6 13 4 14 11
10 2 18 13 10 20 13 18 15
2 17 12 19 8 20 16 12 13
8 4 9 17 11 7 14 13 17
10 14 17 1 19 11 1 3 12
12 6 13 1 10 1 3 14 4
11 9 13 1 14 7 17 8 5
7 8 15 16 14 16 14 10 8
5 7 11 14 9 17 17 17 3
18 19 7 10 4 9 16 12 14
11 6 16 13 16 8 5 13 3
20 7 4 14 20 20 13 14 7
3 2 7 3 16 17 4 14 1
7 2 11 4 9 12 19 1 6
4 3 2 5 9 9 10 17 18
10 3 5 19 5 13 16 11 20
15 13 7 5 2 18 12 1 15
4 9 5 19 11 6 12 7 20
7 8 14 2 7 15 1 16 2
1 12 12 1 19 6 18 18 2
18 13 10 18 3 16 5 7 15
7 17 19 10 19 6 5 9 3
19 11 12 19 16 15 1 1 17
10 17 4 15 7 1 2 16 19
9 17 3 8 17 17 10 18 1
4 20 19 4 15 15 7 6 7
7 1 1 13 6 9 2 16 3
5 10 1 5 3 5 10 2 15
16 1 7 10 15 2 5 2 20
2 7 19 15 11 14 9 19 19
5 20 9 11 14 18 18 17 1
15 15 8 14 20 12 11 12 12
10 1 12 12 14 17 18 20 5
18 1 9 8 6 17 1 12 1
15 17 8 7 16 13 10 20 10
2 13 17 5 13 4 8 15 11
20 7 3 14 4 15 7 9 9
5 16 16 2 6 1 17 1 10
2 8 16 6 3 12 11 18 18
20 20 11 18 14 1 6 12 19
12 1 5 8 12 11 18 8 6
18 20 15 20 8 15 14 1 6
12 1 13 17 18 7 14 11 10
11 20 6 2 4 3 15 5 1
15 7 9 12 4 7 15 1 14
9 7 6 20 13 3 12 19 18
20 14 9 18 4 8 16 1 12
1 3 12 7 8 8 16 20 4
4 11 20 5 12 5 2 14 7
8 6 12 1 2 19 1 16 8
7 15 4 20 8 20 18 6 7
18 12 3 8 12 20 17 6 4
7 20 10 9 1 5 5 18 13
16 9 3 2 11 18 20 12 7
15 18 1 1 20 17 13 19 20
2 12 12 10 18 19 15 14 19
19 14 8 13 3 8 5 13 18
8 10 3 8 4 13 5 4 11
9 7 3 10 3 1 13 1 17
15 16 11 17 18 20 18 13 15
6 6 17 20 7 16 7 15 16
13 6 16 12 10 19 12 17 1
14 7 16 5 11 17 1 9 7
10 11 13 8 10 6 7 5 11
3 12 20 12 12 16 8 9 17
6 9 6 20 7 15 7 16 9
2 9 1 6 19 11 8 12 12
16 8 3 10 18 4 15 12 5
19 6 17 18 11 7 8 4 17
