999
712
-870
-446
570
492
934
585
438
155
424
-381
-336
398
96
338
-55
905
387
-550
31
23
352
403
508
-71
-108
-386
716
144
344
461
-763
-900
36
739
743
-958
-840
645
919
-112
562
694
698
450
922
396
10
961
-407
-471
111
257
839
274
301
563
346
176
760
-565
792
-481
-383
716
317
106
458
-218
-199
-840
78
353
64
-187
853
-404
707
-33
534
384
359
710
823
980
-141
432
593
-381
331
561
521
258
-353
144
-853
452
-269
774
458
984
122
988
688
-986
-800
958
854
931
697
174
-890
530
143
-605
788
-110
-833
230
723
187
751
261
-473
-102
-378
773
468
-125
921
-390
337
-952
-23
863
244
345
-179
60
986
-572
77
641
643
-845
-929
585
-17
407
442
-160
269
538
-889
-931
-311
44
-46
-438
-305
908
-228
685
389
-395
472
1
924
418
820
109
195
314
-762
447
696
-978
38
514
716
-611
713
19
929
358
-574
-261
397
110
-826
939
525
-979
-278
176
-55
-811
988
516
-665
-935
-699
972
-443
739
908
715
-734
361
704
88
599
-9
746
-11
554
436
825
365
363
958
246
536
680
852
-602
519
314
390
-991
637
410
963
414
960
-895
636
889
222
-773
-700
998
0
-364
995
-864
907
880
728
684
908
495
-41
-581
-358
324
535
822
217
593
238
-138
-979
379
938
146
-39
721
773
941
-646
706
939
-820
896
-531
352
933
128
159
573
-735
624
377
983
550
875
-60
717
-281
260
-408
-538
158
-48
-303
949
-309
187
-245
-318
118
-97
48
562
814
501
190
811
880
327
-232
478
236
318
98
-70
407
707
-790
410
4
-866
-97
144
757
709
-289
940
541
189
219
-434
-926
118
391
769
384
-91
97
238
0
580
247
455
-699
169
-679
624
-89
959
888
-141
36
303
719
986
708
338
-617
799
339
69
-756
-386
759
700
519
-668
-245
585
-938
-326
834
-355
472
-913
314
573
70
-935
904
204
218
-504
806
-75
705
-313
729
309
536
230
-11
151
-91
819
116
1
682
-788
411
539
-275
-814
25
-838
767
863
369
287
420
-453
112
787
-732
-737
905
-190
-771
-442
-66
504
-94
685
824
364
840
410
421
-195
2
229
435
631
555
817
241
806
-146
-846
397
-835
487
953
369
-687
692
-886
-710
468
41
-461
542
193
-533
338
676
-811
150
654
-55
-752
420
-722
-442
565
-547
584
-75
112
274
-458
-796
-346
-131
266
222
387
-144
547
938
736
140
-536
594
20
129
294
370
652
760
727
235
-192
-439
988
884
608
126
264
937
488
-646
-150
14
339
-988
-559
9
953
-942
-107
847
133
39
702
875
134
395
703
845
-188
813
-142
-713
564
366
279
501
-575
-4
835
134
478
-688
-294
-511
-287
928
596
732
964
268
279
537
340
-371
-867
654
108
-473
510
210
695
982
-266
966
407
189
925
-188
686
374
147
847
858
122
928
28
-155
48
54
-740
536
-495
23
216
-576
422
-25
-908
-624
278
132
939
-469
117
229
93
262
480
-590
-791
182
-822
-92
-590
-792
