122265
-139496
20709
132240
41877
8844
11377
26257
203575
-38376
81
9425
63291
-34333
122980
23316
-56576
135837
-91800
-72716
207545
41448
71176
173317
230375
-13609
13248
156792
56160
22185
64876
99216
91683
22155
40560
-166400
29455
-7625
140672
124353
34425
93625
70356
41756
51516
50844
50959
-25792
-130400
131813
189623
240315
-124713
69441
33896
113535
-127800
-86163
152211
-159831
121485
123464
-53095
113275
50912
173575
-198352
185640
14700
-7021
161253
100879
-75043
-130032
41145
42441
54136
-18200
-23541
-47432
183012
103968
-1173
55695
169763
165075
15045
-95432
-118017
65688
35139
126636
183255
-65208
36179
49392
-170477
-11577
-163241
177472
-107200
114395
87320
77952
-102289
121968
89385
139104
29205
136255
196317
56695
65876
-23520
13376
-143901
189336
187551
-98685
184815
-26496
249001
213885
18585
61104
89152
60609
-52059
45045
157040
73455
-234360
183861
4968
18675
116571
95352
32604
-39249
213060
75396
-37345
205360
115344
127264
-2700
-30745
5665
201875
-15067
-10152
1177
78385
102648
155000
166704
43665
11357
1176
82993
-114000
-187485
2880
16859
200164
63875
-35208
-210888
109040
34839
11760
84100
36153
-114745
-17577
227505
192236
22477
113449
96755
64337
27336
-105635
21141
-44475
70380
-193392
142560
-152240
57147
-216864
193900
-51623
161040
99568
108471
58599
5600
165256
3363
-38955
29925
-146605
-175417
38305
13120
-6976
151313
-1468
195279
-99384
62415
114755
136620
134375
34691
12995
51701
89180
147768
-173600
-134685
167040
-83793
-76533
-71269
-52500
64032
-42195
-49781
101304
-140592
-86221
30683
10735
1767
-33672
-128475
13464
24928
69345
84537
-66924
88109
17384
72051
11904
4473
196075
102948
13455
159488
-98704
28512
-165636
226551
-218925
174440
122801
186480
83997
169248
159795
-47212
13889
-19869
173885
52632
-96727
-44289
126492
98368
1365
42924
-152893
104013
9329
109384
223392
191673
204419
108813
29493
4265
211575
-5733
153
-65076
-60888
-71280
44377
-108772
14965
165205
9515
14952
-29425
-147744
-166805
-69791
