3 4
81 28 240 10
40 10 100 240
20 180 110 35
4 1
100
110
0
100
28 61
5 2 1 1 4 7 8 10 1 7 9 7 8 1 9 3 10 3 7 5 6 3 4 10 4 2 7 5 5 10 2 2 3 3 7 10 5 1 6 10 8 8 9 8 8 2 8 10 2 2 7 8 6 8 4 6 4 3 10 4 9
8 1 8 6 8 10 3 9 4 9 4 3 8 6 8 7 9 7 3 1 10 6 3 2 2 7 5 1 4 1 8 5 2 9 5 9 9 8 9 2 10 6 7 7 7 3 2 3 3 6 1 4 9 1 9 10 1 6 4 8 9
9 4 2 8 6 10 4 4 7 9 3 5 5 4 9 3 8 4 1 4 3 9 6 9 1 7 8 5 1 8 3 8 3 7 1 8 2 9 10 9 3 7 9 1 4 10 4 2 7 3 6 5 5 4 3 4 6 6 2 10 6
8 7 10 5 9 6 7 7 7 10 6 3 10 8 10 7 9 9 8 7 4 1 5 4 7 8 1 6 7 6 10 6 1 3 8 1 4 10 1 7 10 8 4 6 2 1 9 7 2 4 1 5 2 10 8 10 5 6 4 3 3
8 3 1 6 7 6 4 5 7 4 6 8 5 4 7 3 3 5 10 4 1 8 1 4 7 3 10 10 7 4 4 5 2 8 9 6 9 7 2 2 8 4 1 5 7 4 7 10 10 6 6 8 9 3 1 9 4 9 5 1 6
10 1 7 10 3 1 9 2 9 7 8 2 7 1 2 5 7 1 10 3 9 4 3 3 2 4 4 3 1 9 1 5 10 4 2 5 2 1 8 9 8 1 10 5 6 2 7 10 9 2 2 3 6 3 10 5 7 8 7 4 8
8 1 7 2 8 5 4 9 6 8 9 6 3 7 4 8 2 2 6 2 3 9 2 9 5 4 10 4 5 9 8 6 8 6 7 8 9 1 6 8 10 6 3 3 6 6 7 1 2 7 2 4 9 9 6 8 6 5 3 9 1
2 2 10 7 7 3 4 2 7 5 5 9 1 1 1 2 6 1 4 6 3 6 7 4 2 8 3 1 4 6 4 5 1 7 2 8 9 10 6 9 8 1 8 6 6 3 4 5 10 5 9 4 2 3 6 4 4 9 4 10 2
10 4 1 8 7 6 4 2 10 6 2 1 5 9 1 8 6 1 5 4 3 6 7 8 6 3 5 4 7 3 3 6 1 5 5 7 10 6 7 5 10 5 4 7 8 4 8 8 1 4 3 1 2 3 1 7 8 7 8 9 1
1 10 7 8 4 9 2 3 2 9 7 1 3 9 3 2 4 4 1 4 7 8 6 1 2 6 10 5 5 4 2 4 6 6 2 8 3 7 2 5 10 3 9 5 4 8 9 2 5 6 7 2 8 9 8 10 3 7 1 7 5
7 8 9 10 10 4 9 3 4 9 7 4 3 4 9 6 9 6 1 9 2 7 4 1 1 10 5 2 8 1 8 3 3 9 6 1 6 2 6 6 7 4 10 4 3 3 2 3 2 5 5 8 6 2 4 6 9 9 4 4 10
4 8 7 8 9 3 1 8 7 10 9 5 4 2 5 6 7 2 5 4 5 3 8 2 1 9 1 8 10 6 5 1 5 1 3 1 9 8 10 8 7 9 4 2 3 1 1 10 3 8 2 7 5 8 3 4 9 6 3 9 5
5 2 3 7 1 8 8 9 1 4 7 9 3 10 8 1 10 10 5 4 1 5 1 2 6 9 9 7 7 7 1 5 5 10 1 7 6 8 9 8 6 8 10 10 6 5 6 7 2 8 6 4 7 8 3 1 4 7 10 8 5
7 8 4 7 7 1 10 10 3 9 5 10 7 3 7 1 4 2 6 7 7 2 10 3 6 6 2 1 7 3 10 9 2 6 9 8 7 9 5 4 10 7 1 6 3 10 1 10 5 8 4 4 7 7 9 9 4 5 4 5 1
10 4 7 6 1 4 8 3 8 5 7 7 1 5 9 5 3 9 9 2 5 5 6 4 5 4 10 2 3 4 6 9 9 7 1 3 10 2 1 4 6 8 7 5 3 1 3 1 10 10 9 1 1 8 9 9 6 2 9 6 9
3 1 1 9 8 10 9 8 6 8 6 1 3 7 9 8 8 8 1 2 4 9 2 5 5 1 10 2 2 8 1 10 6 5 9 3 10 9 2 3 8 1 2 6 5 2 5 10 4 3 3 8 2 5 8 9 1 5 5 4 9
6 8 1 2 7 7 9 2 1 3 1 7 6 6 10 3 10 2 5 8 3 10 4 10 7 2 3 9 6 1 5 3 10 1 1 10 4 7 1 5 6 10 2 5 9 8 3 10 2 10 7 4 3 4 4 5 2 6 2 8 1
2 7 3 2 5 8 9 4 7 9 9 8 6 1 9 5 8 7 5 2 2 1 3 5 8 5 7 4 3 4 3 9 10 4 10 10 8 2 10 1 6 2 9 1 4 1 9 5 2 4 7 7 8 2 6 7 3 5 10 9 5
3 10 2 5 7 1 9 10 7 7 4 10 6 1 7 2 4 8 5 8 2 4 4 6 10 10 1 9 10 4 7 2 6 2 6 8 2 3 2 9 6 7 10 2 1 4 4 6 4 7 7 4 7 1 7 10 9 6 5 4 7
2 7 10 10 3 2 1 1 3 2 9 5 7 9 5 10 2 10 4 7 5 5 3 1 4 1 10 5 8 9 10 6 10 7 7 9 3 9 6 7 8 4 4 6 8 8 2 6 8 3 8 7 3 10 3 10 10 3 10 5 7
9 7 2 9 10 7 5 5 9 4 6 9 8 6 6 7 4 8 3 3 9 7 7 9 4 10 6 3 5 8 9 4 5 1 7 4 9 3 2 7 5 3 4 1 6 3 6 5 5 3 3 5 3 6 2 8 3 10 9 4 8
1 3 4 5 6 5 3 5 5 8 1 2 1 2 8 3 6 6 1 5 4 9 9 6 1 2 1 4 7 8 4 9 7 4 1 5 3 7 2 4 10 10 5 4 8 1 9 6 3 10 1 1 1 9 7 7 5 5 5 2 9
2 9 8 8 9 1 9 6 5 4 6 7 1 4 6 4 9 7 5 4 3 10 1 3 3 10 4 8 4 3 9 8 5 6 5 4 2 2 9 7 5 6 1 4 5 6 7 6 10 1 5 1 3 9 3 10 9 4 2 10 3
4 3 5 5 3 7 1 7 6 10 6 8 8 3 1 2 8 5 3 4 10 9 2 6 5 9 1 8 8 3 3 8 3 1 1 5 1 9 1 6 10 9 9 6 2 10 10 2 2 9 7 1 1 9 1 7 5 6 7 2 7
9 7 4 7 1 4 7 8 4 6 7 10 10 8 7 9 10 5 6 5 10 9 6 1 6 8 6 4 2 4 1 8 10 7 3 3 5 5 3 7 2 8 8 5 3 3 2 1 5 1 1 4 10 7 8 8 1 8 7 9 6
1 1 4 1 1 9 5 1 6 4 5 9 4 3 8 8 6 3 5 3 4 9 6 1 3 1 5 6 5 3 1 5 8 2 1 4 4 3 6 10 3 4 10 7 8 2 4 10 6 1 10 9 10 10 10 2 7 7 9 9 9
6 7 4 4 9 8 3 5 8 2 1 10 7 1 5 9 5 8 9 3 8 3 6 2 6 6 2 5 1 9 1 5 9 5 7 5 7 9 9 6 8 1 2 5 2 2 7 10 2 1 7 8 6 1 9 2 6 3 2 2 5
10 1 9 10 10 6 4 5 6 9 7 9 4 9 7 7 6 1 7 3 10 7 10 8 8 2 10 4 9 6 4 3 1 8 7 7 9 3 4 1 6 5 4 1 6 4 6 3 5 7 6 6 6 6 9 8 7 3 10 10 9
98 67
31 81 79 84 95 73 13 14 2 70 41 4 85 10 6 77 9 74 10 36 93 97 91 63 81 45 10 54 77 37 15 9 21 26 3 34 63 82 34 35 9 77 13 48 37 50 72 64 59 46 23 70 86 32 66 94 73 77 88 64 19 28 84 43 28 12 99
70 39 84 57 87 96 92 84 65 79 51 61 88 74 48 92 34 34 81 62 28 9 24 93 21 30 43 36 94 78 99 20 59 73 49 70 73 8 2 85 13 14 91 67 60 52 19 55 7 85 19 77 5 90 70 93 18 26 51 93 26 38 75 54 94 47 96
77 6 72 58 86 80 78 96 4 29 64 66 18 93 52 76 58 8 63 67 56 2 56 66 29 42 84 65 25 58 68 56 33 70 88 46 57 43 95 8 5 22 95 95 90 58 6 23 4 25 52 68 90 46 95 90 69 54 9 87 96 60 41 15 51 92 5
81 7 70 58 17 90 36 8 77 19 15 15 51 4 54 62 19 2 13 79 69 61 16 12 62 64 96 29 68 95 72 46 47 80 84 82 61 98 10 75 12 21 79 40 34 98 97 72 37 41 56 41 5 36 17 9 11 98 89 24 63 81 15 83 24 23 70
47 98 91 25 84 4 47 16 71 59 45 98 43 71 55 19 72 73 84 28 89 16 99 52 15 96 81 73 64 60 90 63 93 99 11 69 64 21 55 82 95 30 95 10 9 63 64 37 60 36 7 54 23 63 46 20 16 79 82 97 82 99 31 64 21 47 95
33 22 95 35 94 21 67 78 56 56 31 56 2 22 72 98 10 23 99 78 54 6 40 29 84 40 89 39 24 63 80 91 22 15 58 84 24 27 6 15 37 75 14 54 95 1 8 37 86 50 7 78 5 22 87 86 5 91 38 6 88 41 49 7 11 38 42
66 67 80 96 14 93 39 92 23 92 69 20 87 42 7 69 27 50 98 80 33 1 57 23 95 60 9 86 35 81 67 12 48 79 44 71 31 71 63 72 27 89 26 64 70 51 74 96 81 84 93 60 42 60 48 86 8 63 82 7 50 91 90 26 72 70 80
12 46 92 43 96 34 72 1 48 88 89 48 32 60 100 67 81 32 37 80 100 11 82 1 44 53 38 8 82 8 41 39 51 58 19 52 39 48 88 17 60 66 7 63 57 60 10 69 84 49 33 79 74 13 24 4 77 28 94 96 38 37 19 6 1 20 53
72 37 76 39 59 40 16 30 6 47 40 53 78 90 51 19 55 10 90 18 89 3 47 70 42 56 71 86 19 24 68 38 2 98 64 86 5 73 2 57 34 42 2 22 34 1 55 75 92 14 18 55 84 96 98 18 15 58 62 14 20 98 30 25 79 90 90
76 97 29 7 29 89 18 12 36 74 39 60 91 16 89 48 12 76 53 60 67 58 70 29 68 8 50 82 2 57 50 71 85 71 25 69 26 86 47 43 40 93 35 92 93 73 70 98 93 49 83 62 17 95 79 29 72 76 87 87 38 31 80 62 79 22 30
78 67 89 69 70 97 51 40 21 49 79 59 90 57 79 44 56 44 26 76 22 1 47 71 67 37 77 13 53 12 78 58 43 48 71 57 39 100 33 88 44 36 64 55 13 88 7 10 78 58 32 47 72 92 5 5 56 10 48 49 70 64 55 43 96 7 83
77 96 65 22 26 73 38 6 58 99 63 100 35 84 22 69 11 11 40 95 49 11 14 75 21 75 72 5 32 16 49 90 67 94 27 58 18 76 10 56 32 7 46 86 29 49 94 39 88 75 94 56 3 43 41 34 23 34 95 69 52 45 29 30 29 85 51
13 44 73 52 47 41 11 92 89 75 71 78 56 62 35 62 24 59 82 94 78 57 15 54 19 85 1 100 57 29 61 56 20 64 3 2 21 81 9 50 62 44 32 56 79 81 68 75 95 49 46 45 6 14 92 89 53 58 93 97 70 65 49 19 38 90 27
37 1 48 10 56 84 90 33 9 44 30 86 89 94 61 36 47 62 89 7 99 33 79 53 90 42 39 79 7 24 82 57 80 16 66 26 37 96 44 98 63 32 55 5 53 72 95 8 56 35 76 70 41 46 40 92 59 96 46 17 81 92 48 61 89 80 32
68 45 1 26 66 54 2 69 40 67 78 67 74 67 24 2 31 62 77 85 16 57 96 82 100 20 57 45 55 32 48 100 54 57 95 32 35 86 27 84 17 94 86 9 94 21 73 23 7 67 37 2 43 44 51 75 68 33 88 47 14 18 20 63 34 73 6
46 51 74 53 81 22 87 34 70 83 61 38 95 17 52 66 63 82 23 84 52 97 84 55 75 96 95 41 78 1 16 55 97 15 38 10 34 20 17 54 44 10 8 88 10 23 100 64 56 29 35 59 75 98 56 85 34 11 86 66 99 79 67 89 95 83 43
2 53 7 21 4 13 99 53 2 20 83 55 96 53 64 27 56 36 56 66 38 78 92 88 99 48 64 30 85 5 26 25 79 13 83 55 74 35 22 97 69 81 94 87 85 39 18 92 64 25 87 45 31 41 59 4 53 12 87 35 81 35 42 91 35 53 19
98 12 88 75 16 24 77 24 81 15 48 17 26 82 63 47 22 11 10 79 47 83 6 18 69 11 46 9 94 45 15 88 91 96 99 5 57 15 28 9 24 3 98 63 32 22 42 96 12 18 16 13 68 25 20 27 74 35 12 60 25 58 2 67 25 32 7
81 77 66 51 88 85 88 55 85 22 9 83 93 24 92 77 38 28 95 33 23 51 43 91 83 49 5 86 1 57 19 38 23 3 46 28 39 95 42 1 95 18 78 72 72 22 62 56 84 91 50 97 49 59 85 21 49 5 26 3 41 94 22 63 71 40 38
8 40 40 62 66 60 41 74 26 31 93 87 69 67 32 61 92 23 79 9 60 20 74 6 20 6 5 28 38 85 31 66 40 8 64 7 96 34 62 55 34 43 18 88 76 93 32 77 30 59 18 17 43 74 76 75 8 51 13 89 99 13 97 35 35 95 36
33 22 87 18 59 10 80 32 16 57 16 46 89 27 47 73 15 90 44 70 76 96 69 67 85 34 54 62 60 4 56 80 21 52 80 28 98 4 21 64 11 72 82 71 69 59 41 95 98 37 14 61 62 85 56 7 25 75 61 57 1 61 17 79 50 13 57
46 98 99 11 97 13 97 85 74 33 70 2 33 91 67 92 88 63 39 8 96 76 10 74 91 31 49 72 74 56 15 49 32 97 7 3 40 23 92 42 68 42 5 61 19 81 82 34 4 90 22 29 87 71 36 85 43 65 7 54 60 7 49 78 59 42 7
15 24 36 29 20 36 35 2 52 80 80 97 19 96 95 63 22 23 1 3 73 2 31 13 63 26 100 87 46 3 94 13 35 7 73 1 45 3 28 70 41 64 64 9 44 65 47 88 28 41 18 40 4 95 1 74 71 84 22 54 78 15 92 68 25 2 52
10 55 1 50 50 37 81 6 100 29 47 21 27 59 32 6 96 96 27 28 94 17 69 94 52 86 88 16 48 12 79 19 14 15 37 8 12 48 61 69 63 78 21 5 70 63 13 74 65 22 5 7 77 14 41 58 2 34 53 62 97 63 34 50 79 73 24
86 30 86 24 82 78 47 39 68 11 56 23 93 25 38 82 11 63 75 17 24 40 37 83 3 20 47 86 43 59 29 81 81 71 34 83 63 38 47 62 85 4 25 96 63 70 23 14 58 53 49 5 28 19 69 94 22 91 68 76 64 56 70 73 100 2 9
41 98 53 75 58 48 7 28 49 76 42 43 100 47 81 59 36 32 37 84 5 16 83 1 40 5 20 74 31 95 29 68 27 31 80 15 35 26 75 23 96 25 100 80 45 51 16 92 99 30 12 27 44 23 100 92 33 84 50 99 68 63 83 1 89 100 96
71 39 61 28 7 73 58 16 7 96 56 91 75 6 74 74 94 49 29 47 55 35 83 94 26 32 15 64 68 70 39 20 31 97 80 86 79 39 53 45 12 74 93 36 5 28 10 73 100 25 30 90 7 55 45 48 55 14 35 68 3 67 80 59 70 35 84
1 77 47 52 29 7 70 6 85 46 25 52 36 51 27 68 99 4 21 75 60 41 79 55 27 72 71 9 35 22 57 87 57 39 69 54 87 87 89 48 96 70 50 68 42 33 76 61 8 34 84 36 58 22 98 20 69 45 95 80 15 65 76 48 70 6 72
92 87 70 71 50 3 13 43 92 53 23 39 41 15 93 25 56 18 60 84 49 90 96 42 72 87 36 76 36 56 58 76 52 50 26 67 24 64 18 71 82 12 49 86 50 87 44 7 91 100 100 88 43 50 1 9 62 83 23 16 97 63 75 62 93 74 76
97 58 73 30 23 97 11 94 29 42 19 52 59 90 80 74 39 44 10 42 12 17 55 69 97 61 72 45 34 24 76 31 62 85 57 97 14 18 58 92 25 80 41 89 61 32 14 2 5 42 92 2 94 1 67 36 59 64 93 87 87 55 56 53 66 17 72
71 81 91 41 65 98 45 16 27 20 89 79 23 93 5 21 64 88 74 35 70 13 20 71 58 70 57 95 56 53 40 42 72 19 23 68 22 83 20 4 42 100 62 25 62 19 43 90 53 85 57 87 40 83 59 19 54 63 94 87 78 9 92 23 91 14 79
27 55 57 41 65 13 54 82 94 31 72 14 49 29 66 97 71 34 66 85 43 7 61 27 14 5 61 84 3 58 75 25 55 80 67 52 23 89 62 69 4 62 16 86 24 19 34 7 47 59 62 80 53 81 88 11 34 45 75 41 70 99 4 84 2 96 70
74 70 91 91 12 25 39 54 69 98 89 22 89 28 9 82 74 88 15 93 26 61 28 27 61 8 51 57 8 5 93 98 10 30 36 34 90 39 34 67 25 58 41 46 77 36 30 11 39 55 15 48 53 17 69 31 94 37 82 81 78 49 9 86 37 92 19
43 43 84 70 71 54 54 80 85 99 49 23 72 93 92 91 80 95 12 99 76 32 42 99 85 1 96 37 46 45 42 3 57 76 39 60 25 2 5 14 71 77 89 76 30 66 38 56 10 20 37 7 25 9 69 79 96 49 100 25 100 36 1 15 72 20 36
32 29 63 91 55 97 29 30 92 60 65 93 93 13 24 96 33 47 7 4 3 35 19 20 4 69 90 90 92 13 67 23 6 92 40 28 15 11 35 94 33 7 75 29 88 22 96 13 73 89 86 57 49 46 38 71 96 92 65 23 70 92 37 96 50 94 82
96 13 21 65 51 45 91 59 10 63 64 87 56 70 1 80 78 73 96 58 83 71 38 63 54 25 12 47 67 87 90 79 7 70 53 57 88 93 75 93 4 11 20 46 45 93 7 43 9 29 78 32 31 90 94 100 98 100 66 40 28 94 9 6 73 42 98
74 73 29 24 97 11 92 62 12 16 62 8 99 32 44 7 66 11 97 10 98 2 41 5 89 23 35 54 76 38 57 66 73 58 25 17 36 28 74 53 53 85 81 12 18 54 77 24 71 95 91 18 63 48 98 38 93 44 26 70 19 79 11 25 41 43 41
3 85 17 57 14 1 88 78 62 86 82 61 92 8 43 90 87 78 83 92 97 12 99 67 73 38 70 3 100 26 76 20 69 64 75 44 88 17 38 65 83 62 62 64 32 43 95 100 97 68 83 79 73 70 13 49 22 17 84 71 11 68 21 27 84 42 63
80 44 84 65 5 2 55 65 89 23 63 7 78 95 4 60 50 10 20 20 82 81 53 30 85 61 40 26 46 84 26 75 6 41 86 19 87 56 80 31 14 34 88 15 68 42 2 90 3 81 37 78 24 92 85 10 90 83 73 87 17 80 40 37 71 28 32
26 47 21 33 64 45 25 63 75 2 37 58 49 36 14 65 21 60 32 97 98 29 65 28 49 96 60 17 71 58 81 61 64 77 80 22 69 99 11 95 88 63 85 77 77 18 61 5 71 89 92 86 29 20 86 91 70 26 49 68 39 54 27 37 27 89 57
64 12 92 69 89 40 89 2 10 82 53 64 52 94 1 97 59 38 13 14 80 95 72 83 49 60 50 22 57 25 46 85 58 98 76 62 71 97 70 7 18 69 85 90 34 8 2 18 68 95 97 46 39 49 50 1 97 90 71 12 40 49 34 36 77 27 10
79 35 9 15 28 75 8 89 97 35 44 21 29 45 31 64 30 74 38 96 88 55 16 49 66 6 70 23 21 7 32 52 99 69 42 88 70 67 4 83 65 4 86 70 14 31 14 74 41 87 52 2 64 47 60 48 11 100 14 70 97 46 43 32 95 19 74
4 73 22 26 49 67 17 62 85 31 45 72 59 12 38 30 75 60 9 37 71 97 60 52 50 24 6 26 15 91 95 71 69 88 82 8 76 99 44 83 86 9 88 5 18 98 85 91 13 44 90 67 91 32 89 36 97 100 69 43 5 74 36 76 69 40 33
84 19 80 51 84 76 22 35 9 24 80 46 41 30 97 13 67 85 81 16 38 25 4 5 24 5 17 7 85 81 93 39 52 40 55 65 2 52 82 6 76 49 61 68 63 63 3 15 83 95 100 67 74 71 18 90 63 93 87 35 73 33 86 42 14 69 23
74 34 27 41 1 70 37 70 60 93 32 21 10 32 37 68 25 81 91 31 10 86 11 41 8 66 40 31 96 97 8 77 63 20 30 94 65 48 68 59 89 47 80 84 93 58 97 89 6 5 61 74 67 52 44 26 79 7 40 81 100 65 23 1 75 84 16
73 53 36 25 35 87 89 37 32 65 10 97 25 19 47 77 20 4 53 8 47 22 16 83 32 31 46 22 98 83 35 92 55 65 91 94 67 14 3 81 12 44 30 27 25 99 56 86 44 46 13 23 63 47 2 14 83 8 68 83 32 21 59 81 88 46 70
65 10 23 17 49 80 89 96 13 36 14 58 25 35 92 52 16 63 54 83 93 43 99 91 48 61 19 29 28 95 87 28 63 13 29 11 61 97 72 50 56 52 21 34 50 84 54 94 45 55 6 32 100 95 48 7 35 58 69 30 33 73 20 52 83 79 77
46 24 67 78 2 19 33 43 13 33 60 56 91 76 6 27 33 70 28 12 72 30 62 85 33 80 25 62 96 59 73 69 100 100 65 2 90 76 60 28 70 38 3 35 63 74 9 69 23 57 74 90 78 86 30 85 53 40 32 100 78 25 46 7 30 35 44
80 88 65 69 21 64 12 28 70 62 10 75 13 84 67 36 27 45 62 81 77 92 70 41 6 84 18 43 19 49 62 27 100 67 31 23 29 5 88 24 17 73 58 13 66 82 93 58 81 98 88 21 27 33 83 49 25 29 82 64 59 76 1 79 91 99 18
75 16 48 54 54 49 42 92 50 100 99 83 61 55 87 94 14 69 8 41 88 84 97 93 100 13 86 59 7 92 52 78 68 47 33 18 55 13 55 93 7 12 1 68 69 58 66 13 17 62 60 28 65 51 68 67 100 25 1 30 24 24 62 94 3 77 16
40 38 65 90 77 96 61 99 70 85 84 85 85 42 95 91 82 92 42 22 19 71 69 24 24 50 82 97 24 4 58 65 68 20 46 61 64 16 3 88 59 14 35 62 82 24 47 8 25 63 18 7 70 74 47 42 74 80 74 89 26 86 2 68 65 61 71
46 74 27 18 46 96 72 94 79 48 92 30 8 67 67 82 99 80 33 22 57 68 15 88 38 29 21 18 93 52 60 64 59 66 79 19 68 25 46 82 86 98 30 48 65 38 47 19 11 73 23 87 88 42 30 89 8 65 6 9 24 37 89 34 7 2 9
45 26 77 100 73 62 13 44 2 72 87 9 51 49 13 12 93 67 56 10 84 96 33 61 4 93 12 98 60 66 48 84 61 48 6 39 15 87 81 37 55 69 49 5 56 90 99 29 20 42 53 10 97 96 43 65 29 85 20 40 6 43 68 90 30 38 82
3 34 72 26 63 59 80 82 60 14 43 100 22 12 13 66 63 25 5 97 51 70 62 31 10 45 48 72 39 40 52 30 47 100 63 72 35 3 78 92 6 55 78 93 30 6 92 47 72 79 48 76 78 79 37 59 78 59 84 99 68 43 30 62 60 32 35
14 92 30 49 76 82 85 69 15 54 33 76 64 83 48 19 60 31 94 7 45 52 79 91 56 1 20 25 42 9 23 97 53 26 80 31 82 37 24 86 81 45 21 75 45 49 30 8 32 82 57 14 81 85 78 38 28 57 78 71 85 67 11 23 25 27 90
74 10 22 98 99 74 52 91 82 29 96 39 74 82 94 100 88 42 33 74 95 63 9 18 53 97 82 82 86 34 1 23 48 83 34 17 11 9 43 26 10 17 92 98 72 96 24 49 4 30 27 30 63 49 56 2 8 68 73 64 58 88 16 71 4 75 40
32 21 11 45 71 81 25 12 40 56 35 15 26 17 27 76 22 10 41 87 60 82 7 68 96 11 99 61 19 6 12 85 76 31 36 42 64 69 89 37 44 49 31 72 50 37 2 55 71 37 1 13 8 9 78 72 98 50 14 19 50 1 43 49 88 8 80
76 7 64 65 91 2 35 48 86 34 19 15 21 4 38 55 39 96 36 96 93 98 41 18 64 72 23 68 59 56 80 38 12 27 72 96 69 82 34 89 42 81 35 10 33 33 83 72 92 66 90 67 14 73 54 99 53 21 83 6 44 45 79 48 73 17 80
12 7 65 30 60 15 95 73 46 60 79 30 52 90 89 53 9 60 6 55 81 76 66 41 99 75 65 1 12 4 60 23 95 86 42 39 3 2 4 33 45 77 73 77 2 42 66 84 35 95 29 78 23 77 66 77 5 1 70 74 3 12 4 55 14 90 50
77 63 27 1 3 73 2 91 19 64 46 56 27 37 58 18 54 91 24 42 84 5 5 60 59 65 55 22 43 57 10 4 25 56 69 37 15 87 88 90 47 48 94 47 74 66 61 94 79 15 72 45 68 63 84 78 14 78 53 85 3 99 79 96 29 65 65
61 54 30 1 1 55 3 66 23 33 24 93 89 84 68 73 51 54 67 1 80 32 25 16 89 67 38 73 62 2 48 42 79 18 64 45 4 66 49 96 97 60 97 46 9 63 54 100 68 82 20 69 66 38 91 9 94 51 84 70 87 89 59 53 98 52 71
67 87 40 38 51 8 27 94 87 80 11 16 49 97 9 51 68 81 86 68 90 21 20 74 93 98 32 95 5 47 57 21 84 51 29 61 81 57 90 43 93 1 88 36 7 33 37 68 21 16 34 80 7 17 48 96 4 99 9 52 99 20 75 68 24 75 57
79 63 7 85 92 11 81 86 92 87 68 56 39 57 39 32 23 64 94 100 89 40 7 26 97 58 72 36 53 86 52 76 56 28 14 33 72 34 42 61 5 24 19 64 48 15 95 38 97 56 89 52 83 8 17 25 36 64 51 82 3 78 13 74 60 4 66
100 9 90 54 38 63 43 33 15 31 40 75 35 1 3 69 65 56 29 69 13 39 86 37 7 36 50 6 36 27 37 8 4 37 50 61 71 26 27 18 76 15 16 15 74 8 50 95 45 41 58 79 25 19 54 67 18 50 55 91 76 29 32 83 43 21 58
86 49 53 85 79 27 41 2 63 5 26 97 89 18 94 96 80 67 20 20 77 71 34 92 69 47 77 88 27 35 37 3 65 93 9 49 78 35 77 66 44 79 67 35 69 54 19 14 76 10 26 95 25 74 60 94 55 62 48 23 73 42 20 9 10 21 63
38 10 14 3 81 93 76 10 13 46 79 75 25 53 54 56 80 5 46 24 76 41 3 62 13 12 78 24 75 46 51 53 100 60 27 59 95 95 76 41 2 29 60 11 85 9 67 100 31 32 61 69 88 100 84 35 95 32 70 51 10 76 65 83 37 46 50
32 95 41 59 46 35 85 85 23 53 19 49 48 63 55 3 32 54 11 15 23 61 49 30 30 30 80 49 99 10 43 79 99 46 67 69 50 31 78 89 31 98 67 33 97 16 80 6 66 43 34 42 85 26 8 17 73 22 19 50 15 38 24 22 92 83 25
51 13 35 65 90 75 95 22 81 11 55 78 23 40 59 78 8 82 63 80 9 75 14 59 47 80 27 55 40 91 83 76 79 30 15 32 55 79 61 23 58 25 64 10 86 17 49 21 21 46 3 66 61 26 11 87 22 82 77 30 71 68 98 23 30 3 30
62 32 54 19 27 92 13 54 70 11 40 70 62 57 13 99 61 81 60 57 92 18 41 77 41 40 74 51 18 45 66 97 28 86 65 34 64 80 13 62 13 95 44 49 38 19 19 99 85 26 38 3 48 47 53 43 70 20 23 42 90 62 92 23 36 31 96
77 12 80 70 80 51 84 78 55 67 85 3 70 26 30 68 74 38 85 77 42 32 29 5 76 78 55 25 5 49 28 87 61 27 86 32 55 29 8 82 100 44 91 47 4 97 50 18 69 55 40 83 39 96 5 73 69 66 26 77 66 63 89 26 38 7 21
15 63 18 77 48 31 78 7 29 55 37 54 35 29 5 88 69 85 35 34 58 73 51 13 27 83 31 43 24 35 66 76 74 33 50 53 20 40 19 2 66 60 14 95 25 66 39 1 76 21 78 86 50 82 8 51 65 27 4 64 46 53 59 9 98 89 54
43 61 60 97 44 9 85 61 3 10 35 86 52 43 82 17 8 23 67 21 75 9 59 58 9 8 31 55 7 15 6 85 6 25 63 56 1 20 86 69 32 35 96 52 79 52 93 70 99 38 2 55 51 84 95 2 23 14 54 65 90 53 89 59 16 14 28
79 74 53 11 58 12 96 54 88 83 81 34 87 9 75 3 53 46 86 42 99 25 52 10 13 78 80 65 88 28 85 76 98 25 42 27 9 89 8 17 26 37 15 76 43 1 2 63 99 56 78 1 49 86 34 62 36 23 64 83 81 82 49 34 57 88 17
94 97 62 9 36 39 71 42 15 75 23 71 46 93 13 30 27 73 64 87 14 12 9 76 18 37 62 36 3 41 57 46 33 62 6 53 100 14 91 54 73 50 67 57 23 44 13 76 1 90 94 60 43 36 20 61 35 21 8 28 59 85 62 3 52 37 51
17 77 79 92 43 91 92 77 17 39 75 16 57 59 12 60 57 69 41 4 63 58 24 68 30 17 29 98 30 50 13 40 29 2 47 73 72 40 93 49 68 81 51 51 85 96 16 98 98 83 77 77 98 98 62 46 30 2 97 56 73 16 46 33 4 23 69
100 42 42 34 56 39 10 46 8 71 96 36 24 26 18 3 83 82 60 19 90 72 77 22 30 10 97 88 2 12 93 77 100 57 13 94 56 85 26 54 48 33 36 39 2 71 81 23 3 38 71 36 33 16 47 15 11 62 66 84 71 39 40 15 69 21 94
45 54 77 4 7 96 57 84 14 16 11 21 54 47 91 16 16 21 13 23 65 23 48 83 5 80 94 63 4 35 46 49 56 75 6 61 15 38 64 27 83 94 15 58 55 61 33 70 91 52 64 58 7 54 94 35 20 49 5 39 11 58 75 97 22 21 53
84 36 100 82 82 29 16 39 55 30 83 64 66 22 4 57 11 85 60 94 62 91 83 20 83 13 62 93 83 100 14 14 37 6 32 7 20 60 10 54 13 32 59 84 96 96 39 68 51 91 61 77 1 45 68 38 52 33 71 16 10 76 20 9 26 35 24
34 2 49 53 90 11 88 27 28 71 29 99 25 86 26 9 11 76 31 37 13 10 3 77 68 71 96 93 41 61 81 27 69 16 63 71 93 98 38 29 37 31 98 78 75 95 37 57 32 34 31 75 87 60 71 69 41 81 35 100 36 26 15 24 14 5 94
74 28 33 99 100 56 6 10 51 51 35 17 87 47 80 20 48 85 14 26 65 94 17 30 20 36 50 18 1 78 69 67 16 19 13 65 80 62 77 65 6 9 1 32 16 66 46 66 38 87 25 35 54 61 7 12 55 6 97 45 73 73 34 65 39 2 13
15 69 74 27 24 50 57 66 100 61 67 83 69 76 92 53 46 89 8 42 73 84 29 42 36 20 46 13 100 29 4 78 30 39 43 86 77 73 87 5 13 100 67 67 90 41 22 29 84 20 72 99 2 3 11 65 72 58 15 49 13 60 38 96 76 22 24
78 11 10 79 71 5 15 86 3 81 95 47 30 84 65 29 17 45 24 7 24 11 63 98 36 39 83 4 26 60 18 10 20 3 49 32 56 94 16 43 15 92 81 60 36 26 6 86 21 49 75 60 44 59 15 56 94 6 2 54 73 3 27 29 84 63 90
67 91 8 49 68 18 33 95 41 2 39 25 61 62 83 96 99 32 32 27 13 4 75 65 92 76 35 45 81 33 58 18 24 84 49 25 51 53 43 77 53 56 22 37 68 17 49 16 40 62 25 37 32 97 96 8 10 20 34 37 34 19 20 99 95 17 3
16 93 15 91 19 82 39 59 86 60 49 74 73 86 86 74 22 83 71 52 11 87 28 20 65 91 24 74 82 91 7 29 34 62 29 68 61 34 91 10 84 61 51 14 24 27 29 31 91 64 3 84 6 88 65 91 22 93 77 75 32 14 21 68 83 94 2
66 91 98 99 48 11 62 67 22 10 37 23 57 82 84 72 30 41 29 34 25 5 20 9 35 59 78 25 3 3 32 7 37 81 54 20 20 7 61 36 41 49 77 7 27 1 19 71 89 44 50 16 78 36 84 66 67 97 92 95 30 98 17 36 26 19 98
85 55 48 56 19 79 47 31 62 57 18 81 59 53 28 7 63 48 9 37 56 6 52 80 16 57 40 34 4 40 6 81 71 92 10 48 67 73 86 99 75 12 71 49 46 11 51 11 34 49 47 98 76 88 22 85 48 1 97 96 88 47 28 41 22 47 65
45 25 50 72 36 75 31 95 13 36 46 22 91 30 69 6 25 82 38 45 41 18 93 5 58 83 48 51 32 93 16 85 19 24 38 51 16 29 34 89 23 54 70 70 67 94 42 73 76 17 79 83 30 34 41 64 11 14 98 25 35 12 8 75 49 57 22
25 33 46 17 23 8 20 20 65 39 39 82 38 16 86 95 7 89 10 98 75 78 60 85 16 10 16 38 5 16 4 17 41 68 78 57 28 59 73 99 65 31 89 80 20 76 48 31 41 10 64 95 68 24 90 90 70 40 81 38 44 41 4 99 63 21 48
73 36 78 14 35 41 87 7 37 3 62 20 94 89 69 92 9 41 49 100 56 17 31 54 49 61 5 86 4 3 79 53 98 75 27 98 85 80 2 29 32 39 8 10 52 39 97 27 90 56 53 5 87 36 1 64 22 23 71 69 65 57 16 32 7 77 48
38 100 20 57 68 93 76 27 49 1 27 76 80 8 11 44 82 84 87 95 39 89 93 98 30 77 69 58 98 88 2 79 37 60 80 24 40 20 66 95 61 66 5 44 64 70 33 61 30 38 81 41 18 59 73 81 72 61 31 50 2 73 11 96 92 41 92
23 40 98 54 96 91 66 5 22 39 33 13 85 74 73 76 54 81 19 58 89 52 99 19 60 73 7 30 49 87 44 8 29 33 50 54 14 43 82 79 86 68 96 45 96 57 5 47 4 81 1 12 90 85 37 90 72 78 13 84 17 97 68 92 4 58 48
79 36 12 88 60 99 20 71 88 46 88 47 50 77 14 13 62 92 80 15 18 25 58 55 98 23 23 6 92 30 64 9 74 87 83 22 26 10 10 47 30 55 58 70 26 82 11 12 38 3 65 100 56 80 97 82 26 20 88 77 40 40 7 92 13 95 63
16 74 88 55 90 95 83 56 11 93 47 49 65 31 2 27 20 13 13 82 81 26 36 73 97 80 90 14 1 10 92 21 96 85 87 15 15 71 21 90 96 24 52 43 81 33 39 79 67 3 24 78 88 84 31 17 74 9 51 54 89 35 42 45 16 85 16
25 43 10 34 27 19 3 64 18 15 37 32 88 26 68 97 88 16 54 40 81 49 1 89 6 15 98 84 50 28 52 2 25 44 100 90 60 32 67 73 2 3 97 1 83 75 55 36 25 88 55 28 52 21 17 46 50 87 38 60 73 6 45 95 96 65 26
25 100 13 98 81 34 57 2 76 11 61 31 32 40 40 70 4 8 50 66 91 16 22 59 76 77 24 4 93 30 30 70 78 56 40 30 53 58 66 76 48 81 81 46 98 58 21 17 74 14 61 3 44 66 15 32 13 15 49 52 17 86 76 17 27 55 49
77 65 27 65 36 48 57 37 67 62 15 21 11 14 96 1 3 77 72 42 95 54 62 10 31 11 37 50 48 82 18 2 37 52 1 34 36 13 62 52 70 8 14 11 68 74 38 18 20 49 15 87 15 53 87 30 28 31 59 44 77 28 57 29 89 100 79
98 62 11 73 51 55 8 40 72 100 4 75 53 25 41 83 15 60 96 13 61 47 92 71 31 18 17 71 82 96 47 70 60 28 18 29 45 98 17 80 98 87 25 8 73 37 85 35 65 63 13 89 15 8 95 97 90 82 36 20 11 68 86 54 32 52 77
55 46 95 12 63 92 74 94 89 74 94 33 7 94 22 62 55 33 11 25 38 17 80 47 54 26 32 97 86 43 81 34 70 26 86 89 24 39 39 4 29 48 11 57 9 96 2 75 6 18 8 56 34 17 22 8 10 34 96 75 30 60 30 7 15 18 99
