2662
195 45 145
195 45 146
195 45 147
195 45 148
195 45 149
195 45 150
195 45 151
195 45 152
195 45 153
195 45 154
195 45 155
195 46 145
195 46 146
195 46 147
195 46 148
195 46 149
195 46 150
195 46 151
195 46 152
195 46 153
195 46 154
195 46 155
195 47 145
195 47 146
195 47 147
195 47 148
195 47 149
195 47 150
195 47 151
195 47 152
195 47 153
195 47 154
195 47 155
195 48 145
195 48 146
195 48 147
195 48 148
195 48 149
195 48 150
195 48 151
195 48 152
195 48 153
195 48 154
195 48 155
195 49 145
195 49 146
195 49 147
195 49 148
195 49 149
195 49 150
195 49 151
195 49 152
195 49 153
195 49 154
195 49 155
195 50 145
195 50 146
195 50 147
195 50 148
195 50 149
195 50 150
195 50 151
195 50 152
195 50 153
195 50 154
195 50 155
195 51 145
195 51 146
195 51 147
195 51 148
195 51 149
195 51 150
195 51 151
195 51 152
195 51 153
195 51 154
195 51 155
195 52 145
195 52 146
195 52 147
195 52 148
195 52 149
195 52 150
195 52 151
195 52 152
195 52 153
195 52 154
195 52 155
195 53 145
195 53 146
195 53 147
195 53 148
195 53 149
195 53 150
195 53 151
195 53 152
195 53 153
195 53 154
195 53 155
195 54 145
195 54 146
195 54 147
195 54 148
195 54 149
195 54 150
195 54 151
195 54 152
195 54 153
195 54 154
195 54 155
195 55 145
195 55 146
195 55 147
195 55 148
195 55 149
195 55 150
195 55 151
195 55 152
195 55 153
195 55 154
195 55 155
196 45 145
196 45 146
196 45 147
196 45 148
196 45 149
196 45 150
196 45 151
196 45 152
196 45 153
196 45 154
196 45 155
196 46 145
196 46 146
196 46 147
196 46 148
196 46 149
196 46 150
196 46 151
196 46 152
196 46 153
196 46 154
196 46 155
196 47 145
196 47 146
196 47 147
196 47 148
196 47 149
196 47 150
196 47 151
196 47 152
196 47 153
196 47 154
196 47 155
196 48 145
196 48 146
196 48 147
196 48 148
196 48 149
196 48 150
196 48 151
196 48 152
196 48 153
196 48 154
196 48 155
196 49 145
196 49 146
196 49 147
196 49 148
196 49 149
196 49 150
196 49 151
196 49 152
196 49 153
196 49 154
196 49 155
196 50 145
196 50 146
196 50 147
196 50 148
196 50 149
196 50 150
196 50 151
196 50 152
196 50 153
196 50 154
196 50 155
196 51 145
196 51 146
196 51 147
196 51 148
196 51 149
196 51 150
196 51 151
196 51 152
196 51 153
196 51 154
196 51 155
196 52 145
196 52 146
196 52 147
196 52 148
196 52 149
196 52 150
196 52 151
196 52 152
196 52 153
196 52 154
196 52 155
196 53 145
196 53 146
196 53 147
196 53 148
196 53 149
196 53 150
196 53 151
196 53 152
196 53 153
196 53 154
196 53 155
196 54 145
196 54 146
196 54 147
196 54 148
196 54 149
196 54 150
196 54 151
196 54 152
196 54 153
196 54 154
196 54 155
196 55 145
196 55 146
196 55 147
196 55 148
196 55 149
196 55 150
196 55 151
196 55 152
196 55 153
196 55 154
196 55 155
197 45 145
197 45 146
197 45 147
197 45 148
197 45 149
197 45 150
197 45 151
197 45 152
197 45 153
197 45 154
197 45 155
197 46 145
197 46 146
197 46 147
197 46 148
197 46 149
197 46 150
197 46 151
197 46 152
197 46 153
197 46 154
197 46 155
197 47 145
197 47 146
197 47 147
197 47 148
197 47 149
197 47 150
197 47 151
197 47 152
197 47 153
197 47 154
197 47 155
197 48 145
197 48 146
197 48 147
197 48 148
197 48 149
197 48 150
197 48 151
197 48 152
197 48 153
197 48 154
197 48 155
197 49 145
197 49 146
197 49 147
197 49 148
197 49 149
197 49 150
197 49 151
197 49 152
197 49 153
197 49 154
197 49 155
197 50 145
197 50 146
197 50 147
197 50 148
197 50 149
197 50 150
197 50 151
197 50 152
197 50 153
197 50 154
197 50 155
197 51 145
197 51 146
197 51 147
197 51 148
197 51 149
197 51 150
197 51 151
197 51 152
197 51 153
197 51 154
197 51 155
197 52 145
197 52 146
197 52 147
197 52 148
197 52 149
197 52 150
197 52 151
197 52 152
197 52 153
197 52 154
197 52 155
197 53 145
197 53 146
197 53 147
197 53 148
197 53 149
197 53 150
197 53 151
197 53 152
197 53 153
197 53 154
197 53 155
197 54 145
197 54 146
197 54 147
197 54 148
197 54 149
197 54 150
197 54 151
197 54 152
197 54 153
197 54 154
197 54 155
197 55 145
197 55 146
197 55 147
197 55 148
197 55 149
197 55 150
197 55 151
197 55 152
197 55 153
197 55 154
197 55 155
198 45 145
198 45 146
198 45 147
198 45 148
198 45 149
198 45 150
198 45 151
198 45 152
198 45 153
198 45 154
198 45 155
198 46 145
198 46 146
198 46 147
198 46 148
198 46 149
198 46 150
198 46 151
198 46 152
198 46 153
198 46 154
198 46 155
198 47 145
198 47 146
198 47 147
198 47 148
198 47 149
198 47 150
198 47 151
198 47 152
198 47 153
198 47 154
198 47 155
198 48 145
198 48 146
198 48 147
198 48 148
198 48 149
198 48 150
198 48 151
198 48 152
198 48 153
198 48 154
198 48 155
198 49 145
198 49 146
198 49 147
198 49 148
198 49 149
198 49 150
198 49 151
198 49 152
198 49 153
198 49 154
198 49 155
198 50 145
198 50 146
198 50 147
198 50 148
198 50 149
198 50 150
198 50 151
198 50 152
198 50 153
198 50 154
198 50 155
198 51 145
198 51 146
198 51 147
198 51 148
198 51 149
198 51 150
198 51 151
198 51 152
198 51 153
198 51 154
198 51 155
198 52 145
198 52 146
198 52 147
198 52 148
198 52 149
198 52 150
198 52 151
198 52 152
198 52 153
198 52 154
198 52 155
198 53 145
198 53 146
198 53 147
198 53 148
198 53 149
198 53 150
198 53 151
198 53 152
198 53 153
198 53 154
198 53 155
198 54 145
198 54 146
198 54 147
198 54 148
198 54 149
198 54 150
198 54 151
198 54 152
198 54 153
198 54 154
198 54 155
198 55 145
198 55 146
198 55 147
198 55 148
198 55 149
198 55 150
198 55 151
198 55 152
198 55 153
198 55 154
198 55 155
199 45 145
199 45 146
199 45 147
199 45 148
199 45 149
199 45 150
199 45 151
199 45 152
199 45 153
199 45 154
199 45 155
199 46 145
199 46 146
199 46 147
199 46 148
199 46 149
199 46 150
199 46 151
199 46 152
199 46 153
199 46 154
199 46 155
199 47 145
199 47 146
199 47 147
199 47 148
199 47 149
199 47 150
199 47 151
199 47 152
199 47 153
199 47 154
199 47 155
199 48 145
199 48 146
199 48 147
199 48 148
199 48 149
199 48 150
199 48 151
199 48 152
199 48 153
199 48 154
199 48 155
199 49 145
199 49 146
199 49 147
199 49 148
199 49 149
199 49 150
199 49 151
199 49 152
199 49 153
199 49 154
199 49 155
199 50 145
199 50 146
199 50 147
199 50 148
199 50 149
199 50 150
199 50 151
199 50 152
199 50 153
199 50 154
199 50 155
199 51 145
199 51 146
199 51 147
199 51 148
199 51 149
199 51 150
199 51 151
199 51 152
199 51 153
199 51 154
199 51 155
199 52 145
199 52 146
199 52 147
199 52 148
199 52 149
199 52 150
199 52 151
199 52 152
199 52 153
199 52 154
199 52 155
199 53 145
199 53 146
199 53 147
199 53 148
199 53 149
199 53 150
199 53 151
199 53 152
199 53 153
199 53 154
199 53 155
199 54 145
199 54 146
199 54 147
199 54 148
199 54 149
199 54 150
199 54 151
199 54 152
199 54 153
199 54 154
199 54 155
199 55 145
199 55 146
199 55 147
199 55 148
199 55 149
199 55 150
199 55 151
199 55 152
199 55 153
199 55 154
199 55 155
200 45 145
200 45 146
200 45 147
200 45 148
200 45 149
200 45 150
200 45 151
200 45 152
200 45 153
200 45 154
200 45 155
200 46 145
200 46 146
200 46 147
200 46 148
200 46 149
200 46 150
200 46 151
200 46 152
200 46 153
200 46 154
200 46 155
200 47 145
200 47 146
200 47 147
200 47 148
200 47 149
200 47 150
200 47 151
200 47 152
200 47 153
200 47 154
200 47 155
200 48 145
200 48 146
200 48 147
200 48 148
200 48 149
200 48 150
200 48 151
200 48 152
200 48 153
200 48 154
200 48 155
200 49 145
200 49 146
200 49 147
200 49 148
200 49 149
200 49 150
200 49 151
200 49 152
200 49 153
200 49 154
200 49 155
200 50 145
200 50 146
200 50 147
200 50 148
200 50 149
200 50 150
200 50 151
200 50 152
200 50 153
200 50 154
200 50 155
200 51 145
200 51 146
200 51 147
200 51 148
200 51 149
200 51 150
200 51 151
200 51 152
200 51 153
200 51 154
200 51 155
200 52 145
200 52 146
200 52 147
200 52 148
200 52 149
200 52 150
200 52 151
200 52 152
200 52 153
200 52 154
200 52 155
200 53 145
200 53 146
200 53 147
200 53 148
200 53 149
200 53 150
200 53 151
200 53 152
200 53 153
200 53 154
200 53 155
200 54 145
200 54 146
200 54 147
200 54 148
200 54 149
200 54 150
200 54 151
200 54 152
200 54 153
200 54 154
200 54 155
200 55 145
200 55 146
200 55 147
200 55 148
200 55 149
200 55 150
200 55 151
200 55 152
200 55 153
200 55 154
200 55 155
201 45 145
201 45 146
201 45 147
201 45 148
201 45 149
201 45 150
201 45 151
201 45 152
201 45 153
201 45 154
201 45 155
201 46 145
201 46 146
201 46 147
201 46 148
201 46 149
201 46 150
201 46 151
201 46 152
201 46 153
201 46 154
201 46 155
201 47 145
201 47 146
201 47 147
201 47 148
201 47 149
201 47 150
201 47 151
201 47 152
201 47 153
201 47 154
201 47 155
201 48 145
201 48 146
201 48 147
201 48 148
201 48 149
201 48 150
201 48 151
201 48 152
201 48 153
201 48 154
201 48 155
201 49 145
201 49 146
201 49 147
201 49 148
201 49 149
201 49 150
201 49 151
201 49 152
201 49 153
201 49 154
201 49 155
201 50 145
201 50 146
201 50 147
201 50 148
201 50 149
201 50 150
201 50 151
201 50 152
201 50 153
201 50 154
201 50 155
201 51 145
201 51 146
201 51 147
201 51 148
201 51 149
201 51 150
201 51 151
201 51 152
201 51 153
201 51 154
201 51 155
201 52 145
201 52 146
201 52 147
201 52 148
201 52 149
201 52 150
201 52 151
201 52 152
201 52 153
201 52 154
201 52 155
201 53 145
201 53 146
201 53 147
201 53 148
201 53 149
201 53 150
201 53 151
201 53 152
201 53 153
201 53 154
201 53 155
201 54 145
201 54 146
201 54 147
201 54 148
201 54 149
201 54 150
201 54 151
201 54 152
201 54 153
201 54 154
201 54 155
201 55 145
201 55 146
201 55 147
201 55 148
201 55 149
201 55 150
201 55 151
201 55 152
201 55 153
201 55 154
201 55 155
202 45 145
202 45 146
202 45 147
202 45 148
202 45 149
202 45 150
202 45 151
202 45 152
202 45 153
202 45 154
202 45 155
202 46 145
202 46 146
202 46 147
202 46 148
202 46 149
202 46 150
202 46 151
202 46 152
202 46 153
202 46 154
202 46 155
202 47 145
202 47 146
202 47 147
202 47 148
202 47 149
202 47 150
202 47 151
202 47 152
202 47 153
202 47 154
202 47 155
202 48 145
202 48 146
202 48 147
202 48 148
202 48 149
202 48 150
202 48 151
202 48 152
202 48 153
202 48 154
202 48 155
202 49 145
202 49 146
202 49 147
202 49 148
202 49 149
202 49 150
202 49 151
202 49 152
202 49 153
202 49 154
202 49 155
202 50 145
202 50 146
202 50 147
202 50 148
202 50 149
202 50 150
202 50 151
202 50 152
202 50 153
202 50 154
202 50 155
202 51 145
202 51 146
202 51 147
202 51 148
202 51 149
202 51 150
202 51 151
202 51 152
202 51 153
202 51 154
202 51 155
202 52 145
202 52 146
202 52 147
202 52 148
202 52 149
202 52 150
202 52 151
202 52 152
202 52 153
202 52 154
202 52 155
202 53 145
202 53 146
202 53 147
202 53 148
202 53 149
202 53 150
202 53 151
202 53 152
202 53 153
202 53 154
202 53 155
202 54 145
202 54 146
202 54 147
202 54 148
202 54 149
202 54 150
202 54 151
202 54 152
202 54 153
202 54 154
202 54 155
202 55 145
202 55 146
202 55 147
202 55 148
202 55 149
202 55 150
202 55 151
202 55 152
202 55 153
202 55 154
202 55 155
203 45 145
203 45 146
203 45 147
203 45 148
203 45 149
203 45 150
203 45 151
203 45 152
203 45 153
203 45 154
203 45 155
203 46 145
203 46 146
203 46 147
203 46 148
203 46 149
203 46 150
203 46 151
203 46 152
203 46 153
203 46 154
203 46 155
203 47 145
203 47 146
203 47 147
203 47 148
203 47 149
203 47 150
203 47 151
203 47 152
203 47 153
203 47 154
203 47 155
203 48 145
203 48 146
203 48 147
203 48 148
203 48 149
203 48 150
203 48 151
203 48 152
203 48 153
203 48 154
203 48 155
203 49 145
203 49 146
203 49 147
203 49 148
203 49 149
203 49 150
203 49 151
203 49 152
203 49 153
203 49 154
203 49 155
203 50 145
203 50 146
203 50 147
203 50 148
203 50 149
203 50 150
203 50 151
203 50 152
203 50 153
203 50 154
203 50 155
203 51 145
203 51 146
203 51 147
203 51 148
203 51 149
203 51 150
203 51 151
203 51 152
203 51 153
203 51 154
203 51 155
203 52 145
203 52 146
203 52 147
203 52 148
203 52 149
203 52 150
203 52 151
203 52 152
203 52 153
203 52 154
203 52 155
203 53 145
203 53 146
203 53 147
203 53 148
203 53 149
203 53 150
203 53 151
203 53 152
203 53 153
203 53 154
203 53 155
203 54 145
203 54 146
203 54 147
203 54 148
203 54 149
203 54 150
203 54 151
203 54 152
203 54 153
203 54 154
203 54 155
203 55 145
203 55 146
203 55 147
203 55 148
203 55 149
203 55 150
203 55 151
203 55 152
203 55 153
203 55 154
203 55 155
204 45 145
204 45 146
204 45 147
204 45 148
204 45 149
204 45 150
204 45 151
204 45 152
204 45 153
204 45 154
204 45 155
204 46 145
204 46 146
204 46 147
204 46 148
204 46 149
204 46 150
204 46 151
204 46 152
204 46 153
204 46 154
204 46 155
204 47 145
204 47 146
204 47 147
204 47 148
204 47 149
204 47 150
204 47 151
204 47 152
204 47 153
204 47 154
204 47 155
204 48 145
204 48 146
204 48 147
204 48 148
204 48 149
204 48 150
204 48 151
204 48 152
204 48 153
204 48 154
204 48 155
204 49 145
204 49 146
204 49 147
204 49 148
204 49 149
204 49 150
204 49 151
204 49 152
204 49 153
204 49 154
204 49 155
204 50 145
204 50 146
204 50 147
204 50 148
204 50 149
204 50 150
204 50 151
204 50 152
204 50 153
204 50 154
204 50 155
204 51 145
204 51 146
204 51 147
204 51 148
204 51 149
204 51 150
204 51 151
204 51 152
204 51 153
204 51 154
204 51 155
204 52 145
204 52 146
204 52 147
204 52 148
204 52 149
204 52 150
204 52 151
204 52 152
204 52 153
204 52 154
204 52 155
204 53 145
204 53 146
204 53 147
204 53 148
204 53 149
204 53 150
204 53 151
204 53 152
204 53 153
204 53 154
204 53 155
204 54 145
204 54 146
204 54 147
204 54 148
204 54 149
204 54 150
204 54 151
204 54 152
204 54 153
204 54 154
204 54 155
204 55 145
204 55 146
204 55 147
204 55 148
204 55 149
204 55 150
204 55 151
204 55 152
204 55 153
204 55 154
204 55 155
205 45 145
205 45 146
205 45 147
205 45 148
205 45 149
205 45 150
205 45 151
205 45 152
205 45 153
205 45 154
205 45 155
205 46 145
205 46 146
205 46 147
205 46 148
205 46 149
205 46 150
205 46 151
205 46 152
205 46 153
205 46 154
205 46 155
205 47 145
205 47 146
205 47 147
205 47 148
205 47 149
205 47 150
205 47 151
205 47 152
205 47 153
205 47 154
205 47 155
205 48 145
205 48 146
205 48 147
205 48 148
205 48 149
205 48 150
205 48 151
205 48 152
205 48 153
205 48 154
205 48 155
205 49 145
205 49 146
205 49 147
205 49 148
205 49 149
205 49 150
205 49 151
205 49 152
205 49 153
205 49 154
205 49 155
205 50 145
205 50 146
205 50 147
205 50 148
205 50 149
205 50 150
205 50 151
205 50 152
205 50 153
205 50 154
205 50 155
205 51 145
205 51 146
205 51 147
205 51 148
205 51 149
205 51 150
205 51 151
205 51 152
205 51 153
205 51 154
205 51 155
205 52 145
205 52 146
205 52 147
205 52 148
205 52 149
205 52 150
205 52 151
205 52 152
205 52 153
205 52 154
205 52 155
205 53 145
205 53 146
205 53 147
205 53 148
205 53 149
205 53 150
205 53 151
205 53 152
205 53 153
205 53 154
205 53 155
205 54 145
205 54 146
205 54 147
205 54 148
205 54 149
205 54 150
205 54 151
205 54 152
205 54 153
205 54 154
205 54 155
205 55 145
205 55 146
205 55 147
205 55 148
205 55 149
205 55 150
205 55 151
205 55 152
205 55 153
205 55 154
205 55 155
295 45 145
295 45 146
295 45 147
295 45 148
295 45 149
295 45 150
295 45 151
295 45 152
295 45 153
295 45 154
295 45 155
295 46 145
295 46 146
295 46 147
295 46 148
295 46 149
295 46 150
295 46 151
295 46 152
295 46 153
295 46 154
295 46 155
295 47 145
295 47 146
295 47 147
295 47 148
295 47 149
295 47 150
295 47 151
295 47 152
295 47 153
295 47 154
295 47 155
295 48 145
295 48 146
295 48 147
295 48 148
295 48 149
295 48 150
295 48 151
295 48 152
295 48 153
295 48 154
295 48 155
295 49 145
295 49 146
295 49 147
295 49 148
295 49 149
295 49 150
295 49 151
295 49 152
295 49 153
295 49 154
295 49 155
295 50 145
295 50 146
295 50 147
295 50 148
295 50 149
295 50 150
295 50 151
295 50 152
295 50 153
295 50 154
295 50 155
295 51 145
295 51 146
295 51 147
295 51 148
295 51 149
295 51 150
295 51 151
295 51 152
295 51 153
295 51 154
295 51 155
295 52 145
295 52 146
295 52 147
295 52 148
295 52 149
295 52 150
295 52 151
295 52 152
295 52 153
295 52 154
295 52 155
295 53 145
295 53 146
295 53 147
295 53 148
295 53 149
295 53 150
295 53 151
295 53 152
295 53 153
295 53 154
295 53 155
295 54 145
295 54 146
295 54 147
295 54 148
295 54 149
295 54 150
295 54 151
295 54 152
295 54 153
295 54 154
295 54 155
295 55 145
295 55 146
295 55 147
295 55 148
295 55 149
295 55 150
295 55 151
295 55 152
295 55 153
295 55 154
295 55 155
296 45 145
296 45 146
296 45 147
296 45 148
296 45 149
296 45 150
296 45 151
296 45 152
296 45 153
296 45 154
296 45 155
296 46 145
296 46 146
296 46 147
296 46 148
296 46 149
296 46 150
296 46 151
296 46 152
296 46 153
296 46 154
296 46 155
296 47 145
296 47 146
296 47 147
296 47 148
296 47 149
296 47 150
296 47 151
296 47 152
296 47 153
296 47 154
296 47 155
296 48 145
296 48 146
296 48 147
296 48 148
296 48 149
296 48 150
296 48 151
296 48 152
296 48 153
296 48 154
296 48 155
296 49 145
296 49 146
296 49 147
296 49 148
296 49 149
296 49 150
296 49 151
296 49 152
296 49 153
296 49 154
296 49 155
296 50 145
296 50 146
296 50 147
296 50 148
296 50 149
296 50 150
296 50 151
296 50 152
296 50 153
296 50 154
296 50 155
296 51 145
296 51 146
296 51 147
296 51 148
296 51 149
296 51 150
296 51 151
296 51 152
296 51 153
296 51 154
296 51 155
296 52 145
296 52 146
296 52 147
296 52 148
296 52 149
296 52 150
296 52 151
296 52 152
296 52 153
296 52 154
296 52 155
296 53 145
296 53 146
296 53 147
296 53 148
296 53 149
296 53 150
296 53 151
296 53 152
296 53 153
296 53 154
296 53 155
296 54 145
296 54 146
296 54 147
296 54 148
296 54 149
296 54 150
296 54 151
296 54 152
296 54 153
296 54 154
296 54 155
296 55 145
296 55 146
296 55 147
296 55 148
296 55 149
296 55 150
296 55 151
296 55 152
296 55 153
296 55 154
296 55 155
297 45 145
297 45 146
297 45 147
297 45 148
297 45 149
297 45 150
297 45 151
297 45 152
297 45 153
297 45 154
297 45 155
297 46 145
297 46 146
297 46 147
297 46 148
297 46 149
297 46 150
297 46 151
297 46 152
297 46 153
297 46 154
297 46 155
297 47 145
297 47 146
297 47 147
297 47 148
297 47 149
297 47 150
297 47 151
297 47 152
297 47 153
297 47 154
297 47 155
297 48 145
297 48 146
297 48 147
297 48 148
297 48 149
297 48 150
297 48 151
297 48 152
297 48 153
297 48 154
297 48 155
297 49 145
297 49 146
297 49 147
297 49 148
297 49 149
297 49 150
297 49 151
297 49 152
297 49 153
297 49 154
297 49 155
297 50 145
297 50 146
297 50 147
297 50 148
297 50 149
297 50 150
297 50 151
297 50 152
297 50 153
297 50 154
297 50 155
297 51 145
297 51 146
297 51 147
297 51 148
297 51 149
297 51 150
297 51 151
297 51 152
297 51 153
297 51 154
297 51 155
297 52 145
297 52 146
297 52 147
297 52 148
297 52 149
297 52 150
297 52 151
297 52 152
297 52 153
297 52 154
297 52 155
297 53 145
297 53 146
297 53 147
297 53 148
297 53 149
297 53 150
297 53 151
297 53 152
297 53 153
297 53 154
297 53 155
297 54 145
297 54 146
297 54 147
297 54 148
297 54 149
297 54 150
297 54 151
297 54 152
297 54 153
297 54 154
297 54 155
297 55 145
297 55 146
297 55 147
297 55 148
297 55 149
297 55 150
297 55 151
297 55 152
297 55 153
297 55 154
297 55 155
298 45 145
298 45 146
298 45 147
298 45 148
298 45 149
298 45 150
298 45 151
298 45 152
298 45 153
298 45 154
298 45 155
298 46 145
298 46 146
298 46 147
298 46 148
298 46 149
298 46 150
298 46 151
298 46 152
298 46 153
298 46 154
298 46 155
298 47 145
298 47 146
298 47 147
298 47 148
298 47 149
298 47 150
298 47 151
298 47 152
298 47 153
298 47 154
298 47 155
298 48 145
298 48 146
298 48 147
298 48 148
298 48 149
298 48 150
298 48 151
298 48 152
298 48 153
298 48 154
298 48 155
298 49 145
298 49 146
298 49 147
298 49 148
298 49 149
298 49 150
298 49 151
298 49 152
298 49 153
298 49 154
298 49 155
298 50 145
298 50 146
298 50 147
298 50 148
298 50 149
298 50 150
298 50 151
298 50 152
298 50 153
298 50 154
298 50 155
298 51 145
298 51 146
298 51 147
298 51 148
298 51 149
298 51 150
298 51 151
298 51 152
298 51 153
298 51 154
298 51 155
298 52 145
298 52 146
298 52 147
298 52 148
298 52 149
298 52 150
298 52 151
298 52 152
298 52 153
298 52 154
298 52 155
298 53 145
298 53 146
298 53 147
298 53 148
298 53 149
298 53 150
298 53 151
298 53 152
298 53 153
298 53 154
298 53 155
298 54 145
298 54 146
298 54 147
298 54 148
298 54 149
298 54 150
298 54 151
298 54 152
298 54 153
298 54 154
298 54 155
298 55 145
298 55 146
298 55 147
298 55 148
298 55 149
298 55 150
298 55 151
298 55 152
298 55 153
298 55 154
298 55 155
299 45 145
299 45 146
299 45 147
299 45 148
299 45 149
299 45 150
299 45 151
299 45 152
299 45 153
299 45 154
299 45 155
299 46 145
299 46 146
299 46 147
299 46 148
299 46 149
299 46 150
299 46 151
299 46 152
299 46 153
299 46 154
299 46 155
299 47 145
299 47 146
299 47 147
299 47 148
299 47 149
299 47 150
299 47 151
299 47 152
299 47 153
299 47 154
299 47 155
299 48 145
299 48 146
299 48 147
299 48 148
299 48 149
299 48 150
299 48 151
299 48 152
299 48 153
299 48 154
299 48 155
299 49 145
299 49 146
299 49 147
299 49 148
299 49 149
299 49 150
299 49 151
299 49 152
299 49 153
299 49 154
299 49 155
299 50 145
299 50 146
299 50 147
299 50 148
299 50 149
299 50 150
299 50 151
299 50 152
299 50 153
299 50 154
299 50 155
299 51 145
299 51 146
299 51 147
299 51 148
299 51 149
299 51 150
299 51 151
299 51 152
299 51 153
299 51 154
299 51 155
299 52 145
299 52 146
299 52 147
299 52 148
299 52 149
299 52 150
299 52 151
299 52 152
299 52 153
299 52 154
299 52 155
299 53 145
299 53 146
299 53 147
299 53 148
299 53 149
299 53 150
299 53 151
299 53 152
299 53 153
299 53 154
299 53 155
299 54 145
299 54 146
299 54 147
299 54 148
299 54 149
299 54 150
299 54 151
299 54 152
299 54 153
299 54 154
299 54 155
299 55 145
299 55 146
299 55 147
299 55 148
299 55 149
299 55 150
299 55 151
299 55 152
299 55 153
299 55 154
299 55 155
300 45 145
300 45 146
300 45 147
300 45 148
300 45 149
300 45 150
300 45 151
300 45 152
300 45 153
300 45 154
300 45 155
300 46 145
300 46 146
300 46 147
300 46 148
300 46 149
300 46 150
300 46 151
300 46 152
300 46 153
300 46 154
300 46 155
300 47 145
300 47 146
300 47 147
300 47 148
300 47 149
300 47 150
300 47 151
300 47 152
300 47 153
300 47 154
300 47 155
300 48 145
300 48 146
300 48 147
300 48 148
300 48 149
300 48 150
300 48 151
300 48 152
300 48 153
300 48 154
300 48 155
300 49 145
300 49 146
300 49 147
300 49 148
300 49 149
300 49 150
300 49 151
300 49 152
300 49 153
300 49 154
300 49 155
300 50 145
300 50 146
300 50 147
300 50 148
300 50 149
300 50 150
300 50 151
300 50 152
300 50 153
300 50 154
300 50 155
300 51 145
300 51 146
300 51 147
300 51 148
300 51 149
300 51 150
300 51 151
300 51 152
300 51 153
300 51 154
300 51 155
300 52 145
300 52 146
300 52 147
300 52 148
300 52 149
300 52 150
300 52 151
300 52 152
300 52 153
300 52 154
300 52 155
300 53 145
300 53 146
300 53 147
300 53 148
300 53 149
300 53 150
300 53 151
300 53 152
300 53 153
300 53 154
300 53 155
300 54 145
300 54 146
300 54 147
300 54 148
300 54 149
300 54 150
300 54 151
300 54 152
300 54 153
300 54 154
300 54 155
300 55 145
300 55 146
300 55 147
300 55 148
300 55 149
300 55 150
300 55 151
300 55 152
300 55 153
300 55 154
300 55 155
301 45 145
301 45 146
301 45 147
301 45 148
301 45 149
301 45 150
301 45 151
301 45 152
301 45 153
301 45 154
301 45 155
301 46 145
301 46 146
301 46 147
301 46 148
301 46 149
301 46 150
301 46 151
301 46 152
301 46 153
301 46 154
301 46 155
301 47 145
301 47 146
301 47 147
301 47 148
301 47 149
301 47 150
301 47 151
301 47 152
301 47 153
301 47 154
301 47 155
301 48 145
301 48 146
301 48 147
301 48 148
301 48 149
301 48 150
301 48 151
301 48 152
301 48 153
301 48 154
301 48 155
301 49 145
301 49 146
301 49 147
301 49 148
301 49 149
301 49 150
301 49 151
301 49 152
301 49 153
301 49 154
301 49 155
301 50 145
301 50 146
301 50 147
301 50 148
301 50 149
301 50 150
301 50 151
301 50 152
301 50 153
301 50 154
301 50 155
301 51 145
301 51 146
301 51 147
301 51 148
301 51 149
301 51 150
301 51 151
301 51 152
301 51 153
301 51 154
301 51 155
301 52 145
301 52 146
301 52 147
301 52 148
301 52 149
301 52 150
301 52 151
301 52 152
301 52 153
301 52 154
301 52 155
301 53 145
301 53 146
301 53 147
301 53 148
301 53 149
301 53 150
301 53 151
301 53 152
301 53 153
301 53 154
301 53 155
301 54 145
301 54 146
301 54 147
301 54 148
301 54 149
301 54 150
301 54 151
301 54 152
301 54 153
301 54 154
301 54 155
301 55 145
301 55 146
301 55 147
301 55 148
301 55 149
301 55 150
301 55 151
301 55 152
301 55 153
301 55 154
301 55 155
302 45 145
302 45 146
302 45 147
302 45 148
302 45 149
302 45 150
302 45 151
302 45 152
302 45 153
302 45 154
302 45 155
302 46 145
302 46 146
302 46 147
302 46 148
302 46 149
302 46 150
302 46 151
302 46 152
302 46 153
302 46 154
302 46 155
302 47 145
302 47 146
302 47 147
302 47 148
302 47 149
302 47 150
302 47 151
302 47 152
302 47 153
302 47 154
302 47 155
302 48 145
302 48 146
302 48 147
302 48 148
302 48 149
302 48 150
302 48 151
302 48 152
302 48 153
302 48 154
302 48 155
302 49 145
302 49 146
302 49 147
302 49 148
302 49 149
302 49 150
302 49 151
302 49 152
302 49 153
302 49 154
302 49 155
302 50 145
302 50 146
302 50 147
302 50 148
302 50 149
302 50 150
302 50 151
302 50 152
302 50 153
302 50 154
302 50 155
302 51 145
302 51 146
302 51 147
302 51 148
302 51 149
302 51 150
302 51 151
302 51 152
302 51 153
302 51 154
302 51 155
302 52 145
302 52 146
302 52 147
302 52 148
302 52 149
302 52 150
302 52 151
302 52 152
302 52 153
302 52 154
302 52 155
302 53 145
302 53 146
302 53 147
302 53 148
302 53 149
302 53 150
302 53 151
302 53 152
302 53 153
302 53 154
302 53 155
302 54 145
302 54 146
302 54 147
302 54 148
302 54 149
302 54 150
302 54 151
302 54 152
302 54 153
302 54 154
302 54 155
302 55 145
302 55 146
302 55 147
302 55 148
302 55 149
302 55 150
302 55 151
302 55 152
302 55 153
302 55 154
302 55 155
303 45 145
303 45 146
303 45 147
303 45 148
303 45 149
303 45 150
303 45 151
303 45 152
303 45 153
303 45 154
303 45 155
303 46 145
303 46 146
303 46 147
303 46 148
303 46 149
303 46 150
303 46 151
303 46 152
303 46 153
303 46 154
303 46 155
303 47 145
303 47 146
303 47 147
303 47 148
303 47 149
303 47 150
303 47 151
303 47 152
303 47 153
303 47 154
303 47 155
303 48 145
303 48 146
303 48 147
303 48 148
303 48 149
303 48 150
303 48 151
303 48 152
303 48 153
303 48 154
303 48 155
303 49 145
303 49 146
303 49 147
303 49 148
303 49 149
303 49 150
303 49 151
303 49 152
303 49 153
303 49 154
303 49 155
303 50 145
303 50 146
303 50 147
303 50 148
303 50 149
303 50 150
303 50 151
303 50 152
303 50 153
303 50 154
303 50 155
303 51 145
303 51 146
303 51 147
303 51 148
303 51 149
303 51 150
303 51 151
303 51 152
303 51 153
303 51 154
303 51 155
303 52 145
303 52 146
303 52 147
303 52 148
303 52 149
303 52 150
303 52 151
303 52 152
303 52 153
303 52 154
303 52 155
303 53 145
303 53 146
303 53 147
303 53 148
303 53 149
303 53 150
303 53 151
303 53 152
303 53 153
303 53 154
303 53 155
303 54 145
303 54 146
303 54 147
303 54 148
303 54 149
303 54 150
303 54 151
303 54 152
303 54 153
303 54 154
303 54 155
303 55 145
303 55 146
303 55 147
303 55 148
303 55 149
303 55 150
303 55 151
303 55 152
303 55 153
303 55 154
303 55 155
304 45 145
304 45 146
304 45 147
304 45 148
304 45 149
304 45 150
304 45 151
304 45 152
304 45 153
304 45 154
304 45 155
304 46 145
304 46 146
304 46 147
304 46 148
304 46 149
304 46 150
304 46 151
304 46 152
304 46 153
304 46 154
304 46 155
304 47 145
304 47 146
304 47 147
304 47 148
304 47 149
304 47 150
304 47 151
304 47 152
304 47 153
304 47 154
304 47 155
304 48 145
304 48 146
304 48 147
304 48 148
304 48 149
304 48 150
304 48 151
304 48 152
304 48 153
304 48 154
304 48 155
304 49 145
304 49 146
304 49 147
304 49 148
304 49 149
304 49 150
304 49 151
304 49 152
304 49 153
304 49 154
304 49 155
304 50 145
304 50 146
304 50 147
304 50 148
304 50 149
304 50 150
304 50 151
304 50 152
304 50 153
304 50 154
304 50 155
304 51 145
304 51 146
304 51 147
304 51 148
304 51 149
304 51 150
304 51 151
304 51 152
304 51 153
304 51 154
304 51 155
304 52 145
304 52 146
304 52 147
304 52 148
304 52 149
304 52 150
304 52 151
304 52 152
304 52 153
304 52 154
304 52 155
304 53 145
304 53 146
304 53 147
304 53 148
304 53 149
304 53 150
304 53 151
304 53 152
304 53 153
304 53 154
304 53 155
304 54 145
304 54 146
304 54 147
304 54 148
304 54 149
304 54 150
304 54 151
304 54 152
304 54 153
304 54 154
304 54 155
304 55 145
304 55 146
304 55 147
304 55 148
304 55 149
304 55 150
304 55 151
304 55 152
304 55 153
304 55 154
304 55 155
305 45 145
305 45 146
305 45 147
305 45 148
305 45 149
305 45 150
305 45 151
305 45 152
305 45 153
305 45 154
305 45 155
305 46 145
305 46 146
305 46 147
305 46 148
305 46 149
305 46 150
305 46 151
305 46 152
305 46 153
305 46 154
305 46 155
305 47 145
305 47 146
305 47 147
305 47 148
305 47 149
305 47 150
305 47 151
305 47 152
305 47 153
305 47 154
305 47 155
305 48 145
305 48 146
305 48 147
305 48 148
305 48 149
305 48 150
305 48 151
305 48 152
305 48 153
305 48 154
305 48 155
305 49 145
305 49 146
305 49 147
305 49 148
305 49 149
305 49 150
305 49 151
305 49 152
305 49 153
305 49 154
305 49 155
305 50 145
305 50 146
305 50 147
305 50 148
305 50 149
305 50 150
305 50 151
305 50 152
305 50 153
305 50 154
305 50 155
305 51 145
305 51 146
305 51 147
305 51 148
305 51 149
305 51 150
305 51 151
305 51 152
305 51 153
305 51 154
305 51 155
305 52 145
305 52 146
305 52 147
305 52 148
305 52 149
305 52 150
305 52 151
305 52 152
305 52 153
305 52 154
305 52 155
305 53 145
305 53 146
305 53 147
305 53 148
305 53 149
305 53 150
305 53 151
305 53 152
305 53 153
305 53 154
305 53 155
305 54 145
305 54 146
305 54 147
305 54 148
305 54 149
305 54 150
305 54 151
305 54 152
305 54 153
305 54 154
305 54 155
305 55 145
305 55 146
305 55 147
305 55 148
305 55 149
305 55 150
305 55 151
305 55 152
305 55 153
305 55 154
305 55 155
