817 706 3
525 285 382
837 999 123
48 745 41
78 184 779
317 943 20
898 994 70
59 856 508
53 563 123
146 508 311
56 448 934
924 492 235
217 96 693
596 714 567
905 144 267
214 176 103
749 592 633
536 997 292
122 189 255
708 893 376
110 222 294
811 193 956
706 356 68
484 924 693
401 231 869
753 139 700
890 378 230
551 923 722
905 623 611
219 495 720
624 77 856
938 943 919
375 249 287
65 703 12
102 871 732
697 727 252
709 867 534
717 37 512
486 62 681
914 846 570
239 101 988
357 515 573
161 908 641
852 491 910
528 31 43
524 837 933
585 296 205
938 245 90
271 705 324
383 54 500
232 471 861
461 519 448
976 320 105
52 399 777
464 867 885
14 626 839
586 99 610
299 881 589
261 272 961
835 722 589
327 514 547
770 249 81
51 209 690
565 534 571
141 992 119
679 82 145
700 797 429
968 613 700
347 944 970
599 791 277
135 72 299
276 578 10
261 949 481
438 119 142
764 365 467
197 37 783
467 859 844
780 416 344
943 9 548
869 937 423
977 347 232
716 110 660
640 797 554
716 215 447
549 79 814
431 736 54
345 788 14
565 401 346
875 253 873
887 594 411
844 797 665
382 110 789
375 765 949
379 201 875
167 900 821
818 243 310
390 796 267
766 638 359
77 51 360
539 566 334
413 995 606
741 969 238
787 989 303
642 96 772
62 374 489
920 685 440
733 834 446
722 621 203
702 534 325
702 957 59
973 398 79
993 590 686
7 155 533
643 16 345
155 785 296
547 301 999
9 590 534
643 831 146
872 455 888
768 704 145
974 605 549
703 830 130
27 598 75
983 674 729
851 860 232
409 786 280
880 617 550
469 243 843
333 940 948
217 615 535
622 72 119
796 585 567
108 357 983
90 420 39
789 136 369
66 713 373
542 11 228
39 591 4
13 339 811
179 335 189
513 635 919
265 292 851
591 561 282
538 135 642
339 877 648
935 56 502
406 215 86
889 111 656
822 840 175
465 277 339
366 563 457
664 922 826
839 793 16
259 713 607
530 230 766
853 155 103
570 864 981
755 624 864
497 979 961
157 855 753
511 808 507
852 918 508
858 430 431
664 140 231
925 354 738
225 495 825
373 548 646
410 71 289
848 210 222
287 862 44
739 446 304
989 903 95
153 597 234
485 278 609
293 454 938
770 613 737
276 393 900
818 643 92
22 704 176
11 3 94
37 586 182
867 861 252
155 918 776
612 721 706
84 94 524
98 318 627
573 2 850
875 93 648
292 25 304
791 281 963
414 171 131
537 630 486
599 220 476
787 756 88
690 982 157
540 310 348
84 885 793
9 44 338
307 353 840
397 210 531
449 223 986
763 810 859
662 252 637
239 914 140
479 152 727
748 91 681
78 772 642
488 782 975
839 675 123
150 469 5
523 163 935
154 69 810
306 69 926
874 75 626
43 941 658
531 6 218
963 313 804
739 102 694
616 589 415
370 505 493
961 252 633
384 884 589
583 183 290
378 846 255
547 241 208
666 939 933
614 348 859
870 48 355
470 790 35
936 218 882
638 273 74
993 526 623
183 618 564
397 26 719
449 647 616
575 246 118
583 475 329
165 558 657
642 882 323
708 33 709
475 848 659
877 258 951
412 99 944
26 688 715
823 805 634
801 597 936
565 873 398
393 396 871
104 538 160
669 787 2
43 562 61
342 239 168
572 363 24
661 156 809
91 817 90
560 129 388
996 795 145
435 237 975
639 273 205
413 666 841
544 909 42
463 560 285
187 563 168
988 669 406
640 606 908
874 765 157
292 120 518
505 602 865
926 84 409
854 147 578
274 263 302
851 1 11
652 561 667
859 877 836
726 339 403
116 248 920
19 8 414
264 581 850
150 233 184
556 364 313
228 127 384
749 214 950
776 866 834
725 699 596
471 716 371
338 70 329
273 724 939
597 464 437
501 646 785
244 670 36
648 534 282
155 519 883
624 109 280
856 262 58
16 729 53
692 172 250
709 642 561
819 304 234
318 998 556
65 182 829
0
