4384
197
824
295
42
1222
1129
99
155
154
51
439
54
273
220
191
264
427
95
410
91
127
607
254
103
122
382
265
303
122
74
310
180
617
110
448
339
71
66
368
49
179
151
214
195
216
290
505
242
64
112
231
545
51
213
32
97
211
85
319
175
486
39
229
342
195
360
291
183
413
57
1263
226
191
244
30
218
307
39
438
382
109
303
185
72
766
1393
255
159
358
318
72
173
93
135
253
340
368
33
302
260
549
506
89
68
378
370
469
339
1067
700
292
14
54
202
128
31
604
211
610
327
669
146
301
561
338
314
116
181
157
193
286
62
311
170
112
51
759
23
178
188
95
342
106
214
102
318
122
628
194
212
272
2039
174
126
358
224
233
225
133
285
392
292
200
210
116
177
100
283
749
329
969
197
148
119
253
109
756
93
5
109
544
135
250
38
70
11
112
49
151
232
263
166
822
656
219
96
10
113
125
100
268
161
395
100
99
96
197
678
1186
95
36
47
102
78
38
193
104
295
194
195
240
191
354
251
258
157
108
1029
152
485
289
141
37
217
346
290
118
418
57
247
154
65
50
323
226
352
133
187
5130
199
220
930
112
287
136
738
102
291
180
1085
301
250
403
206
652
82
187
137
147
154
87
234
300
247
55
6
134
137
254
86
129
283
291
301
84
145
251
203
673
350
95
155
621
148
218
284
326
238
37
