1.0000000000
1.5000000000
1.4000000000
1.4166666667
1.4137931034
1.4142857143
1.4142011834
1.4142156863
1.4142131980
1.4142136249
1.4142135516
1.4142135642
1.4142135621
1.4142135624
1.4142135624
1.4142135624
1.4142135624
1.4142135624
1.4142135624
1.4142135624
1.4142135624
1.4142135624
1.4142135624
1.4142135624
1.4142135624
1.4142135624
1.4142135624
1.4142135624
1.4142135624
1.4142135624
1.4142135624
1.4142135624
1.4142135624
1.4142135624
1.4142135624
1.4142135624
1.4142135624
1.4142135624
1.4142135624
1.4142135624
1.4142135624
1.4142135624
1.4142135624
1.4142135624
1.4142135624
1.4142135624
1.4142135624
1.4142135624
1.4142135624
1.4142135624
1.4142135624
1.4142135624
1.4142135624
1.4142135624
1.4142135624
1.4142135624
1.4142135624
1.4142135624
1.4142135624
1.4142135624
1.4142135624
1.4142135624
1.4142135624
1.4142135624
1.4142135624
1.4142135624
1.4142135624
1.4142135624
1.4142135624
1.4142135624
1.4142135624
1.4142135624
1.4142135624
1.4142135624
1.4142135624
1.4142135624
1.4142135624
1.4142135624
1.4142135624
1.4142135624
1.4142135624
1.4142135624
1.4142135624
1.4142135624
1.4142135624
1.4142135624
1.4142135624
1.4142135624
1.4142135624
1.4142135624
1.4142135624
1.4142135624
1.4142135624
1.4142135624
1.4142135624
1.4142135624
1.4142135624
1.4142135624
1.4142135624
1.4142135624
1.4142135624
