100
1
2
3
4
5
6
7
8
9
10
11
12
13
14
15
16
17
18
19
20
21
22
30
57
121
246
462
805
1317
2046
3046
4377
6105
8302
11046
14421
18517
23430
29262
36121
44121
53382
64030
76197
90021
105646
123222
142905
164857
189246
216246
246037
278805
314742
354046
396921
443577
494230
549102
608421
672421
741342
815430
894937
980121
1071246
1168582
1272405
1382997
1500646
1625646
1758297
1898905
2047782
2205246
2371621
2547237
2732430
2927542
3132921
3348921
3575902
3814230
4064277
4326421
4601046
4888542
5189305
5503737
5832246
6175246
6533157
6906405
7295422
7700646
8122521
8561497
9018030
9492582
9985621
