1 1 1
1 1 5
1 5 1
2 1 1
2 1 2
2 2 2
3 1 2
3 1 3
3 2 1
3 2 2
3 3 3
4 1 3
4 1 4
4 2 3
4 4 2
4 4 4
5 1 1
5 1 2
5 1 3
5 4 1
5 5 3
6 1 2
6 2 5
6 6 2
7 1 4
7 2 5
7 4 3
7 4 4
8 1 4
8 3 5
8 4 6
8 4 7
8 6 5
8 7 1
8 7 2
8 7 6
8 7 8
8 8 3
8 8 6
9 2 2
9 4 1
10 10 7
10 10 8
10 4 3
10 8 5
11 4 7
11 5 5
11 8 11
11 8 4
12 4 7
12 5 3
12 6 5
12 6 7
12 8 10
12 9 10
12 9 5
13 2 6
13 4 2
14 11 10
14 13 13
14 3 13
14 3 3
14 3 5
14 5 3
14 5 7
14 7 12
15 1 11
15 14 3
15 3 7
16 1 10
16 1 16
16 7 11
17 3 17
18 12 10
18 17 17
18 18 7
18 9 4
19 1 10
19 10 1
19 14 10
19 17 8
19 17 9
19 18 8
19 7 18
19 8 17
20 1 10
20 12 8
20 14 18
20 16 19
20 16 2
20 16 3
20 2 12
20 2 5
20 20 12
20 8 10
0 0 0
