  1
  1
  1
  1  2
  1,  2
  2  1
  1  2,  3
  1,  2  3
  2  3,  1
  2,  1  3
  3  1,  2
  1  2,  3  4
  1,  2  4,  3
  2,  4  3,  1
  4  3,  2  1
  4  1,  3  2
  1  5,  2  4,  3
  1  4,  2,  3,  5
  1  3,  2  4,  5
  4  5,  1  3,  2
  5  3,  2  4,  1
  1  5,  2  3,  4,  6
  2,  4  3,  6,  5,  1
  6  5,  2  3,  1  4
  1  4,  2  6,  3  5,  7
  2  3,  5  4,  7,  6,  1
  4  5,  2  1,  3,  7,  6
  4,  1  7,  6  2,  5  3
  1  5,  2  8,  3,  4  7,  6
  3  4,  7  6,  2  5,  8  1
  4  3,  8  5,  7  1,  6  2
  4  2,  8  1,  7  5,  6  3
  6  4,  5  7,  1  3,  8  2
  7  8,  1  6,  4  5,  2  3
  7,  6  5,  1  3,  2  8,  4
  7  3,  8  4,  5  1,  6  2
  7  1,  8  6,  4  2,  5  3
  8  6,  2  3,  1  5,  7  4
  8  3,  2  4,  1  7,  6  5
  2  8,  4  6,  7  3,  1  9,  5
  4  9,  8,  5  7,  3  6,  2,  1
 10  4,  2  6,  8  5,  1  9,  7,  3
 10  3,  2  4,  8  9,  5  1,  7  6
  4  8,  9  5,  3  1,  2  6, 10,  7
  8  6,  7  1, 10  3,  9  2,  5,  4
  4  5,  9  8,  2 10, 11  6,  1  3,  7
  5  7, 11  1,  8  4,  6,  9  3, 10  2
  8  1,  6 10,  7  4,  2  3,  9,  5, 11
  8,  5  4,  3 11,  7  6,  2  9,  1 10
  4  6,  9 10,  2 12,  8 11,  7  3,  5  1
  5 10, 11  7,  4  3,  1 12,  2  6,  8  9
  6  8,  1  2, 10  7,  9 11,  3  5, 12  4
  6, 12 11,  7  3,  4,  2,  5 10,  1  9,  8
  8  3,  5  4,  2  1,  7  9,  6 12, 11 10
  9  3,  7  4,  8  1, 12  6,  2, 11,  5, 10
  9  8,  6  3,  7 10,  1 12,  2 11,  4  5
  2  8,  4  1,  6  7, 10, 12 11,  3  5, 13  9
  4 12,  8 10,  1  7,  6  5,  2, 13 11,  9  3
 11  5,  9  8, 10, 13  7,  3,  1 12,  6  4, 14,  2
 13  2, 14  1,  5 10, 11  4, 12  3,  6  9,  7  8
  3  2,  6  1,  9 12, 13  5,  7  4, 11 14,  8 10
  3 12,  6  9, 10  5, 14  1,  7  8,  2 13,  4 11
  3 10,  6  5,  9 13, 14  4,  7  8,  1  2, 11 12
  5 12, 10  9,  2  6, 11  1,  7  8, 13 14,  3  4
  5  8, 11 14,  3  4, 12  7,  9  6, 10 13,  1  2
  7  3, 14  4, 10  1,  8  9, 11, 13  5,  2  6, 12
  1  5,  2  8,  3  9,  4  6,  7 12, 10 11, 13 14, 15
 14 13, 15 10,  3  7,  9  4,  8 12,  5, 11,  2  1,  6
  3  9,  6  1, 10  8, 13,  2 15,  7 14,  4  5, 11 12
  1  7,  2 12,  3 15,  4 16,  5 13,  6  8,  9 11, 10 14
  1,  2 16,  3 13,  4  8,  5 11,  6  9,  7, 10, 12 15, 14
  7  6, 14 11,  5 13,  1 12, 15  8, 16 10,  4  3,  9  2
  3  1,  6 16,  9 12, 13  4, 17  7,  8 15, 14 11, 10  5,  2
 12  9,  6 17,  3  4,  2  8,  7 10, 15  1, 14 13, 11  5, 18 16
 17  2, 18  1,  5 14, 10  9,  4 15,  6 13, 16  3,  7 12,  8 11
 18 12,  2  5,  7 14, 15  4, 10,  9 16,  1 17,  8 11,  6,  3, 13
  9 15,  1 11, 12  6,  5  2,  3 14,  4  7, 13,  8 17, 18 16, 10
  1 10,  2 18,  3  7,  4 12,  5 14,  6 13,  8,  9 15, 11 19, 16, 17
 10 19,  2 18, 13 17,  8 16,  6 15,  7 14, 12,  5 11,  1  9,  4,  3
 14 10,  9 19,  7  6,  8 13, 15 16,  3 12,  2  4, 18  5, 11  1, 17
 17 12, 16  4, 19 13,  5  3, 11  9,  8 14, 18 10,  2,  6, 15,  1,  7
 17 11, 16  2, 19  9,  5 15, 13  3, 10  4, 18, 12  8, 14  7,  1  6
 18 12, 19  4,  3 13,  9  2,  1  8, 17 11, 10,  7  6, 15 14,  5 16
  7  2, 14  1,  4 17, 12 11,  5 19, 16  3, 15 10,  6, 13, 18,  8,  9
  8  3, 16  4,  7  1, 17 15, 11  9,  6 12, 10  2, 18, 14,  5, 19, 13
  1 11,  2 20,  3  9,  4 15,  5 18,  6 19,  7 16,  8 10, 12 14, 13 17
 12 13,  5  4, 19 16, 15  6, 14 11, 18 20,  7  1,  3 10,  2 17,  9  8
 14  3,  9  4,  6  1,  5 17,  8 10, 15 13,  7 11, 16 12, 19 20, 18  2
 16  2, 13  1, 12 18, 15 10,  3,  8  7,  4  6,  9 14, 11 19, 17,  5, 20
 16 19, 13 17, 12 14, 18 10,  3  8, 11  6,  9  4,  2  1, 20 15,  7  5
 16 18, 13 14, 12 10, 17  7,  2  4, 11 20,  9, 19  5,  1 15,  3,  8,  6
  2  9,  4 16,  6  1,  8  7, 11 10, 13  3, 15 17, 19 18,  5 20, 14 12
  2 16,  4 11,  6,  8 19, 10 13, 14  3, 17 15, 20  1,  7  5, 12,  9, 18
 20  9,  2 16,  6  3, 13  7,  5  8,  4  1, 14 15, 18 17, 12 19, 11 10
  8 11, 17 20,  6  7, 18 14, 10 19,  4  1,  3 15,  9  5,  2 16, 13 12
