6.0 7.5
7.6 9.5
9.0 11.3
10.4 13.1
11.8 14.8
13.2 16.5
14.5 18.2
15.8 19.8
17.0 21.4
18.3 22.9
19.5 24.4
20.7 26.0
21.9 27.5
23.1 28.9
24.2 30.4
25.4 31.9
26.5 33.3
27.7 34.7
28.8 36.2
29.9 37.6
31.1 39.0
32.2 40.4
33.3 41.7
34.4 43.1
35.4 44.5
36.5 45.8
37.6 47.2
38.7 48.5
39.7 49.9
40.8 51.2
41.8 52.5
42.9 53.8
43.9 55.1
45.0 56.5
46.0 57.8
47.1 59.1
48.1 60.3
49.1 61.6
50.1 62.9
51.1 64.2
52.2 65.5
53.2 66.7
54.2 68.0
55.2 69.3
56.2 70.5
57.2 71.8
58.2 73.0
59.2 74.3
60.2 75.5
61.2 76.8
62.1 78.0
63.1 79.2
64.1 80.5
65.1 81.7
66.1 82.9
67.0 84.1
68.0 85.4
69.0 86.6
69.9 87.8
70.9 89.0
71.9 90.2
72.8 91.4
73.8 92.6
74.8 93.8
75.7 95.0
76.7 96.2
77.6 97.4
78.6 98.6
79.5 99.8
80.5 101.0
81.4 102.2
82.3 103.3
83.3 104.5
84.2 105.7
85.2 106.9
86.1 108.1
87.0 109.2
88.0 110.4
88.9 111.6
89.8 112.7
90.8 113.9
91.7 115.1
92.6 116.2
93.5 117.4
94.5 118.5
95.4 119.7
96.3 120.9
97.2 122.0
98.1 123.2
99.0 124.3
100.0 125.5
100.9 126.6
101.8 127.8
102.7 128.9
103.6 130.0
104.5 131.2
105.4 132.3
106.3 133.5
107.2 134.6
108.1 135.7
109.0 136.9
110.0 138.0
110.9 139.1
111.8 140.3
112.7 141.4
113.5 142.5
114.4 143.6
115.3 144.8
116.2 145.9
117.1 147.0
118.0 148.1
118.9 149.2
119.8 150.4
120.7 151.5
121.6 152.6
122.5 153.7
123.4 154.8
124.2 155.9
125.1 157.0
126.0 158.2
126.9 159.3
127.8 160.4
128.7 161.5
129.5 162.6
130.4 163.7
131.3 164.8
132.2 165.9
133.1 167.0
133.9 168.1
134.8 169.2
135.7 170.3
136.6 171.4
137.4 172.5
138.3 173.6
139.2 174.7
140.0 175.8
140.9 176.9
141.8 178.0
142.7 179.0
143.5 180.1
144.4 181.2
145.3 182.3
146.1 183.4
147.0 184.5
147.9 185.6
148.7 186.7
149.6 187.7
150.4 188.8
151.3 189.9
152.2 191.0
153.0 192.1
153.9 193.1
154.7 194.2
155.6 195.3
156.5 196.4
157.3 197.4
158.2 198.5
159.0 199.6
159.9 200.7
160.7 201.7
161.6 202.8
162.4 203.9
163.3 205.0
164.2 206.0
165.0 207.1
165.9 208.2
166.7 209.2
167.6 210.3
168.4 211.4
169.3 212.4
170.1 213.5
170.9 214.5
171.8 215.6
172.6 216.7
173.5 217.7
316.1 396.7
450.7 565.6
580.5 728.6
707.1 887.4
831.1 1043.1
953.1 1196.2
1073.4 1347.2
1192.3 1496.5
1310.0 1644.1
1426.5 1790.4
1542.1 1935.5
1656.8 2079.4
1770.7 2222.3
1883.9 2364.4
1996.3 2505.5
2108.2 2645.9
2219.4 2785.5
2330.1 2924.5
2440.3 3062.8
2550.0 3200.5
2659.3 3337.6
2768.1 3474.2
2876.5 3610.2
2984.5 3745.8
3092.2 3880.9
3199.5 4015.5
3306.4 4149.8
3413.1 4283.6
3519.4 4417.0
3625.4 4550.1
3731.1 4682.7
3836.5 4815.1
3941.7 4947.1
4046.6 5078.7
4151.3 5210.1
4255.7 5341.1
4359.9 5471.9
4463.8 5602.3
4567.5 5732.5
4671.1 5862.5
4774.4 5992.1
4877.5 6121.5
4980.4 6250.7
5083.1 6379.6
5185.6 6508.2
5287.9 6636.7
5390.1 6764.9
5492.1 6892.9
5593.9 7020.7
5695.5 7148.3
5797.0 7275.6
5898.4 7402.8
5999.5 7529.8
6100.6 7656.6
6201.4 7783.2
6302.2 7909.6
6402.8 8035.8
6503.2 8161.9
6603.5 8287.8
6703.7 8413.5
6803.7 8539.1
6903.6 8664.5
7003.4 8789.7
7103.1 8914.8
7202.6 9039.7
7302.0 9164.5
7401.3 9289.1
7500.5 9413.6
7599.6 9538.0
7698.6 9662.1
7797.4 9786.2
7896.1 9910.1
7994.8 10033.9
8093.3 10157.6
8191.7 10281.1
8290.0 10404.5
8388.3 10527.8
8486.4 10650.9
8584.4 10773.9
8682.3 10896.8
8780.2 11019.6
8877.9 11142.3
8975.5 11264.8
9073.1 11387.3
9170.5 11509.6
9267.9 11631.8
9365.2 11753.9
9462.4 11875.9
9559.5 11997.8
9656.6 12119.6
9753.5 12241.2
9850.4 12362.8
9947.2 12484.3
10043.9 12605.7
10140.5 12726.9
10237.0 12848.1
10333.5 12969.2
10429.9 13090.2
10526.2 13211.0
10622.5 13331.8
10718.6 13452.5
10814.7 13573.2
10910.8 13693.7
11006.7 13814.1
11102.6 13934.4
11198.4 14054.7
11294.2 14174.9
11389.9 14294.9
11485.5 14414.9
11581.0 14534.9
11676.5 14654.7
11771.9 14774.4
11867.2 14894.1
11962.5 15013.7
12057.8 15133.2
12152.9 15252.6
12248.0 15372.0
12343.0 15491.3
12438.0 15610.5
12532.9 15729.6
12627.8 15848.6
12722.6 15967.6
12817.3 16086.5
12912.0 16205.3
13006.6 16324.1
13101.2 16442.8
13195.7 16561.4
13290.1 16679.9
13384.5 16798.4
13478.9 16916.8
13573.2 17035.1
13667.4 17153.4
13761.6 17271.6
13855.7 17389.7
13949.8 17507.8
14043.8 17625.8
14137.7 17743.7
14231.7 17861.6
14325.5 17979.4
14419.3 18097.1
14513.1 18214.8
14606.8 18332.4
14700.5 18450.0
14794.1 18567.5
14887.7 18684.9
14981.2 18802.3
15074.7 18919.6
15168.1 19036.9
15261.5 19154.0
15354.8 19271.2
15448.1 19388.3
15541.3 19505.3
15634.5 19622.2
15727.7 19739.1
15820.8 19856.0
15913.8 19972.8
16006.8 20089.5
16099.8 20206.2
16192.7 20322.8
16285.6 20439.4
16378.4 20555.9
16471.2 20672.4
16564.0 20788.8
16656.7 20905.2
16749.4 21021.5
16842.0 21137.7
16934.6 21253.9
17027.1 21370.1
17119.6 21486.2
17212.1 21602.2
17304.5 21718.2
17396.9 21834.2
17489.3 21950.1
17581.6 22065.9
17673.8 22181.7
17766.1 22297.5
17858.3 22413.2
17950.4 22528.8
18042.5 22644.4
18134.6 22760.0
18226.6 22875.5
18318.6 22991.0
18410.6 23106.4
18502.5 23221.8
18594.4 23337.1
18686.3 23452.4
18778.1 23567.6
18869.9 23682.8
18961.6 23797.9
19053.3 23913.0
19145.0 24028.1
19236.6 24143.1
19328.2 24258.1
19419.8 24373.0
19511.3 24487.9
19602.8 24602.7
19694.3 24717.5
19785.7 24832.3
19877.1 24947.0
19968.5 25061.6
20059.8 25176.3
20151.1 25290.9
20242.4 25405.4
20333.6 25519.9
20424.8 25634.4
20516.0 25748.8
20607.1 25863.2
20698.2 25977.5
20789.3 26091.8
20880.3 26206.0
20971.3 26320.3
21062.3 26434.4
21153.2 26548.6
21244.2 26662.7
21335.0 26776.8
21425.9 26890.8
21516.7 27004.8
21607.5 27118.7
21698.3 27232.6
21789.0 27346.5
21879.7 27460.3
21970.4 27574.1
22061.0 27687.9
22151.6 27801.6
22242.2 27915.3
22332.7 28028.9
22423.3 28142.6
22513.8 28256.1
22604.2 28369.7
22694.7 28483.2
22785.1 28596.6
22875.5 28710.1
22965.8 28823.5
23056.1 28936.8
23146.4 29050.2
23236.7 29163.5
23326.9 29276.7
23417.2 29389.9
23507.3 29503.1
23597.5 29616.3
23687.6 29729.4
23777.7 29842.5
23867.8 29955.5
23957.9 30068.6
24047.9 30181.5
24137.9 30294.5
24227.9 30407.4
24317.8 30520.3
24407.7 30633.2
24497.6 30746.0
24587.5 30858.8
24677.3 30971.5
24767.1 31084.3
24856.9 31196.9
24946.7 31309.6
25036.4 31422.2
25126.2 31534.8
25215.8 31647.4
25305.5 31759.9
25395.2 31872.4
25484.8 31984.9
25574.4 32097.4
25663.9 32209.8
25753.5 32322.1
25843.0 32434.5
25932.5 32546.8
26021.9 32659.1
26111.4 32771.4
26200.8 32883.6
26290.2 32995.8
26379.6 33107.9
26468.9 33220.1
26558.3 33332.2
26647.6 33444.3
26736.8 33556.3
26826.1 33668.4
26915.3 33780.3
27004.5 33892.3
27093.7 34004.2
27182.9 34116.1
27272.0 34228.0
27361.1 34339.9
27450.2 34451.7
27539.3 34563.5
27628.4 34675.3
27717.4 34787.0
27806.4 34898.7
27895.4 35010.4
27984.3 35122.0
28073.3 35233.7
28162.2 35345.3
28251.1 35456.8
28340.0 35568.4
28428.8 35679.9
28517.7 35791.4
28606.5 35902.8
28695.3 36014.3
28784.0 36125.7
28872.8 36237.1
28961.5 36348.4
29050.2 36459.8
29138.9 36571.1
29227.6 36682.3
29316.2 36793.6
29404.8 36904.8
29493.4 37016.0
29582.0 37127.2
29670.6 37238.3
29759.1 37349.4
29847.6 37460.5
29936.1 37571.6
30024.6 37682.7
30113.0 37793.7
30201.5 37904.7
30289.9 38015.6
30378.3 38126.6
30466.7 38237.5
30555.0 38348.4
30643.4 38459.3
30731.7 38570.1
30820.0 38680.9
30908.3 38791.7
30996.5 38902.5
31084.8 39013.3
31173.0 39124.0
31261.2 39234.7
31349.4 39345.4
31437.6 39456.0
31525.7 39566.6
31613.8 39677.3
31701.9 39787.8
31790.0 39898.4
31878.1 40008.9
31966.1 40119.4
32054.2 40229.9
32142.2 40340.4
32230.2 40450.8
32318.2 40561.2
32406.1 40671.6
32494.1 40782.0
32582.0 40892.4
32669.9 41002.7
32757.8 41113.0
32845.7 41223.3
32933.5 41333.5
33021.3 41443.8
33109.2 41554.0
33196.9 41664.2
33284.7 41774.3
33372.5 41884.5
33460.2 41994.6
33548.0 42104.7
33635.7 42214.8
33723.4 42324.8
33811.0 42434.9
33898.7 42544.9
33986.3 42654.9
34073.9 42764.8
34161.6 42874.8
34249.1 42984.7
34336.7 43094.6
34424.3 43204.5
34511.8 43314.4
34599.3 43424.2
34686.8 43534.0
34774.3 43643.8
34861.8 43753.6
34949.2 43863.4
35036.7 43973.1
35124.1 44082.8
35211.5 44192.5
35298.9 44302.2
35386.2 44411.9
35473.6 44521.5
35560.9 44631.1
35648.2 44740.7
35735.5 44850.3
35822.8 44959.8
35910.1 45069.3
35997.4 45178.9
36084.6 45288.3
36171.8 45397.8
36259.0 45507.3
36346.2 45616.7
36433.4 45726.1
36520.6 45835.5
36607.7 45944.9
36694.8 46054.2
36781.9 46163.5
36869.0 46272.9
36956.1 46382.1
37043.2 46491.4
37130.2 46600.7
37217.3 46709.9
37304.3 46819.1
37391.3 46928.3
37478.3 47037.5
37565.3 47146.6
37652.2 47255.8
37739.2 47364.9
37826.1 47474.0
37913.0 47583.1
37999.9 47692.1
38086.8 47801.2
38173.6 47910.2
38260.5 48019.2
38347.3 48128.2
38434.1 48237.2
38521.0 48346.1
38607.7 48455.0
38694.5 48564.0
38781.3 48672.8
38868.0 48781.7
38954.8 48890.6
39041.5 48999.4
39128.2 49108.2
39214.9 49217.0
39301.6 49325.8
39388.2 49434.6
39474.9 49543.3
39561.5 49652.1
39648.1 49760.8
39734.7 49869.5
39821.3 49978.1
39907.9 50086.8
39994.5 50195.4
40081.0 50304.1
40167.5 50412.7
40254.1 50521.3
40340.6 50629.8
40427.0 50738.4
40513.5 50846.9
40600.0 50955.4
40686.4 51063.9
40772.9 51172.4
40859.3 51280.9
40945.7 51389.3
41032.1 51497.7
41118.5 51606.2
41204.8 51714.6
41291.2 51822.9
41377.5 51931.3
41463.9 52039.6
41550.2 52148.0
41636.5 52256.3
41722.8 52364.6
41809.0 52472.8
41895.3 52581.1
41981.5 52689.4
42067.8 52797.6
42154.0 52905.8
42240.2 53014.0
42326.4 53122.2
42412.6 53230.3
42498.7 53338.5
42584.9 53446.6
42671.0 53554.7
42757.2 53662.8
42843.3 53770.9
42929.4 53878.9
43015.5 53987.0
43101.5 54095.0
43187.6 54203.0
43273.7 54311.0
43359.7 54419.0
43445.7 54527.0
43531.7 54634.9
43617.7 54742.9
43703.7 54850.8
43789.7 54958.7
43875.6 55066.6
43961.6 55174.4
44047.5 55282.3
44133.4 55390.1
44219.4 55497.9
44305.3 55605.8
44391.1 55713.5
44477.0 55821.3
44562.9 55929.1
44648.7 56036.8
44734.6 56144.6
44820.4 56252.3
44906.2 56360.0
44992.0 56467.7
45077.8 56575.3
45163.6 56683.0
45249.3 56790.6
45335.1 56898.2
45420.8 57005.8
45506.5 57113.4
45592.2 57221.0
45677.9 57328.6
45763.6 57436.1
45849.3 57543.6
45935.0 57651.2
46020.6 57758.7
46106.3 57866.1
46191.9 57973.6
46277.5 58081.1
46363.1 58188.5
46448.7 58295.9
46534.3 58403.4
46619.9 58510.8
46705.4 58618.1
46791.0 58725.5
46876.5 58832.9
46962.1 58940.2
47047.6 59047.5
47133.1 59154.8
47218.6 59262.1
47304.0 59369.4
47389.5 59476.7
47475.0 59583.9
47560.4 59691.2
47645.8 59798.4
47731.3 59905.6
47816.7 60012.8
47902.1 60120.0
47987.5 60227.1
48072.8 60334.3
48158.2 60441.4
48243.6 60548.6
48328.9 60655.7
48414.2 60762.8
48499.6 60869.9
48584.9 60976.9
48670.2 61084.0
48755.4 61191.0
48840.7 61298.0
48926.0 61405.1
49011.2 61512.1
49096.5 61619.0
49181.7 61726.0
49266.9 61833.0
49352.1 61939.9
49437.3 62046.8
49522.5 62153.8
49607.7 62260.7
49692.9 62367.5
49778.0 62474.4
49863.2 62581.3
49948.3 62688.1
50033.4 62795.0
50118.6 62901.8
50203.7 63008.6
50288.7 63115.4
50373.8 63222.2
50458.9 63328.9
50544.0 63435.7
50629.0 63542.4
50714.0 63649.2
50799.1 63755.9
50884.1 63862.6
50969.1 63969.3
51054.1 64075.9
51139.1 64182.6
51224.1 64289.3
51309.0 64395.9
51394.0 64502.5
51478.9 64609.1
51563.8 64715.7
51648.8 64822.3
51733.7 64928.9
51818.6 65035.4
51903.5 65142.0
51988.4 65248.5
52073.2 65355.0
52158.1 65461.5
52242.9 65568.0
52327.8 65674.5
52412.6 65781.0
52497.4 65887.4
52582.3 65993.9
52667.1 66100.3
52751.8 66206.7
52836.6 66313.1
52921.4 66419.5
53006.2 66525.9
53090.9 66632.3
53175.7 66738.6
53260.4 66845.0
53345.1 66951.3
53429.8 67057.6
53514.5 67163.9
53599.2 67270.2
53683.9 67376.5
53768.6 67482.8
53853.2 67589.0
53937.9 67695.3
54022.5 67801.5
54107.2 67907.7
54191.8 68013.9
54276.4 68120.1
54361.0 68226.3
54445.6 68332.5
54530.2 68438.6
54614.7 68544.8
54699.3 68650.9
54783.9 68757.0
54868.4 68863.1
54952.9 68969.2
55037.5 69075.3
55122.0 69181.4
55206.5 69287.5
55291.0 69393.5
55375.5 69499.6
55460.0 69605.6
55544.4 69711.6
55628.9 69817.6
55713.3 69923.6
55797.8 70029.6
55882.2 70135.5
55966.6 70241.5
56051.0 70347.4
56135.5 70453.4
56219.8 70559.3
56304.2 70665.2
56388.6 70771.1
56473.0 70877.0
56557.3 70982.8
56641.7 71088.7
56726.0 71194.6
56810.3 71300.4
56894.7 71406.2
56979.0 71512.0
57063.3 71617.8
57147.6 71723.6
57231.9 71829.4
57316.1 71935.2
57400.4 72040.9
57484.7 72146.7
57568.9 72252.4
57653.1 72358.2
57737.4 72463.9
57821.6 72569.6
57905.8 72675.3
57990.0 72780.9
58074.2 72886.6
58158.4 72992.3
58242.6 73097.9
58326.7 73203.5
58410.9 73309.2
58495.0 73414.8
58579.2 73520.4
58663.3 73626.0
58747.4 73731.6
58831.5 73837.1
58915.7 73942.7
58999.7 74048.2
59083.8 74153.8
59167.9 74259.3
59252.0 74364.8
59336.0 74470.3
59420.1 74575.8
59504.1 74681.3
59588.2 74786.7
59672.2 74892.2
59756.2 74997.6
59840.2 75103.1
59924.2 75208.5
60008.2 75313.9
60092.2 75419.3
60176.2 75524.7
60260.2 75630.1
60344.1 75735.5
60428.1 75840.8
60512.0 75946.2
60595.9 76051.5
60679.9 76156.9
60763.8 76262.2
60847.7 76367.5
60931.6 76472.8
61015.5 76578.1
61099.4 76683.4
61183.2 76788.6
61267.1 76893.9
61350.9 76999.1
61434.8 77104.4
61518.6 77209.6
61602.5 77314.8
61686.3 77420.0
61770.1 77525.2
61853.9 77630.4
61937.7 77735.5
62021.5 77840.7
62105.3 77945.9
62189.1 78051.0
62272.8 78156.1
62356.6 78261.3
62440.3 78366.4
62524.1 78471.5
62607.8 78576.6
62691.5 78681.6
62775.2 78786.7
62859.0 78891.8
62942.7 78996.8
63026.3 79101.9
63110.0 79206.9
63193.7 79311.9
63277.4 79416.9
63361.0 79521.9
63444.7 79626.9
63528.3 79731.9
63612.0 79836.8
63695.6 79941.8
63779.2 80046.7
63862.8 80151.7
63946.4 80256.6
64030.0 80361.5
64113.6 80466.4
64197.2 80571.3
64280.8 80676.2
64364.3 80781.1
64447.9 80886.0
64531.4 80990.8
64615.0 81095.7
64698.5 81200.5
64782.0 81305.4
64865.6 81410.2
64949.1 81515.0
65032.6 81619.8
65116.1 81724.6
65199.6 81829.4
65283.0 81934.1
65366.5 82038.9
65450.0 82143.6
65533.4 82248.4
65616.9 82353.1
65700.3 82457.8
65783.7 82562.5
65867.2 82667.2
65950.6 82771.9
66034.0 82876.6
66117.4 82981.3
66200.8 83086.0
66284.2 83190.6
66367.6 83295.3
66450.9 83399.9
66534.3 83504.5
66617.6 83609.1
66701.0 83713.8
66784.3 83818.3
66867.7 83922.9
66951.0 84027.5
67034.3 84132.1
67117.6 84236.6
67200.9 84341.2
67284.2 84445.7
67367.5 84550.3
67450.8 84654.8
67534.1 84759.3
67617.3 84863.8
67700.6 84968.3
67783.8 85072.8
67867.1 85177.3
67950.3 85281.7
68033.6 85386.2
68116.8 85490.6
68200.0 85595.1
68283.2 85699.5
68366.4 85803.9
68449.6 85908.3
68532.8 86012.7
68616.0 86117.1
68699.1 86221.5
68782.3 86325.9
68865.4 86430.3
68948.6 86534.6
69031.7 86639.0
69114.9 86743.3
69198.0 86847.6
69281.1 86952.0
69364.2 87056.3
69447.3 87160.6
69530.4 87264.9
69613.5 87369.2
69696.6 87473.4
69779.7 87577.7
69862.8 87682.0
69945.8 87786.2
70028.9 87890.4
70111.9 87994.7
70195.0 88098.9
70278.0 88203.1
70361.0 88307.3
70444.1 88411.5
70527.1 88515.7
70610.1 88619.9
70693.1 88724.0
70776.1 88828.2
70859.0 88932.4
70942.0 89036.5
71025.0 89140.6
71108.0 89244.8
71190.9 89348.9
71273.9 89453.0
71356.8 89557.1
71439.7 89661.2
71522.7 89765.3
71605.6 89869.3
71688.5 89973.4
71771.4 90077.4
71854.3 90181.5
71937.2 90285.5
72020.1 90389.6
72103.0 90493.6
72185.9 90597.6
72268.7 90701.6
72351.6 90805.6
48254942.4 60562848.1
