144
347
59
117
272
129
46
211
132
352
358
48
437
172
154
66
378
92
250
391
68
92
16
110
188
404
482
28
150
187
253
355
295
166
165
243
68
330
420
193
462
511
302
396
13
341
420
76
10
488
422
348
269
95
115
289
161
345
122
309
233
382
278
308
222
464
392
100
4
51
161
367
31
209
31
254
265
37
96
83
74
436
33
117
439
15
62
65
21
136
83
368
78
218
412
233
69
10
340
349
98
163
103
41
114
129
151
270
350
60
97
92
202
370
61
271
140
472
51
44
353
61
64
228
132
195
275
93
91
385
343
47
240
331
187
469
433
110
187
64
198
91
193
36
224
187
257
378
126
55
91
41
313
385
111
250
100
238
120
456
85
207
237
297
122
288
186
390
295
459
302
267
394
300
154
444
296
484
389
396
424
257
412
117
72
68
446
177
199
150
79
500
351
320
280
246
75
109
477
139
0
214
262
34
158
235
167
406
11
157
428
330
148
403
30
220
395
418
55
52
103
110
2
76
249
237
387
19
94
72
169
355
181
25
188
243
437
437
246
50
157
65
74
65
325
45
72
345
259
149
348
122
214
141
474
106
185
423
238
232
320
302
204
209
29
251
260
431
458
101
314
83
214
379
109
111
46
213
200
419
500
392
82
63
32
24
22
266
245
357
141
102
418
6
349
211
24
234
446
497
268
145
414
451
37
101
87
77
190
285
295
394
259
246
331
61
131
125
411
403
145
330
43
141
337
37
28
287
447
301
380
390
247
91
399
195
413
425
89
432
106
223
0
282
16
418
77
351
85
69
84
11
304
315
390
383
359
312
225
211
87
388
304
79
453
210
358
481
225
246
363
484
33
74
395
319
255
80
250
403
227
468
266
300
476
251
487
447
258
243
26
291
371
439
466
487
485
393
102
172
258
279
477
26
361
257
132
281
20
271
462
116
41
313
369
476
255
386
341
436
38
168
62
380
169
17
461
248
398
101
370
135
235
209
352
67
359
75
367
344
91
180
296
360
311
85
470
4
402
509
83
167
117
3
34
242
0
419
462
16
481
23
120
276
187
246
380
15
40
279
239
169
20
307
448
24
163
261
202
151
211
29
161
431
182
394
481
215
246
38
19
392
231
513
410
334
359
32
315
217
478
46
407
321
394
475
249
340
365
215
53
43
86
493
209
407
302
394
240
5
372
71
119
55
365
135
189
176
450
310
2
395
166
254
414
93
112
298
420
285
385
275
113
321
259
319
244
80
400
396
70
198
68
162
90
61
462
100
317
463
3
216
220
251
168
53
386
363
398
164
118
56
459
511
365
361
416
433
149
201
88
419
38
441
78
427
112
286
326
60
61
187
126
118
23
18
319
475
39
62
107
408
427
163
128
303
94
445
447
283
470
481
447
495
43
410
190
346
260
34
206
118
348
116
447
323
91
464
242
460
3
460
285
155
109
17
417
343
456
434
301
288
417
175
148
431
280
121
438
206
131
440
409
421
358
116
415
94
32
450
186
428
235
17
420
65
380
180
242
419
431
72
447
94
102
72
58
66
93
244
455
46
66
417
125
2
486
85
83
361
355
398
306
146
82
104
240
385
366
289
389
65
317
190
76
213
301
67
481
219
145
258
161
123
268
396
93
489
429
225
87
321
94
71
343
41
432
457
267
438
131
296
188
377
63
38
383
265
2
451
429
435
34
96
25
121
470
446
43
406
422
184
327
67
172
348
355
346
41
111
79
306
89
522
307
81
258
203
188
257
263
388
98
170
2
205
277
181
22
385
48
329
200
226
299
273
318
36
135
240
68
451
204
155
363
150
262
353
256
51
343
73
274
124
281
126
49
3
133
315
59
52
62
253
72
407
145
123
1
478
302
137
353
506
38
240
417
396
358
54
196
84
343
533
225
150
193
129
352
283
481
77
406
300
115
113
491
427
97
307
488
85
149
424
132
287
253
408
338
454
133
62
15
343
361
184
15
26
57
111
482
149
501
316
212
247
463
218
427
57
2
467
257
237
362
263
356
371
288
3
456
297
441
177
324
353
125
439
4
84
90
81
87
112
302
480
53
197
16
19
172
158
429
350
336
484
44
119
90
407
537
228
237
396
404
286
288
173
277
113
504
115
342
417
369
205
131
319
80
479
40
81
339
102
470
432
389
128
327
482
201
435
152
225
335
45
187
182
117
225
52
314
393
427
207
463
333
263
379
50
33
100
229
45
371
419
363
125
446
2
62
350
469
85
71
358
28
449
336
171
501
364
7
146
284
385
219
15
82
168
