3.141592
3.1415
3.141
3.14
3.1
3
3.14150
3.14151
3.14152
3.14153
3.14154
3.14155
3.14156
3.14157
3.14158
3.14159
31415.92
1.618033
602214085774747474747474
-0.000027
-10000000000000000000000000000000000000000000000000000000000000000000000000000000000000000000000000000
-1000000000000000000000000000000000000000000000000000000000000000000000000000000000000000000000.987654
10000000000000000000000000000000000000000000000000000000000000000000000000000000000000000000000000000
1000000000000000000000000000000000000000000000000000000000000000000000000000000000000000000000.987654
