+0.0000E+00
+0.0000E+00
+0.0000E+00
+0.0000E+00
+2.7000E-19
+1.0000E-10
+2.7000E-05
+1.0000E-01
+1.0000E-01
+9.9000E-01
+1.0000E+00
+1.6180E+00
+1.0000E+89
+1.0000E+90
+1.0000E+96
+1.0000E+97
+3.0000E+00
+3.1000E+00
+3.1400E+00
+3.1410E+00
+3.1415E+00
+3.1415E+00
+3.1415E+00
+3.1415E+00
+3.1415E+00
+3.1415E+00
+3.1416E+00
+3.1416E+00
+3.1416E+00
+3.1416E+00
+3.1416E+00
+3.1416E+00
+3.1415E+04
+3.1415E+04
+3.1415E+04
+3.1415E+04
+3.1415E+04
+3.1416E+04
+3.1416E+04
+3.1416E+04
+3.1416E+04
+3.1416E+04
+6.0221E+23
-0.0000E+00
-0.0000E+00
-2.7000E-19
-1.0000E-10
-2.7000E-05
-1.0000E+89
-1.0000E+96
+0.0000E+00
+0.0000E+00
+2.7000E-05
+1.0000E-01
+1.0000E-01
+9.9000E-01
+1.0000E+00
+1.6180E+00
+1.0000E+90
+1.0000E+97
+3.0000E+00
+3.1000E+00
+3.1400E+00
+3.1410E+00
+3.1415E+00
+3.1415E+00
+3.1415E+00
+3.1415E+00
+3.1415E+00
+3.1415E+00
+3.1416E+00
+3.1416E+00
+3.1416E+00
+3.1416E+00
+3.1416E+00
+3.1416E+00
+3.1415E+04
+3.1415E+04
+3.1415E+04
+3.1415E+04
+3.1415E+04
+3.1416E+04
+3.1416E+04
+3.1416E+04
+3.1416E+04
+3.1416E+04
+6.0221E+23
