1000
3974 2
8792 67
219 68
58 4758
91 675
8599 78
3 9030
76 4270
1 468
27 1728
71 1520
44 7528
4220 20
82 4922
1617 68
34 5134
6472 59
62 1614
47 473
2 767
1445 11
80 549
59 6218
7976 17
1355 85
282 97
1089 22
17 6054
33 7330
5871 53
1033 25
66 4204
23 7196
4581 49
86 860
4551 98
67 9743
93 2202
85 7741
72 8870
9671 50
8505 3
20 335
994 64
9338 94
8627 90
4 6410
77 8593
6361 90
6821 44
233 31
4092 25
5254 77
10 2486
1950 36
1875 38
6265 65
84 698
39 4146
1609 94
58 1811
5808 45
36 966
4462 24
6256 36
38 6604
3556 60
727 82
61 9778
5164 27
91 9376
29 3983
44 924
9067 13
4413 33
3 2348
5048 77
4 720
82 7425
17 2194
773 22
39 8384
4 6688
5854 65
66 4649
94 996
9034 4
90 4544
2007 7
63 1670
6746 57
5094 35
65 5172
31 9054
4359 64
5585 15
14 7627
5552 67
62 7575
41 6
80 1047
16 2940
2692 93
91 1882
7779 60
39 1880
621 45
8701 9
85 7254
5 698
9 974
38 5202
8353 44
95 3602
9 286
8619 31
4940 14
1734 69
1932 69
80 8937
24 6204
1727 95
2656 9
34 1378
1675 19
121 67
63 7323
3336 21
3912 13
6578 12
7648 58
2018 36
94 5087
3434 9
76 7468
69 7198
2371 93
4280 3
3268 33
2457 39
9834 23
93 1675
7321 13
4465 47
915 27
6379 16
17 2352
5896 99
10 1151
944 59
1 8116
65 7160
3454 81
64 8960
45 1335
38 7107
7 8803
2047 38
5995 28
94 1802
7 7497
24 537
195 78
39 77
84 6655
35 4546
2689 27
6754 11
35 2947
2574 1
5730 47
9174 81
5545 52
1839 32
1 5124
16 4701
5005 27
22 6832
68 3950
12 9527
8664 53
69 2714
4659 91
1665 12
586 68
45 2843
81 9695
1 2084
82 1144
14 56
68 7176
2424 64
23 6308
32 60
86 1488
95 6483
87 6961
3161 28
25 7530
9373 43
62 5158
84 1151
37 426
85 6875
8766 41
6346 48
71 4571
41 1324
8696 63
285 80
7233 4
2576 68
1361 25
14 3952
80 3973
1593 72
2342 80
7217 36
11 3653
6033 42
8574 48
9768 40
60 9620
85 4661
4701 67
7 6266
81 4832
1515 78
7497 60
4093 97
3467 58
1777 54
9449 42
3366 92
7686 87
38 5954
4878 9
52 5195
9 5018
4922 26
97 2499
99 4213
5 913
5 4351
2981 32
5006 71
85 9787
2849 88
54 9295
3258 13
79 4895
1095 92
795 44
7917 7
1 466
7802 11
5149 36
1814 44
72 5278
69 2779
39 3886
8102 16
5871 93
5901 10
4162 37
4579 15
2148 4
85 2019
5019 10
25 3243
3002 77
7724 33
68 1764
8068 31
5 1539
5722 8
33 697
4397 97
91 4655
52 6683
9590 88
6905 32
12 7499
41 1556
30 5161
88 9562
14 2968
4260 43
376 19
5721 67
67 104
28 4966
7571 12
11 5305
33 7475
44 3068
66 3248
59 237
49 3822
24 3917
5671 1
3293 99
17 4174
72 5858
4554 43
54 7948
8580 97
65 3780
2232 30
8481 44
4720 11
9849 3
1590 100
55 4890
89 9642
1790 95
1 9494
2051 53
7199 77
23 1916
2405 95
8699 44
7464 70
16 1980
28 9188
2877 45
2388 31
21 6889
24 3067
4977 15
1745 14
47 7907
8621 75
100 66
9867 31
3116 33
70 8495
8097 56
2141 42
6 8208
80 6244
41 7048
5638 61
3989 44
70 6264
91 8444
1225 36
317 27
1037 14
6593 7
13 2480
5518 72
32 6122
5893 53
62 6254
39 9135
31 3398
6511 22
1873 62
9313 18
1350 19
2903 95
78 8257
3988 12
7493 64
9649 54
8 3937
2720 36
23 2476
782 22
8548 36
5470 16
457 89
7097 1
84 61
697 32
7340 59
78 4686
73 8730
33 367
5606 5
3703 18
9390 67
371 8
28 1582
1414 44
3893 17
86 6910
5088 57
9228 34
8912 17
71 5454
28 9594
62 6920
261 65
25 233
82 8027
4661 95
72 9328
1243 81
4780 22
66 1523
1661 88
6169 2
3672 23
62 868
6507 71
15 3360
49 2643
73 8190
8204 100
3416 21
80 4986
2291 88
14 2571
42 3494
3506 88
9242 96
8085 73
24 4957
8889 6
40 2619
49 3235
5265 41
33 73
87 3973
56 3692
8442 65
33 2346
3232 76
29 2660
5787 82
8000 57
99 3861
82 9259
71 892
21 3379
5670 94
7151 79
27 4188
7894 79
49 4260
2787 65
93 4480
5 458
83 9479
3313 92
70 6306
1500 23
8179 4
2565 72
639 79
96 4851
73 7374
2510 63
19 63
62 5103
86 2509
8688 32
67 9908
7419 68
4453 87
1999 98
56 7990
6048 27
8267 4
6514 82
457 29
73 8407
2965 78
63 9643
7916 97
9002 11
32 8933
8403 25
21 7751
69 522
2865 56
4 8403
6315 22
94 281
252 41
11 1541
7673 37
7407 16
3829 50
23 1969
8 9904
37 7879
9310 61
65 1030
75 4298
39 9305
30 7140
91 5153
651 25
9108 49
82 1673
34 3920
710 79
7 6348
36 4374
64 315
2340 84
8838 14
4440 80
59 6018
9858 52
49 2422
4816 93
4059 18
85 967
61 8693
6324 23
11 3191
5800 88
8 2163
66 1333
1503 6
3124 31
9529 28
29 8574
30 8273
556 83
92 9539
630 72
4674 34
36 4494
7 5009
1242 33
9830 78
2297 59
25 7177
9849 75
2045 51
81 4555
88 4029
2653 12
60 5614
1887 19
54 3300
5039 30
18 4992
4578 75
88 4440
1086 20
3005 72
2831 72
18 3779
85 3634
8729 50
85 2487
1056 9
7561 15
22 9297
6117 22
95 9274
7537 84
9266 21
3 8532
100 6714
8810 20
1684 15
8025 2
71 6677
7657 4
15 1980
28 2014
3281 74
5794 31
12 7203
5 3643
64 4085
90 6118
7651 40
43 5973
65 3846
2834 98
43 68
9115 11
56 6919
5308 15
4222 39
80 95
18 238
6733 77
1346 16
100 967
61 9545
8755 26
5164 84
8755 10
44 8225
8190 64
51 2232
4555 10
64 1588
28 4453
32 4593
15 9973
6939 10
3501 90
76 9201
45 6644
50 5284
2644 73
1868 63
29 1936
95 4464
97 7557
38 68
77 2426
79 1472
52 528
46 4438
7528 41
62 4333
2796 19
7328 60
41 2143
42 9273
1858 66
42 4715
62 2368
45 7017
8 8406
2 6427
6985 3
50 6906
3377 47
95 8984
61 3287
39 1281
96 711
8217 68
20 2412
81 9704
2905 64
2070 45
415 62
948 47
1057 34
3857 11
7770 18
9265 60
29 8144
99 3836
7967 37
2613 19
1171 43
6951 44
12 4035
8 3984
851 7
7 6819
47 463
6649 28
59 9872
64 584
4 6589
21 6230
49 1034
5996 39
7 516
34 1556
63 1478
33 3284
9358 47
2568 40
15 8949
5 9905
58 9364
15 7464
35 9293
345 29
3847 86
89 5675
60 9506
4857 44
100 129
18 6769
1880 95
8314 94
1150 8
88 5955
1386 40
85 5876
1666 69
6047 69
3 914
1925 25
98 5050
80 5459
7895 30
81 5582
2115 27
15 2072
9849 49
1569 55
9 2877
62 3159
4467 2
2601 98
2679 78
8145 25
3643 40
6925 14
2363 26
94 3913
58 7420
92 4753
8021 49
6894 20
57 7496
6190 54
4135 3
4127 81
3022 20
43 3400
967 25
3145 46
12 2881
968 16
6817 35
41 9345
37 7254
6462 67
309 34
64 4097
22 1718
5188 29
8013 7
18 9651
10 8067
8970 92
4555 37
33 5822
4469 50
21 5999
66 6043
94 2786
9172 100
98 1151
885 69
93 6624
15 6945
5952 30
29 4569
65 9586
24 3108
3268 17
7815 96
22 5964
75 4836
82 7019
1200 15
9271 36
1078 18
61 3645
2838 81
18 7637
45 727
6950 76
92 5184
973 19
500 21
98 2008
9121 53
78 74
9225 91
44 6717
53 8
68 1012
299 9
5987 10
1760 51
51 1259
4752 98
5281 31
2402 92
37 7489
81 2485
80 6643
54 4161
8776 99
4303 84
5247 24
2 1722
72 7855
71 483
2205 53
682 93
7730 3
6553 21
49 6104
6700 38
2282 8
1356 99
4117 76
244 80
9201 13
63 5838
4756 6
1733 83
4570 2
24 4304
5380 14
9474 23
97 6711
8565 88
24 2678
9209 64
7129 74
53 7113
98 3340
9495 78
90 5730
131 27
44 2047
58 353
72 6498
9316 26
8044 56
2 3830
1992 80
5922 36
43 1651
3391 38
88 9124
9432 19
94 1484
9 899
96 48
98 9404
32 7330
19 6954
55 6070
1524 71
25 7736
82 4603
2 4430
26 9949
8688 44
23 81
78 5393
100 4438
2388 26
29 9097
7706 63
7304 63
6759 26
2627 66
525 97
6120 79
58 3198
9753 8
85 848
4426 23
5174 2
3245 91
37 129
100 6427
100 944
6 8459
35 810
65 4401
37 4409
43 8159
7260 98
5464 8
6995 18
3122 48
56 9162
92 2660
8106 88
3357 46
4164 70
58 2395
74 9081
8161 58
1099 35
76 7840
19 5759
8956 71
1296 20
100 9357
1022 24
7205 16
2667 76
6881 11
3821 37
75 2288
76 8600
9903 24
27 5191
97 1350
168 35
33 7276
15 6170
1856 86
85 9247
2277 24
5028 3
42 1181
6558 64
96 7154
3 293
14 2079
4988 39
27 7779
92 1941
83 9157
93 6894
26 7455
2243 71
40 2990
50 8359
6134 63
8045 38
98 1234
42 7985
7 7201
100 9428
15 6450
79 6666
61 2933
2753 3
72 4647
1889 25
54 4115
12 694
1315 16
72 5137
6689 15
97 972
2035 80
13 7959
55 3976
91 876
38 941
6918 73
4319 87
42 2759
6 4113
2934 14
1 8716
9518 56
4069 16
1745 15
9945 25
7212 74
36 60
36 366
69 6854
91 2150
2034 52
8086 84
37 6820
39 9413
93 5751
2709 66
13 5740
16 606
8958 18
7539 74
6848 56
2988 66
51 6352
6650 69
6227 17
92 6617
1848 79
99 4437
47 6898
754 3
3439 65
8336 95
9297 76
51 4399
7835 62
1225 13
2328 29
1966 12
24 6861
37 8693
79 6593
9 4667
7896 21
1 1301
74 8171
62 4853
29 3672
75 2383
7690 2
2 7900
62 3719
2755 63
66 2811
39 1680
7 1312
