3948168
19323660
10725
5658800
111453
18479880
20385221
4556781
54755
746300
576304
14167212
4452000
6054840
651708
6589200
10470796
650288
55120
146688
521248
73476
9664981
15904063
456480
17480
295815
9162648
13431936
8613496
266087
4417315
12945460
5243475
183051
5173224
23725485
1209992
14975051
19667929
23376600
18079500
27789
245985
21797352
18599944
10272021
18454095
10110375
11627616
13200
4185947
6899608
1545024
950301
877608
9808335
120037
4296929
644207
818184
8432687
232965
4977217
9784060
10902843
3160384
130088
23901360
6666528
21975228
3963856
212960
20548040
4866147
1378272
6369055
129596
13777263
1203328
148875
17572464
11182332
8566240
5399887
245795
20403285
5159959
1005993
696201
11376288
6486885
6686307
20493473
4747017
7795200
14538920
7705020
14340408
391
271929
2160836
1809507
883365
15123421
883200
95571
18922475
13153280
121792
237144
6764840
17438492
3241297
20424
18567225
6100851
750464
931931
19961424
9622260
742465
1763559
474432
700469
2444
13401897
2782103
3825887
10817485
14622135
1017757
6464640
2948064
13941312
12951576
1402016
4579596
2669667
1507584
24176745
698360
13395551
4981248
208653
10169657
1382895
8688204
330600
221884
16467363
12815311
2980848
20069376
444360
12623448
19368785
1046168
8981813
809592
14047488
71680
7888
1044
11067165
5166205
1806140
11404093
2169405
1656368
8207649
21038888
7683308
844305
6563843
5522436
6259808
11668935
3899469
22686133
18765495
1840224
5422125
692188
84693
2018712
23491728
1085763
325503
735
12872588
1467920
9947572
644
551687
10501777
12108464
2496204
14175056
21958112
6650280
328861
45008
11811120
19210248
10067353
5219929
437803
18904080
18564
13075452
1657788
462231
3904527
3942596
632320
1369641
13017340
3334240
9095815
18377793
23853056
23135200
5427051
5521344
9815673
5835375
571528
14046604
4183715
3002448
787815
22315735
2830373
14766713
8862168
5948696
6743733
6295056
6056352
1557600
4432736
207927
4730616
2219844
6263713
23939600
2025840
21593880
2653592
5986209
297093
157125
15665748
54288
15217765
6625152
822165
6963025
1928096
3774849
16410537
8612016
8702475
4330200
5239457
1153472
1016232
6295056
2627472
2251480
14914755
776768
16272900
591352
8185305
120815
4828803
5412813
11161605
22990089
11916048
14054965
604843
6656175
22856025
2202207
4536416
35244
8178444
1548
6165093
14326189
7033068
13964880
2352672
2636287
13024
3651296
3833620
8037224
2706816
4355488
8577745
5184245
15791947
18401699
3571011
1245231
17977116
5569564
24245772
629525
5977241
23240016
798721
22534008
1049896
12951280
917620
1442500
18913317
13926599
980036
21104640
2067315
1425380
11861015
2349945
6190080
760335
15625633
18574656
1411
24334233
2427075
18035784
16385520
1144459
16842807
9745284
12418135
7945800
3975552
9808199
17823168
374220
24768
268275
10863600
1537551
7610785
9369465
8678187
9777168
20857089
2886345
10594904
875135
21678255
455525
2103097
17038863
3976000
14031492
23270247
3873008
1849276
1532500
152760
18266752
7480161
49959
12588303
803
120848
13468000
5488128
19051856
33200
7856800
3426120
22041869
34209
625485
499365
3786835
11935176
6471095
21288707
19855855
7435233
23011013
11970639
15811
13287
16102488
5426596
21751600
383960
5711979
578032
686964
9511055
3370752
187395
10580713
2822336
1744416
16767656
16823904
2917143
6213449
1309089
1651176
3051568
3071073
21351337
16336395
6140340
19749127
1713081
2614064
6926983
1007
3942260
3406932
17815752
1375640
2610012
1768675
8367768
15999159
3722400
21425960
197620
2852600
8035016
12779025
4384640
15577209
4536275
1939360
5015391
52432
22456357
2740220
9940184
562356
16719917
1642228
100161
5878321
13592600
1574001
861
6506640
1570667
18870080
24540960
13755525
4953140
995600
15959241
9144380
17081685
10606368
51759
17663840
2194803
23241017
15663363
20258965
19944900
17648232
15015504
66896
2049840
17648397
9966528
17391
15435
592864
14714535
13712145
3662771
968112
24522288
15515360
21668064
264136
4616757
21640704
12744675
6633660
105456
20738291
697215
3841311
124425
10074260
4782645
23625
1367136
19527512
4926800
9053181
24294365
1465896
5796255
4116760
231440
18886755
9998100
2543989
8408064
1168545
442467
563992
2439588
22695500
18378144
17106271
75520
22741245
97929
5461280
5048685
6270000
385352
24155704
1317004
12873575
24244332
1043808
5183048
4054260
1758240
7878349
889149
2721771
6345136
6229935
5238077
4926464
294749
2254708
2000929
3568240
3299640
19043871
1543200
278759
14288336
21603783
9351243
21499465
14196060
21464568
18198752
11266949
19403925
708900
16096143
11140948
14653580
980036
1013853
2688231
8392353
12967165
3316032
4168740
9355456
14630225
8915712
3696840
2005488
672
20766213
11963897
7043652
4455921
609
14080
11328435
452865
230789
22771023
19157960
6664960
19158104
16908060
16768001
1244780
5184704
629412
4954880
5271360
24860132
12033936
3060475
21158556
11035155
6979539
1746315
871332
936799
4979520
14270883
795
1469848
540096
69020
4923432
14167255
4690595
1954304
13423996
1146600
21492055
861952
5555008
1400895
12305535
17665193
10323368
12194060
11922584
2848768
20175760
2698488
409200
123721
16874508
1454336
23540223
2107280
1070696
41888
224100
278495
3717148
15093144
21454524
16580959
3676224
15863928
1705536
341741
12075141
4068253
3968048
180609
11621265
52785
11048780
24363196
84240
10850432
9703104
266664
8987604
66548
604995
545097
2695875
21892465
1648256
20016612
24522295
21920283
13927760
21584992
29359
3696080
8046544
22590109
5894700
1596
11451375
881296
17278440
330609
8860593
479849
8629995
692664
9137304
208845
925275
6373224
7445841
15578584
7788000
1117053
1073232
24245151
613872
2067819
2492280
4986288
1687599
1791400
16581015
3315641
11985395
1394592
3823727
13763259
5643260
16079475
11881709
14046663
9578296
4272485
4254288
2283021
2889516
233120
2470655
2073564
234192
11614140
21827143
13154768
10438205
23427
4193280
737760
6728611
16048020
23280544
16265064
20113109
5184368
8473632
4990131
8993880
9125352
1938240
21028896
328224
194139
10967135
12054720
8856351
5216431
22971760
2414772
2669875
15262345
8892203
5845280
12311400
359936
21482901
290440
3318723
2011880
14577043
131240
12074181
6716348
236096
62379
1005615
20792871
152
21268428
11275680
660
254880
22176
8958024
773724
394965
5642975
6969344
1440285
14017175
1540883
11027441
4325671
19252044
4625037
6879985
741320
15420033
56785
1213675
114072
14938221
10732055
9314079
11222139
1301865
457184
4233920
13284
21159951
8519537
5654875
748192
5221224
4630960
7236051
22439025
11253624
18333588
1792777
21195792
12700727
12644407
2786499
22532488
8206200
4029
1046045
30135
10554705
21696795
16175700
3667224
990416
8767197
680141
2872664
20809908
22240556
548355
201576
1728
22106403
13431969
12089429
9210441
579348
14961255
5292920
4906224
24740507
18869852
1456
7266895
4921461
1425467
20684079
14844585
13336080
11417472
1722880
66243
9362000
2555960
23775360
177927
4897225
6692568
2628768
3735
10320869
220284
17884432
163701
4838911
4857255
16637757
13174499
7463808
12228928
2436145
20984777
1766784
16424873
2815155
4333499
1431968
20610231
16645559
301077
15364956
8288541
20051188
419804
21881184
260977
12974340
1775445
11833564
3647739
1307292
18488556
24512257
6733829
453224
6732
13234755
9517161
859335
21370280
1294900
6320192
347659
10750817
12792625
21312
1079472
6219636
15124125
938784
20956320
11879600
13890360
1255345
2234625
17463416
9405465
16176123
378288
15935623
12959984
22219296
10400561
11107289
2148195
1893372
5395033
890967
4230520
120373
431585
6593328
11182272
233795
1032689
15832392
3951360
189728
220539
11963312
4659345
1901200
4227127
2152040
18992163
22647297
4137092
760320
24720615
13001867
576
33165
11743104
1153509
1033613
16344085
11627739
22146036
8263416
1832227
8236851
91745
20061360
14203992
11722992
2230947
10086300
11054400
9690688
10940748
852176
4917024
11895025
142125
2953872
17369920
21602460
4834925
15341928
374495
1354671
966253
11764756
18887355
10862016
5442864
15586583
422499
16685856
5884515
3370671
1417037
14784024
15602499
3454920
1895105
1972936
705200
430320
