3.1666666667
3.1621621622
3.1622807018
3.1622775801
3.1622776623
3.1622776601
3.1622776602
3.1622776602
3.1622776602
3.1622776602
3.1622776602
3.1622776602
3.1622776602
3.1622776602
3.1622776602
3.1622776602
3.1622776602
3.1622776602
3.1622776602
3.1622776602
3.1622776602
3.1622776602
3.1622776602
3.1622776602
3.1622776602
3.1622776602
3.1622776602
3.1622776602
3.1622776602
3.1622776602
3.1622776602
3.1622776602
3.1622776602
3.1622776602
3.1622776602
3.1622776602
3.1622776602
3.1622776602
3.1622776602
3.1622776602
3.1622776602
3.1622776602
3.1622776602
3.1622776602
3.1622776602
3.1622776602
3.1622776602
3.1622776602
3.1622776602
3.1622776602
3.1622776602
3.1622776602
3.1622776602
3.1622776602
3.1622776602
3.1622776602
3.1622776602
3.1622776602
3.1622776602
3.1622776602
3.1622776602
3.1622776602
3.1622776602
3.1622776602
3.1622776602
3.1622776602
3.1622776602
3.1622776602
3.1622776602
3.1622776602
3.1622776602
3.1622776602
3.1622776602
3.1622776602
3.1622776602
3.1622776602
3.1622776602
3.1622776602
3.1622776602
3.1622776602
3.1622776602
3.1622776602
3.1622776602
3.1622776602
3.1622776602
3.1622776602
3.1622776602
3.1622776602
3.1622776602
3.1622776602
3.1622776602
3.1622776602
3.1622776602
3.1622776602
3.1622776602
3.1622776602
3.1622776602
3.1622776602
3.1622776602
3.1622776602
