15
2
15
247
199999998
197849936
12797435
13177798
1326679924
152624915
17699597
538126192
1362122289
5716397
1726888693
87815275
1339299718
97999923
1237827546
1962162
17429194
14153178
1154939856
95358554
567411146
648846984
153689266
17834834
197883343
1321977495
61529894
34612235
8499192
114479942
1285476178
573167
1227848143
641498768
1441283
124292878
979489
127426253
13991141
877613484
67987484
82367833
64792836
111663263
11881393
95483839
85869496
85375761
141754164
94545598
2389668
631987733
146674164
96653474
8575879
112952442
88378479
9124755
46596153
89723516
44559567
4489656
1362262851
72169729
14987872
487445854
65873696
77539192
611215297
34847126
1529472549
92386269
137764379
719346864
123492519
171855935
1522656
1144728859
955296355
124138388
827323281
159411146
124824361
355178465
44772517
876654972
78228529
796792571
856887388
184333644
1163261293
11854733
3795567
46542597
895541239
176979712
57227361
64844415
151467535
1318111157
7745153
931349644
143311344
113985315
424588519
111228618
15364653
59453794
88528554
66357987
76153356
951454421
169496765
939966114
935688
526672263
3438269
613169349
1622563188
13776615
1216875
9698953
88944644
178431454
1418482774
161383224
68169771
1356152699
121751149
12712283
1454279762
765827989
1121972627
88321534
1438146334
715438485
16473515
1215277237
73351843
4948212
75611792
126245931
9339292
1479489987
11678376
1895411931
9318585
111657197
72558154
16512974
1732598522
8462761
624756983
81776859
1121923919
154635494
9236743
143545751
219381921
1313251835
98197664
772299833
619814293
431666623
1224466712
1263327919
134566346
297151
411747688
1926948
465482671
144169489
917683873
764249636
977498953
91239753
7552486
711921722
81882583
92987872
9612658
1299866722
8217799
242612442
1391224588
7463371
757951421
37715593
3829329
94588922
12671385
28334444
1254329428
1575238416
876651129
162949566
1332977217
151953925
1254755297
152153386
564172794
583478441
878531378
11763545
116315539
884926
152698578
941455866
375985757
815558951
42181262
85265872
86374274
85391627
1199188962
19248836
35221256
139294157
86842139
965914119
32316461
846414722
146793351
99768575
14888488
1656313234
1226621
54436
7696366
158486855
155612237
698963384
11457995
1129775
185275994
516259225
17991934
149681243
811157599
1117623661
737926294
154224449
1791599648
647969714
4828614
148696343
132164352
96967134
868613745
7413764
1296488279
28818485
985273248
4287621
8989922
12645978
1168343354
139714566
875647587
88331962
619716583
357421762
17991268
132121792
128514577
6141875
1311766655
89825523
113325887
36632362
147896246
1431888773
84657227
14555348
65715653
711849442
4814888
13212226
1318649437
84756845
1616754733
9237256
1337911173
153181933
842989594
141884745
118351121
84995384
169267646
14279789
5512967
1729573128
146175575
927397667
1111422
14238297
126259342
6496373
65242186
21979971
117235853
186186211
29395151
63645939
91216213
1124825497
138836744
987769996
12194491
9494728
778717665
93465574
188427223
73551232
477462483
1472784591
85686338
11149432
112126226
111912991
377456324
951547647
19863196
1414274688
149138476
58341633
1774984
1631598
9776542
133279496
333645582
1122752991
939997129
7992349
1294398468
12738354
127431867
7832514
1157546679
131779414
1833423811
6773365
142634381
154827813
87518622
12931216
157541196
136455324
459124545
89472
983859789
112296617
417224734
1458289
573783666
871268132
1392982596
918979928
918626683
18936747
124342336
57378229
1294387725
75631599
59551391
1253653588
1211254515
12422171
186514888
15593449
836471489
175456811
19889
985191371
653483124
715874724
6396365
14735268
1166525129
128574794
667967895
7516493
87542131
176445889
117544421
128281355
1494257221
1798581448
145446843
8281418
926678789
719167932
71116
176878168
119855246
58837947
863474537
499449779
118835982
1165186865
1734656289
16263678
945583393
186582457
77429954
165462719
128588769
16634727
111294268
31763291
111132692
124256448
133343628
348844956
584139878
1716311778
141362545
56571871
15884948
68674993
981316129
1124714323
465549399
963229991
155993279
81292779
46443464
777937847
1455111224
33623471
1654234862
1474477816
6787757
125139871
1312856533
81794875
993192819
5971112
1259672949
94716999
1151577271
136269281
148443431
167278916
8865957
953569399
789961
1356927812
75778961
6235962
981733686
976564847
365154691
1376356787
1592367
57932348
143169138
1133996229
12675422
99756226
1493567262
7132896
73245758
12511581
922115381
1341983638
18499946
68934591
11763129
42612828
1654729
1719489277
121275813
1914782961
14933954
1267743581
131277736
12559631
69324365
923266
13285719
58229263
132757914
9593287
11574149
19591948
919954289
926262849
833966297
35134989
16851741
15172176
1696144
1617731348
458371176
596766
17171591
596621638
699928181
929435917
94585632
986473549
38188729
459125479
674194796
1961154
125133495
663698135
1153555778
11735195
1612374
6764798
129574985
235829973
89643744
64944687
968936949
1452916647
92942918
1587599
172461143
14531584
83869684
1423219158
14842659
376512315
128194428
91889682
1492847
983965753
12439811
91128699
7612576
923245122
82158326
8967567
116696221
67978321
68925116
1176372948
1542163579
11288
1788317853
118613552
111465312
14344724
164865924
64694188
395339256
164835725
949343655
1547563894
38787377
14245165
1516975964
9118821
1462331
438946482
5554311
99515298
16123471
1656336714
69356181
662673412
44892825
128326632
122733448
16979846
125628421
164218918
131382749
75685418
169255499
6518976
119625978
99673524
82358877
1823968363
651513723
41747782
1136793535
78142425
82261544
888966344
88569253
1169959759
1111138338
645284962
1649269576
3899875
151554484
84611346
136161297
116598113
5827863
83653441
794729845
117574159
12586375
23617876
17751553
896366322
1754215345
1374446838
23798955
115473676
1762937851
1544876552
1169993957
4855797
814749731
12663137
81551745
9561398
158481
126544434
175435143
25973621
15195179
17592662
66736748
162249663
113511664
836355345
861632277
41437333
1648456355
864378663
948476561
398852819
682291
1641996917
483291772
1372471715
14253917
7721718
118383347
356546649
58476829
158471497
24728547
258519986
12248267
551284826
1145218766
575533684
163884432
175485545
1154359854
13184213
1224161
1442979879
86951515
1134932997
176516544
74648564
1131839932
1584263
1986525
829692369
155942389
14733267
27933368
138975678
57143465
1293462598
819342571
18517415
17179219
638688321
14359555
87187386
1195468974
156765877
9675338
986346786
1561836894
1139458723
1783132838
1555835788
17992684
1271994854
144425859
155716558
83189282
434112194
976472277
863113572
99766
629446555
593362238
542678171
161577293
343976496
1312945122
134781929
144443476
121155595
123234389
17116659
15825954
914296
1228759
65631551
194146744
142652856
777864539
428758113
652115445
8914723
9333155
71842962
654738
13651646
1167752658
35797496
127198711
13687345
84695156
58779477
656556341
1755555472
92388681
1927328
16394514
112151445
328337779
145316841
831257896
126238349
259922865
837957347
873711171
8577171
1538914367
125988422
135116294
165121955
113123366
11243341
69884766
92721621
11713484
79783538
1435429516
694373185
11444875
886685
1666173
14243153
141675846
141975951
16315541
12747226
1187313469
117216365
119872331
9423534
979829141
9796251
2671544
17356612
59761291
75247266
57544536
1724129
21131144
763299125
1366739
82273128
12535678
1525322859
94567879
17243356
162562136
95958951
1186542998
116824763
56162582
164376248
645175833
55582443
119299831
163114577
1289845831
813677258
3774428
111211244
453323855
775757
135516633
1428129447
1543553754
746485217
17724943
163397755
15455386
8671898
831866116
98885462
1363925382
98744879
1213615354
282934577
85539137
16328758
12339661
1163447473
1571557336
119464149
636437829
9861676
12229599
1192695565
561689757
12817272
128712147
85388682
9184162
711924292
1132229516
141572232
1175766454
11693578
464924
638126381
1229899214
7596993
1698471693
115928845
1253248398
89554994
95384278
11539735
91494232
715742233
6726423
153881849
1341322
1172217972
47612433
77255734
1525483796
3244813
882169994
178885639
7785839
1582966235
134854145
993546693
138479897
1986446
372957992
1347542833
15283422
1544269836
929845358
1133597
13971373
132431463
1684942359
12357128
141115623
137814387
16561283
14364576
112334542
194746849
852194
8994135
13462491
818935853
93816316
11417812
42255884
66465275
998874365
1264965269
97389298
134991598
82951556
4486958
12665375
932677466
835161856
1136786294
15555724
96542898
123974855
1668793289
117949168
1797488757
116816294
53761333
1214422743
9649181
1172739875
454577679
65992236
178878623
1681423576
666987865
899297561
12693579
66759572
826539574
16974188
367644162
244737547
376267298
34857343
369546346
19918984
513237748
14661491
126932646
856488426
16932771
896252547
14432137
6221715
69232886
161995952
41565789
1561618235
1237561328
1117711159
128664961
155933961
736827318
483882971
1653219987
64684474
122896115
523831498
78379455
1211315
62944875
91391866
4634232
734192878
3523239
9848914
12213659
81562235
115637128
887568315
193318783
1791468541
147586524
15632524
991171242
766571439
511811132
1395866449
66484465
933825557
991699729
966717872
74397811
76677936
1478372
912553189
721863761
1332536994
1661846199
8669784
23631184
89654962
137376737
1797887637
19117824
54112798
88818195
135526469
564928645
954734853
1153757111
13589346
7925136
1331139625
1561349182
739564599
7232336
169754894
1397873656
38479426
88346892
19114572
939697639
87334466
284233739
118693818
686465189
292521695
128657897
496831894
458614652
17479
177171837
184354177
