100
52 29
0 19
38 52
95 63
1 87
43 92
17 91
28 56
43 53
64 27
69 40
99 48
24 82
55 58
71 25
95 48
38 5
42 75
77 44
79 23
55 41
72 42
37 12
38 88
73 62
33 66
92 85
59 78
54 22
33 34
28 81
46 32
11 61
54 3
6 76
45 74
70 65
8 90
2 11
1 61
91 35
22 0
39 22
2 57
28 37
78 62
68 72
70 100
87 4
0 61
1 49
5 10
38 73
59 11
2 9
77 50
17 50
90 27
96 93
73 48
40 31
22 75
32 66
62 15
95 38
33 90
52 51
9 98
98 61
72 63
21 30
31 98
81 21
50 96
79 48
35 72
29 48
60 63
33 56
100 57
100 45
86 96
38 2
53 25
47 63
24 59
96 26
49 18
51 99
88 99
79 0
4 46
83 96
36 67
4 25
94 17
83 30
51 5
56 94
26 8
