200
3418699
3418729
3418739
3418747
3418759
3418769
3418771
3418783
3418787
3418799
3418829
3418843
3418859
3418861
3418889
3418901
3418913
3418931
3418937
3418939
3418957
3418963
3418981
3418997
3419027
3419029
3419033
3419051
3419063
3419131
3419149
3419167
3419179
3419191
3419197
3419201
3419239
3419243
3419257
3419279
3419287
3419293
3419309
3419321
3419333
3419407
3419413
3419443
3419453
3419461
3419467
3419483
3419491
3419509
3419519
3419531
3419543
3419569
3419587
3419609
3419623
3419653
3419681
3419701
3419707
3419711
3419777
3419803
3419809
3419813
3419821
3419837
3419863
3419869
3419887
3419891
3419917
3419921
3419953
3419957
3419959
3419963
3420023
3420047
3420059
3420061
3420071
3420083
3420089
3420101
3420107
3420121
3420127
3420139
3420161
3420187
3420191
3420203
3420211
3420227
3420239
3420251
3420253
3420257
3420271
3420293
3420299
3420337
3420341
3420367
3420371
3420401
3420409
3420421
3420427
3420433
3420457
3420481
3420493
3420497
3420499
3420517
3420523
3420533
3420563
3420569
3420577
3420581
3420601
3420617
3420631
3420647
3420649
3420653
3420667
3420691
3420701
3420713
3420727
3420749
3420751
3420763
3420773
3420787
3420793
3420799
3420821
3420827
3420829
3420839
3420871
3420877
3420913
3420919
3420959
3420973
3421003
3421013
3421021
3421039
3421049
3421051
3421069
3421079
3421091
3421109
3421151
3421157
3421169
3421193
3421219
3421237
3421241
3421321
3421331
3421373
3421393
3421399
3421417
3421423
3421433
3421447
3421499
3421513
3421531
3421567
3421591
3421597
3421603
3421631
3421633
3421637
3421657
3421661
3421667
3421669
3421679
3421699
3421711
3421751
