8726
66
694
1791
29
899
-7462
23
77
-2657
71
261
41
84
796
1732
57
830
-9892
57
755
9051
38
806
5349
82
705
127
25
993
1963
69
659
-88
91
176
-5023
6
686
7480
64
64
5470
98
412
5558
13
963
-191
30
652
-391
91
313
8077
15
421
-5121
83
816
-3650
39
806
9040
34
731
-601
73
368
-1294
10
407
3672
51
667
3782
2
31
1350
8
533
5568
31
157
3515
81
530
-460
46
504
-3131
7
365
4530
31
4
472
65
545
-5609
22
328
-8038
74
39
9311
37
716
2459
43
882
8183
6
515
710
60
632
7780
98
908
-6967
34
684
-8231
34
51
6466
94
448
-7659
99
656
9800
24
403
-549
19
795
2562
51
40
6315
57
824
4956
47
164
3441
94
910
-2961
6
814
-6261
25
81
-207
34
944
-3099
71
907
-7161
29
320
-757
43
700
7146
31
723
-5308
90
106
7891
38
206
-8521
90
633
-1626
92
971
8769
57
288
-1590
6
301
1560
63
828
3597
76
15
-6518
86
810
-3534
40
318
-5739
5
637
-9968
91
984
7660
11
479
-2910
51
938
-9425
20
994
7683
36
81
9997
55
283
6876
83
273
8423
80
700
7771
95
704
2624
8
23
6771
10
22
2199
22
336
-8741
92
690
-5046
27
435
1239
12
880
-1080
98
497
3988
3
582
3925
15
335
-414
48
998
-9431
25
710
-2764
48
400
-5597
70
629
4362
43
145
7889
22
829
-7245
89
7
1726
83
105
-8754
40
982
-3602
82
154
3933
52
830
-6968
4
647
-5327
74
921
2622
44
972
9991
01
001
