982
75
34
730
830
923
161
426
558
58
180
49
916
641
203
683
518
46
115
1379
490
405
962
1245
56
1964
362
820
225
1063
1041
495
1365
78
97
99
233
737
639
591
521
568
118
1270
142
199
250
620
963
65
103
193
961
12
1369
75
1451
1441
350
874
1242
416
85
955
666
1456
637
221
1366
1158
543
350
848
921
247
656
145
46
190
1053
1132
531
88
862
241
94
377
32
518
1382
243
585
707
6
103
154
17
575
240
746
985
1586
139
11
1117
49
128
1267
393
305
1501
263
69
14
433
69
70
111
842
1419
938
381
693
966
558
439
829
345
1251
644
86
125
881
144
498
211
2099
22
756
1031
190
314
217
289
51
654
1762
643
2034
563
312
813
992
1341
583
557
1292
12
649
771
1215
1542
109
894
147
181
19
13
1785
1527
106
80
472
835
715
309
298
720
1196
935
88
60
1173
1406
103
17
54
668
86
164
19
811
846
683
861
480
954
139
1662
70
146
77
182
196
12
80
162
113
91
47
1376
1540
1789
58
517
723
119
687
361
82
1398
35
112
13
164
576
117
709
27
1776
345
217
1218
15
903
660
1726
806
1421
579
1969
807
48
1195
529
237
684
395
98
2088
114
310
71
83
13
176
572
212
519
62
144
140
157
440
29
669
893
331
1097
16
752
157
1045
193
160
2192
23
935
620
42
1503
1282
186
122
86
713
1052
1693
203
1112
78
150
379
596
1136
448
42
65
818
321
356
617
29
904
944
869
968
921
996
1200
33
39
25
1091
22
246
10
984
1816
205
744
993
709
448
454
316
179
779
870
207
1594
730
629
844
107
560
1469
824
169
816
22
82
612
97
1131
394
123
1632
153
444
1272
102
94
962
28
184
126
459
730
78
607
151
1087
531
182
336
1297
691
143
1436
1585
107
454
82
752
910
37
801
1532
809
20
144
44
651
1190
738
912
833
413
849
50
187
468
105
637
203
480
613
90
107
121
52
407
1521
1735
995
925
745
646
698
427
796
211
2030
231
382
1012
966
42
1778
206
189
184
366
413
83
105
1629
212
667
40
818
81
990
404
299
52
100
958
959
64
846
140
18
100
2138
627
826
1221
769
185
96
83
457
631
407
870
511
763
25
615
336
40
75
410
615
520
180
822
872
382
528
657
464
1068
170
100
822
970
40
74
49
12
944
58
571
949
2629
301
880
104
331
100
1059
331
927
378
70
665
359
1410
101
518
1104
762
694
848
1003
119
238
136
345
791
488
980
170
1028
83
649
592
511
18
1753
336
112
805
1090
87
60
755
228
89
760
411
1356
107
1048
860
430
967
1242
927
554
53
32
1594
330
204
353
643
1662
25
1055
166
448
202
987
1065
1333
297
623
1754
910
14
89
589
89
93
106
617
887
110
1324
51
865
225
845
409
35
441
394
654
835
618
1717
325
348
1535
118
510
1295
233
163
84
101
115
658
15
127
1004
83
478
286
549
281
79
1420
327
913
1508
136
678
191
727
725
941
1507
485
145
445
20
316
307
99
760
253
537
91
86
152
395
59
58
1299
1164
156
956
770
59
97
1476
447
892
2522
230
395
123
710
1105
145
16
86
91
961
86
261
685
987
32
52
1000
566
93
874
422
46
862
102
1277
821
371
160
358
51
364
1445
108
834
1645
1158
92
14
292
598
97
303
1672
1549
411
437
163
807
1497
57
794
494
2095
31
1044
1005
24
1350
771
676
84
167
818
804
937
106
238
1147
199
813
117
1557
836
1073
1288
258
693
191
263
474
365
99
441
1009
582
374
72
2302
20
888
62
916
886
51
673
1247
334
2083
334
107
465
76
78
1818
1323
338
168
378
1226
587
445
373
110
61
155
581
832
627
411
276
466
1492
480
934
617
219
152
971
873
59
12
108
865
1151
162
1188
989
106
189
827
79
817
741
899
563
181
794
774
901
128
113
234
57
291
104
1223
942
249
1467
798
1336
1022
1429
46
100
2031
866
94
1168
72
45
766
1034
172
1339
50
767
946
1040
289
308
743
562
132
204
521
220
1132
166
319
4
634
81
145
89
871
1226
1093
159
839
1173
101
737
499
1642
733
86
59
1174
1276
237
1358
699
953
769
1535
746
688
1638
73
54
155
1072
1094
684
914
5
304
532
539
1217
56
271
682
889
908
476
1667
506
1449
893
452
1062
760
759
266
89
316
766
15
195
457
350
1032
63
82
1634
487
63
653
651
1230
559
1017
161
127
564
655
140
88
826
342
61
322
13
14
1011
151
15
262
338
771
33
31
469
1149
177
601
1165
92
141
272
791
100
710
704
21
175
43
653
44
957
871
473
832
276
1796
1042
929
302
609
967
486
2099
31
75
760
796
1007
659
31
165
789
900
849
1560
1039
188
596
1257
32
677
361
694
93
1465
119
18
1359
99
1030
1117
251
727
49
308
43
1677
136
683
457
577
745
132
53
1734
