1
3
1
12
1
14
1
16
1
20
1
25
1
26
1
27
1
36
1
37
1
38
1
43
1
50
1
54
1
57
1
58
1
59
1
67
1
71
1
76
1
80
1
81
1
83
1
90
1
98
1
99
2
5
2
17
2
29
2
33
2
34
2
35
2
36
2
37
2
39
2
51
2
56
2
58
2
67
2
68
2
75
2
78
2
83
2
85
2
86
2
93
3
11
3
12
3
18
3
21
3
24
3
31
3
37
3
44
3
45
3
56
3
60
3
64
3
70
3
79
3
81
3
87
3
96
4
3
4
5
4
18
4
21
4
29
4
43
4
46
4
47
4
48
4
50
4
60
4
61
4
66
4
67
4
74
4
89
4
96
5
5
5
9
5
18
5
26
5
34
5
35
5
47
5
53
5
54
5
55
5
58
5
64
5
67
5
72
5
73
5
75
5
83
5
84
5
92
5
97
5
99
6
5
6
6
6
8
6
16
6
19
6
21
6
25
6
27
6
32
6
34
6
36
6
38
6
43
6
48
6
53
6
58
6
65
6
73
6
78
6
83
6
85
6
91
6
98
7
9
7
14
7
16
7
18
7
19
7
23
7
25
7
36
7
38
7
43
7
46
7
49
7
50
7
56
7
60
7
64
7
65
7
68
7
79
7
82
7
86
7
91
7
94
7
97
7
99
7
100
8
1
8
4
8
9
8
12
8
19
8
34
8
35
8
38
8
39
8
40
8
45
8
48
8
63
8
65
8
79
8
88
8
90
9
8
9
17
9
20
9
23
9
25
9
29
9
32
9
33
9
41
9
42
9
48
9
49
9
50
9
52
9
53
9
58
9
59
9
61
9
73
9
80
9
88
9
90
9
95
9
97
10
1
10
11
10
12
10
13
10
14
10
15
10
17
10
24
10
26
10
28
10
30
10
31
10
32
10
38
10
44
10
48
10
50
10
55
10
58
10
67
10
89
10
91
10
93
10
98
10
99
11
3
11
8
11
24
11
28
11
41
11
45
11
56
11
59
11
60
11
61
11
64
11
72
11
78
11
83
11
89
11
94
12
4
12
5
12
11
12
24
12
25
12
30
12
42
12
44
12
51
12
52
12
57
12
58
12
77
12
80
12
83
12
86
12
87
12
90
12
91
12
93
12
96
13
4
13
6
13
11
13
13
13
18
13
28
13
30
13
34
13
37
13
38
13
41
13
42
13
46
13
47
13
49
13
51
13
53
13
54
13
59
13
67
13
69
13
72
13
76
13
80
13
82
13
87
13
93
13
95
13
96
13
98
14
6
14
8
14
12
14
17
14
22
14
23
14
28
14
32
14
33
14
35
14
39
14
43
14
44
14
45
14
51
14
52
14
54
14
57
14
58
14
66
14
67
14
73
14
77
14
79
14
83
14
86
14
88
14
91
15
1
15
7
15
10
15
21
15
23
15
26
15
44
15
48
15
56
15
57
15
58
15
74
15
87
15
93
15
96
15
98
15
99
16
5
16
10
16
18
16
19
16
22
16
24
16
25
16
26
16
30
16
42
16
44
16
50
16
52
16
55
16
56
16
59
16
62
16
76
16
77
16
80
16
85
16
87
16
92
16
96
16
100
17
1
17
7
17
13
17
21
17
22
17
27
17
30
17
31
17
40
17
44
17
47
17
50
17
52
17
61
17
63
17
64
17
74
17
78
17
92
17
93
18
2
18
9
18
11
18
19
18
22
18
24
18
30
18
35
18
42
18
47
18
50
18
56
18
64
18
71
18
90
18
99
18
100
19
5
19
12
19
14
19
17
19
24
19
25
19
27
19
40
19
45
19
47
19
50
19
52
19
55
19
56
19
61
19
64
19
68
19
74
19
78
19
81
19
82
19
85
19
93
19
97
20
6
20
9
20
10
20
13
20
15
20
23
20
25
20
28
20
49
20
52
20
54
20
69
20
74
20
82
20
87
20
92
20
100
21
10
21
12
21
21
21
25
21
27
21
31
21
41
21
47
21
48
21
51
21
52
21
55
21
68
21
73
21
78
21
87
21
88
21
96
21
98
21
99
22
5
22
10
22
22
22
23
22
27
22
30
22
32
22
35
22
42
22
45
22
51
22
52
22
60
22
67
22
68
22
72
22
73
22
82
22
88
22
92
22
95
22
99
23
12
23
15
23
16
23
18
23
19
23
23
23
25
23
32
23
34
23
35
23
37
23
40
23
45
23
49
23
61
23
62
23
68
23
70
23
73
23
75
23
77
23
90
23
95
23
96
23
99
23
100
24
20
24
35
24
36
24
40
24
41
24
48
24
58
24
61
24
68
24
71
24
81
24
96
25
10
25
15
25
18
25
27
25
31
25
34
25
36
25
37
25
38
25
44
25
45
25
47
25
55
25
57
25
60
25
66
25
79
25
80
25
82
25
85
25
98
26
1
26
6
26
7
26
8
26
10
26
31
26
39
26
40
26
48
26
57
26
60
26
73
26
77
26
81
26
85
26
86
26
93
27
3
27
5
27
16
27
43
27
45
27
53
27
57
27
58
27
59
27
63
27
64
27
68
27
69
27
71
27
95
27
100
28
3
28
13
28
16
28
25
28
38
28
39
28
42
28
43
28
48
28
50
28
53
28
55
28
68
28
71
28
75
28
76
28
84
28
98
29
20
29
21
29
22
29
23
29
25
29
29
29
34
29
35
29
44
29
48
29
52
29
54
29
57
29
68
29
70
29
74
29
75
29
76
29
83
29
86
29
95
30
3
30
9
30
20
30
36
30
43
30
61
30
62
30
69
30
71
30
73
30
74
30
75
30
76
30
77
30
80
30
82
30
83
30
86
30
100
31
9
31
13
31
14
31
17
31
20
31
21
31
23
31
36
31
37
31
40
31
41
31
43
31
51
31
54
31
60
31
67
31
69
31
74
31
76
31
79
31
83
31
93
31
94
31
95
31
97
31
100
32
5
32
11
32
15
32
17
32
19
32
20
32
25
32
32
32
34
32
40
32
41
32
42
32
49
32
51
32
52
32
53
32
54
32
58
32
61
32
62
32
66
32
68
32
69
32
70
32
81
32
83
32
86
32
93
32
94
33
4
33
11
33
16
33
18
33
20
33
21
33
28
33
33
33
37
33
41
33
47
33
48
33
49
33
57
33
68
33
73
33
77
33
84
33
89
33
100
34
2
34
4
34
5
34
9
34
13
34
14
34
15
34
25
34
29
34
34
34
36
34
40
34
42
34
52
34
62
34
63
34
66
34
68
34
75
34
77
34
91
34
98
35
3
35
9
35
12
35
14
35
18
35
23
35
33
35
36
35
49
35
50
35
53
35
56
35
58
35
65
35
69
35
78
35
81
35
83
35
84
35
90
35
94
36
5
36
9
36
13
36
17
36
18
36
33
36
34
36
40
36
46
36
51
36
54
36
68
36
82
36
83
36
89
36
100
37
3
37
8
37
9
37
22
37
27
37
32
37
34
37
39
37
40
37
44
37
46
37
48
37
53
37
59
37
69
37
72
37
80
37
92
38
1
38
2
38
12
38
13
38
17
38
23
38
37
38
40
38
47
38
56
38
61
38
63
38
68
38
70
38
71
38
77
38
83
38
85
38
91
38
92
38
94
38
99
39
4
39
5
39
7
39
11
39
22
39
26
39
27
39
34
39
37
39
39
39
43
39
54
39
57
39
66
39
67
39
72
39
79
39
80
39
92
39
93
40
2
40
20
40
33
40
34
40
41
40
44
40
54
40
58
40
69
40
70
40
80
40
84
40
85
40
87
40
95
40
96
40
97
40
99
41
1
41
6
41
9
41
10
41
25
41
29
41
35
41
37
41
38
41
43
41
45
41
46
41
59
41
64
41
69
41
72
41
73
41
77
41
88
41
89
41
99
42
1
42
8
42
9
42
18
42
26
42
30
42
34
42
39
42
48
42
55
42
56
42
62
42
64
42
78
42
79
42
80
42
84
42
100
43
3
43
6
43
10
43
12
43
13
43
16
43
24
43
27
43
38
43
42
43
47
43
55
43
61
43
77
43
81
43
88
43
89
43
90
43
96
44
5
44
12
44
15
44
20
44
22
44
23
44
24
44
28
44
29
44
33
44
38
44
48
44
52
44
53
44
54
44
72
44
73
44
77
44
79
44
93
44
95
45
2
45
12
45
14
45
17
45
18
45
21
45
22
45
47
45
49
45
50
45
55
45
66
45
73
45
79
45
80
45
89
45
99
46
1
46
3
46
8
46
9
46
13
46
18
46
20
46
28
46
36
46
38
46
42
46
43
46
44
46
50
46
54
46
58
46
64
46
68
46
69
46
77
46
84
46
85
46
88
46
99
47
1
47
7
47
19
47
26
47
29
47
35
47
39
47
62
47
66
47
75
47
80
47
84
47
87
47
96
48
1
48
7
48
14
48
15
48
21
48
28
48
30
48
32
48
36
48
38
48
40
48
41
48
42
48
45
48
48
48
50
48
52
48
57
48
60
48
63
48
66
48
78
48
79
48
83
48
87
48
95
49
1
49
4
49
7
49
18
49
29
49
33
49
46
49
49
49
53
49
55
49
57
49
59
49
66
49
77
49
79
49
80
49
81
49
90
50
4
50
13
50
29
50
36
50
46
50
47
50
48
50
52
50
53
50
58
50
69
50
72
50
75
50
78
50
88
50
93
50
95
50
97
50
99
51
9
51
17
51
20
51
26
51
30
51
33
51
37
51
41
51
42
51
45
51
56
51
57
51
61
51
65
51
66
51
68
51
71
51
76
51
82
51
83
51
86
51
87
51
100
52
5
52
9
52
10
52
21
52
23
52
25
52
29
52
44
52
49
52
66
52
67
52
70
52
77
52
95
52
99
53
1
53
3
53
4
53
7
53
10
53
13
53
14
53
15
53
29
53
34
53
44
53
65
53
67
53
69
53
72
53
75
53
77
53
94
53
97
53
99
54
3
54
15
54
23
54
29
54
37
54
41
54
48
54
50
54
53
54
58
54
64
54
67
54
71
54
74
54
79
54
81
54
83
54
85
54
87
55
10
55
31
55
37
55
48
55
51
55
56
55
65
55
70
55
78
55
81
55
82
55
83
55
87
55
100
56
3
56
6
56
8
56
11
56
14
56
16
56
19
56
24
56
33
56
48
56
50
56
60
56
62
56
68
56
78
56
82
56
91
57
1
57
3
57
4
57
5
57
8
57
11
57
19
57
22
57
28
57
44
57
47
57
50
57
51
57
52
57
58
57
62
57
79
57
95
57
100
58
5
58
8
58
9
58
12
58
20
58
23
58
28
58
42
58
44
58
45
58
57
58
59
58
61
58
66
58
70
58
71
58
72
58
73
58
76
58
78
58
79
58
85
58
86
58
88
58
91
58
96
59
1
59
9
59
15
59
16
59
20
59
25
59
28
59
33
59
35
59
44
59
63
59
64
59
66
59
82
59
85
59
86
59
93
59
94
60
4
60
6
60
7
60
10
60
11
60
12
60
14
60
18
60
24
60
28
60
29
60
32
60
33
60
44
60
52
60
53
60
56
60
61
60
68
60
69
60
72
60
76
60
90
60
93
60
99
61
5
61
6
61
12
61
14
61
17
61
18
61
21
61
24
61
25
61
44
61
53
61
57
61
69
61
75
61
85
61
100
62
1
62
2
62
3
62
7
62
11
62
12
62
14
62
22
62
27
62
31
62
33
62
39
62
42
62
44
62
47
62
52
62
56
62
59
62
66
62
70
62
72
62
74
62
82
62
84
62
86
62
88
62
94
62
98
63
2
63
6
63
13
63
14
63
16
63
17
63
19
63
21
63
23
63
34
63
39
63
40
63
54
63
60
63
63
63
82
63
88
63
90
63
91
63
99
64
2
64
14
64
17
64
21
64
30
64
31
64
45
64
54
64
56
64
57
64
64
64
65
64
71
64
73
64
99
64
100
65
6
65
7
65
16
65
20
65
24
65
27
65
45
65
54
65
57
65
61
65
63
65
64
65
67
65
80
65
81
65
91
65
93
65
98
65
99
66
1
66
4
66
11
66
17
66
20
66
23
66
41
66
43
66
44
66
48
66
62
66
64
66
67
66
68
66
69
66
74
66
79
66
82
66
86
66
89
66
91
66
95
67
2
67
5
67
7
67
8
67
9
67
14
67
22
67
27
67
40
67
46
67
55
67
66
67
73
67
77
67
83
67
85
67
86
67
88
68
9
68
17
68
24
68
38
68
39
68
43
68
48
68
52
68
55
68
57
68
67
68
74
68
85
68
95
69
8
69
9
69
11
69
15
69
17
69
19
69
24
69
28
69
31
69
50
69
61
69
62
69
66
69
74
69
75
69
81
69
83
69
84
69
85
69
94
69
97
70
11
70
15
70
18
70
22
70
25
70
36
70
39
70
57
70
61
70
62
70
77
70
80
70
83
70
84
70
89
70
100
71
6
71
9
71
20
71
22
71
23
71
32
71
39
71
44
71
47
71
54
71
62
71
65
71
69
71
71
71
77
71
78
71
91
71
95
71
99
72
5
72
9
72
11
72
15
72
20
72
21
72
29
72
38
72
43
72
44
72
47
72
54
72
57
72
60
72
62
72
65
72
72
72
78
72
89
72
91
72
93
72
96
72
98
73
9
73
10
73
25
73
26
73
28
73
29
73
30
73
35
73
36
73
37
73
45
73
47
73
66
73
69
73
70
73
73
73
87
73
99
73
100
74
1
74
5
74
8
74
11
74
13
74
15
74
19
74
21
74
33
74
34
74
39
74
40
74
55
74
74
74
85
74
88
75
1
75
3
75
14
75
15
75
21
75
24
75
25
75
29
75
32
75
34
75
37
75
43
75
47
75
48
75
50
75
51
75
57
75
64
75
71
75
80
75
81
75
86
75
92
75
98
76
9
76
10
76
27
76
36
76
41
76
46
76
58
76
60
76
63
76
64
76
65
76
68
76
72
76
74
76
76
76
77
76
80
76
82
76
90
76
93
76
96
77
2
77
6
77
11
77
12
77
15
77
19
77
22
77
31
77
32
77
34
77
35
77
38
77
41
77
45
77
47
77
57
77
62
77
73
77
80
77
81
77
98
77
99
78
2
78
7
78
8
78
12
78
19
78
20
78
39
78
40
78
53
78
58
78
60
78
75
78
80
78
83
78
88
78
96
78
100
79
5
79
7
79
8
79
11
79
13
79
15
79
18
79
19
79
32
79
37
79
40
79
41
79
43
79
44
79
45
79
48
79
63
79
65
79
82
79
84
79
85
79
92
79
93
79
100
80
4
80
11
80
30
80
43
80
49
80
51
80
54
80
69
80
72
80
73
80
81
80
83
80
86
80
87
80
89
80
100
81
8
81
12
81
14
81
19
81
23
81
37
81
42
81
44
81
45
81
53
81
55
81
56
81
58
81
60
81
78
81
86
81
90
81
93
81
96
81
98
82
1
82
4
82
11
82
26
82
30
82
33
82
35
82
36
82
43
82
45
82
53
82
54
82
64
82
72
82
75
82
82
82
99
83
1
83
4
83
7
83
8
83
33
83
36
83
42
83
43
83
44
83
51
83
54
83
61
83
63
83
67
83
75
83
77
83
79
83
80
83
84
83
87
83
88
83
91
83
92
83
94
83
96
84
3
84
4
84
20
84
22
84
35
84
38
84
39
84
40
84
43
84
46
84
54
84
55
84
68
84
73
84
76
84
77
84
79
84
82
84
84
84
85
84
96
84
99
85
1
85
5
85
11
85
21
85
24
85
25
85
26
85
31
85
33
85
51
85
58
85
62
85
64
85
66
85
67
85
70
85
71
85
73
85
74
85
76
85
83
85
84
85
85
85
86
85
100
86
1
86
2
86
9
86
11
86
12
86
20
86
31
86
38
86
43
86
47
86
51
86
55
86
74
86
75
86
78
86
81
86
95
86
97
87
2
87
9
87
10
87
17
87
25
87
39
87
41
87
53
87
55
87
56
87
63
87
65
87
66
87
72
87
79
87
81
87
82
87
85
87
87
87
92
88
1
88
8
88
11
88
32
88
33
88
35
88
40
88
43
88
54
88
55
88
59
88
61
88
63
88
64
88
69
88
72
88
81
88
82
88
84
88
85
88
90
88
100
89
5
89
23
89
28
89
29
89
34
89
35
89
37
89
55
89
57
89
63
89
66
89
67
89
70
89
85
89
86
89
90
89
98
89
99
89
100
90
2
90
7
90
16
90
20
90
30
90
36
90
53
90
56
90
57
90
58
90
59
90
65
90
67
90
72
90
73
90
76
90
84
90
93
90
94
90
97
91
6
91
11
91
15
91
18
91
21
91
22
91
30
91
35
91
37
91
40
91
49
91
52
91
53
91
56
91
62
91
63
91
67
91
68
91
70
91
75
91
80
91
83
91
87
91
89
91
92
91
97
91
100
92
1
92
2
92
8
92
15
92
20
92
22
92
26
92
38
92
49
92
57
92
61
92
63
92
65
92
70
92
75
92
80
92
81
92
84
92
86
92
92
92
94
93
4
93
6
93
8
93
10
93
17
93
20
93
24
93
33
93
37
93
43
93
44
93
57
93
63
93
64
93
83
93
89
93
90
93
99
94
2
94
6
94
8
94
12
94
15
94
18
94
30
94
33
94
37
94
76
94
77
94
93
94
99
94
100
95
6
95
13
95
19
95
25
95
28
95
31
95
36
95
38
95
46
95
53
95
64
95
87
95
88
95
95
96
4
96
25
96
32
96
34
96
35
96
38
96
40
96
47
96
51
96
52
96
53
96
55
96
64
96
65
96
74
96
81
96
83
96
85
96
86
96
90
96
91
96
93
97
5
97
8
97
11
97
17
97
19
97
24
97
26
97
31
97
35
97
41
97
43
97
44
97
50
97
51
97
52
97
56
97
59
97
60
97
62
97
66
97
72
97
74
97
83
97
84
97
90
97
97
98
2
98
3
98
7
98
12
98
24
98
26
98
31
98
40
98
42
98
47
98
51
98
54
98
56
98
58
98
59
98
63
98
64
98
65
98
69
98
74
98
77
98
83
98
88
98
90
98
96
99
4
99
18
99
21
99
30
99
37
99
39
99
41
99
45
99
47
99
59
99
65
99
67
99
70
99
71
99
73
99
75
99
87
99
92
100
1
100
10
100
11
100
13
100
20
100
28
100
32
100
39
100
45
100
58
100
64
100
65
100
66
100
68
100
72
100
74
100
78
100
86
100
87
