3
4
12
22
14
26
16
30
20
38
25
48
26
50
27
52
36
70
37
72
38
74
43
84
50
98
54
106
57
112
58
114
59
116
67
132
71
140
76
150
80
158
81
160
83
164
90
178
98
194
99
196
14
10
50
34
86
58
98
66
101
68
104
70
107
72
110
74
116
78
152
102
167
112
173
116
200
134
203
136
224
150
233
156
248
166
254
170
257
172
278
186
53
24
58
26
88
38
103
44
118
50
153
64
183
76
218
90
223
92
278
114
298
122
318
130
348
142
393
160
403
164
433
176
478
194
18
10
32
14
123
40
144
46
200
62
298
90
319
96
326
98
333
100
347
104
417
124
424
126
459
136
466
138
515
152
620
182
669
196
41
16
77
24
158
42
230
58
302
74
311
76
419
100
473
112
482
114
491
116
518
122
572
134
599
140
644
150
653
152
671
156
743
172
752
174
824
190
869
200
887
204
50
18
61
20
83
24
171
40
204
46
226
50
270
58
292
62
347
72
369
76
391
80
413
84
468
94
523
104
578
114
633
124
710
138
798
154
853
164
908
174
930
178
996
190
1073
204
111
28
176
38
202
42
228
46
241
48
293
56
319
60
462
82
488
86
553
96
592
102
631
108
644
110
722
122
774
130
826
138
839
140
878
146
1021
168
1060
174
1112
182
1177
192
1216
198
1255
204
1281
208
1294
210
8
14
53
20
128
30
173
36
278
50
503
80
518
82
563
88
578
90
593
92
668
102
713
108
938
138
968
142
1178
170
1313
188
1343
192
128
30
281
48
332
54
383
60
417
64
485
72
536
78
553
80
689
96
706
98
808
110
825
112
842
114
876
118
893
120
978
130
995
132
1029
136
1233
160
1352
174
1488
190
1522
194
1607
204
1641
208
10
18
200
38
219
40
238
42
257
44
276
46
314
50
447
64
485
68
523
72
561
76
580
78
599
80
713
92
827
104
903
112
941
116
1036
126
1093
132
1264
150
1682
194
1720
198
1758
202
1853
212
1872
214
53
24
158
34
494
66
578
74
851
100
935
108
1166
130
1229
136
1250
138
1271
140
1334
146
1502
162
1628
174
1733
184
1859
196
1964
206
81
28
104
30
242
42
541
68
564
70
679
80
955
104
1001
108
1162
122
1185
124
1300
134
1323
136
1760
174
1829
180
1898
186
1967
192
1990
194
2059
200
2082
202
2128
206
2197
212
88
30
138
34
263
44
313
48
438
58
688
78
738
82
838
90
913
96
938
98
1013
104
1038
106
1138
114
1163
116
1213
120
1263
124
1313
128
1338
130
1463
140
1663
156
1713
160
1788
166
1888
174
1988
182
2038
186
2163
196
2313
208
2363
212
2388
214
2438
218
149
36
203
40
311
48
446
58
581
68
608
70
743
80
851
88
878
90
932
94
1040
102
1148
110
1175
112
1202
114
1364
126
1391
128
1445
132
1526
138
1553
140
1769
156
1796
158
1958
170
2066
178
2120
182
2228
190
2309
196
2363
200
2444
206
15
28
189
40
276
46
595
68
653
72
740
78
1262
114
1378
122
1610
138
1639
140
1668
142
2132
174
2509
200
2683
212
2770
218
2828
222
2857
224
140
38
295
48
543
64
574
66
667
72
729
76
760
78
791
80
915
88
1287
112
1349
116
1535
128
1597
132
1690
138
1721
140
1814
146
1907
152
2341
180
2372
182
2465
188
2620
198
2682
202
2837
212
2961
220
3085
228
17
32
215
44
413
56
677
72
710
74
875
84
974
90
1007
92
1304
110
1436
118
1535
124
1634
130
1700
134
1997
152
2063
156
2096
158
2426
178
2558
186
3020
214
3053
216
53
36
298
50
368
54
648
70
753
76
823
80
1033
92
1208
102
1453
116
1628
126
1733
132
1943
144
2223
160
2468
174
3133
212
3448
230
3483
232
167
44
426
58
500
62
611
68
870
82
907
84
981
88
1462
114
1647
124
1721
128
1832
134
1906
138
2017
144
2054
146
2239
156
2350
162
2498
170
2720
182
2868
190
2979
196
3016
198
3127
204
3423
220
3571
228
215
48
332
54
371
56
488
62
566
66
878
82
956
86
1073
92
1892
134
2009
140
2087
144
2672
174
2867
184
3179
200
3374
210
3569
220
3881
236
390
58
472
62
841
80
1005
88
1087
92
1251
100
1661
120
1907
132
1948
134
2071
140
2112
142
2235
148
2768
174
2973
184
3178
194
3547
212
3588
214
3916
230
3998
234
4039
236
194
50
409
60
925
84
968
86
1140
94
1269
100
1355
104
1484
110
1785
124
1914
130
2172
142
2215
144
2559
160
2860
174
2903
176
3075
184
3118
186
3505
204
3763
216
3935
224
4064
230
4236
238
518
66
653
72
698
74
788
78
833
80
1013
88
1103
92
1418
106
1508
110
1553
112
1643
116
1778
122
2003
132
2183
140
2723
164
2768
166
3038
178
3128
182
3263
188
3353
192
3443
196
4028
222
4253
232
4298
234
4433
240
4478
242
917
84
1622
114
1669
116
1857
124
1904
126
2233
140
2703
160
2844
166
3173
180
3314
186
3784
206
4489
236
466
66
711
76
858
82
1299
100
1495
108
1642
114
1740
118
1789
120
1838
122
2132
134
2181
136
2279
140
2671
156
2769
160
2916
166
3210
178
3847
204
3896
206
3994
210
4141
216
4778
242
26
50
281
60
332
62
383
64
485
68
1556
110
1964
126
2015
128
2423
144
2882
162
3035
168
3698
194
3902
202
4106
210
4310
218
4361
220
4718
234
133
56
239
60
822
82
2253
136
2359
140
2783
156
2995
164
3048
166
3101
168
3313
176
3366
178
3578
186
3631
188
3737
192
5009
240
5274
250
138
58
688
78
853
84
1348
102
2063
128
2118
130
2283
136
2338
138
2613
148
2723
152
2888
158
2998
162
3713
188
3878
194
4098
202
4153
204
4593
220
5363
248
1112
94
1169
96
1226
98
1283
100
1397
104
1625
112
1910
122
1967
124
2480
142
2708
150
2936
158
3050
162
3221
168
3848
190
3962
194
4190
202
4247
204
4304
206
4703
220
4874
226
5387
244
148
62
502
74
1151
96
2095
128
2508
142
3570
178
3629
180
4042
194
4160
198
4278
202
4337
204
4396
206
4455
208
4514
210
4691
216
4809
220
4868
222
5045
228
5871
256
519
76
763
84
824
86
1007
92
1190
98
1251
100
1373
104
2166
130
2227
132
2410
138
2471
140
2593
144
3081
160
3264
166
3630
178
4057
192
4179
196
4484
206
4606
210
4789
216
5033
224
5643
244
5704
246
5765
248
5887
252
6070
258
284
70
662
82
914
90
1040
94
1166
98
1229
100
1544
110
1985
124
2111
128
2489
140
2552
142
2615
144
3056
158
3182
162
3245
164
3308
166
3371
168
3623
176
3812
182
3875
184
4127
192
4253
196
4316
198
4379
200
5072
222
5198
226
5387
232
5828
246
5891
248
228
70
683
84
1008
94
1138
98
1268
102
1333
104
1788
118
2113
128
2373
136
2633
144
3023
156
3088
158
3153
160
3673
176
4388
198
4713
208
4973
216
5428
230
5753
240
6468
262
101
68
235
72
302
74
570
82
838
90
905
92
972
94
1642
114
1910
122
2245
132
2379
136
2647
144
2781
148
3451
168
4121
188
4188
190
4389
196
4523
200
4992
214
5126
218
6064
246
6533
260
173
72
587
84
794
90
932
94
1208
102
1553
112
2243
132
2450
138
3347
164
3416
166
3623
172
3830
178
3968
182
4451
196
4727
204
5348
222
5555
228
5693
232
5762
234
6176
246
6452
254
320
78
604
86
888
94
1172
102
1243
104
2308
134
2379
136
2805
148
3231
160
3586
170
3799
176
4793
204
5787
232
5858
234
6284
246
7065
268
183
76
548
86
621
88
1570
114
1935
124
2300
134
2446
138
2811
148
2884
150
3176
158
3322
162
3468
166
3833
176
4271
188
5001
208
5220
214
5804
230
6680
254
38
74
113
76
863
96
938
98
1238
106
1688
118
2738
146
2963
152
3488
166
4163
184
4538
194
4688
198
5063
208
5213
212
5288
214
5738
226
6188
238
6338
242
6788
254
6863
256
7013
260
7388
270
270
82
347
84
501
88
809
96
1656
118
1964
126
2041
128
2580
142
2811
148
2965
152
3273
160
4120
182
4351
188
5044
206
5121
208
5506
218
6045
232
6122
234
7046
258
7123
260
119
80
1541
116
2568
142
2647
144
3200
158
3437
164
4227
184
4543
192
5412
214
5491
216
6281
236
6597
244
6676
246
6834
250
7466
266
7545
268
7624
270
7782
274
41
80
446
90
689
96
770
98
1985
128
2309
136
2795
148
2957
152
3038
154
3443
164
3605
168
3686
170
4739
196
5144
206
5549
216
5792
222
5873
224
6197
232
7088
254
7169
256
7979
276
42
82
623
96
706
98
1453
116
2117
132
2449
140
2781
148
3196
158
3943
176
4524
190
4607
192
5105
204
5271
208
6433
236
6516
238
6599
240
6931
248
8259
280
213
88
468
94
808
102
978
106
1063
108
1318
114
1998
130
2253
136
3188
158
3528
166
3953
176
4633
192
5143
204
6503
236
6843
244
7438
258
7523
260
7608
262
8118
274
392
94
1001
108
1262
114
1697
124
1871
128
1958
130
2045
132
2393
140
2480
142
2828
150
3263
160
4133
180
4481
188
4568
190
4655
192
6221
228
6308
230
6656
238
6830
242
8048
270
8222
274
134
90
1024
110
1202
114
1469
120
1558
122
1825
128
1914
130
4139
180
4317
184
4406
186
4851
196
5830
218
6453
232
6987
244
7076
246
7877
264
8767
284
46
90
228
94
683
104
774
106
1138
114
1593
124
1775
128
2503
144
3231
160
3413
164
3777
172
3868
174
3959
176
4505
188
4869
196
5233
204
5779
216
6143
224
6234
226
6962
242
7599
256
7690
258
7963
264
8964
286
47
92
605
104
1721
128
2372
142
2651
148
3209
160
3581
168
5720
214
6092
222
6929
240
7394
250
7766
258
8045
264
8882
282
48
94
618
106
1283
120
1378
122
1948
134
2613
148
2803
152
2993
156
3373
164
3563
168
3753
172
3848
174
3943
176
4228
182
4513
188
4703
192
4893
196
5368
206
5653
212
5938
218
6223
224
7363
248
7458
250
7838
258
8218
266
8978
282
49
96
340
102
631
108
1698
130
2765
152
3153
160
4414
186
4705
192
5093
200
5287
204
5481
208
5675
212
6354
226
7421
248
7615
252
7712
254
7809
256
8682
274
347
104
1238
122
2822
154
3515
168
4505
188
4604
190
4703
192
5099
200
5198
202
5693
212
6782
234
7079
240
7376
246
7673
252
8663
272
9158
282
9356
286
9554
290
9752
294
859
116
1667
132
1970
138
2576
150
2980
158
3283
164
3687
172
4091
180
4192
182
4495
188
5606
210
5707
212
6111
220
6515
228
6616
230
6818
234
7121
240
7626
250
8232
262
8333
264
8636
270
8737
272
10050
298
464
110
876
118
979
120
2112
142
2318
146
2524
150
2936
158
4481
188
4996
198
6747
232
6850
234
7159
240
7880
254
9734
290
10146
298
53
104
263
108
368
110
683
116
998
122
1313
128
1418
130
1523
132
2993
160
3518
170
4568
190
6773
232
6983
236
7193
240
7508
246
7823
252
8033
256
9818
290
10133
296
10343
300
268
110
1552
134
2408
150
3050
162
3906
178
4334
186
5083
200
5297
204
5618
210
6153
220
6795
232
7116
238
7544
246
7865
252
8400
262
8614
266
8828
270
9042
274
9256
278
1036
126
3325
168
3979
180
5178
202
5505
208
6050
218
7031
236
7576
246
8448
262
8775
268
8884
270
8993
272
9429
280
10846
306
278
114
611
120
833
124
1166
130
1499
136
1721
140
2054
146
2609
156
3608
174
5273
204
5495
208
6605
228
6827
232
7493
244
8603
264
9047
272
10046
290
57
112
283
116
396
118
509
120
848
126
1187
132
2091
148
2430
154
3108
166
4916
198
5255
204
5594
210
5707
212
5820
214
6498
226
6950
234
8871
268
10679
300
11244
310
518
122
863
128
978
130
1323
136
2243
152
2588
158
3163
168
4773
196
5003
200
5118
202
6498
226
6728
230
6958
234
7533
244
7993
252
8108
254
8223
256
8338
258
8683
264
8913
268
9028
270
9718
282
9833
284
10063
288
10408
294
10983
304
59
116
995
132
1697
144
1814
146
2282
154
2867
164
3218
170
3803
180
4037
184
5090
202
7313
240
7430
242
7664
246
9536
278
9887
284
10004
286
10823
300
10940
302
417
124
655
128
774
130
1131
136
1250
138
1369
140
1607
144
2083
152
2797
164
3273
172
3392
174
3749
180
3868
182
5177
204
6129
220
6248
222
6605
228
7200
238
8033
252
8152
254
8509
260
8985
268
10651
296
11008
302
11722
314
545
128
666
130
1392
142
1634
146
1997
152
2118
154
2481
160
2844
166
2965
168
5264
206
6353
224
6837
232
8289
256
9015
268
10225
288
12040
318
62
122
185
124
308
126
800
134
1292
142
1415
144
1661
148
2645
164
3260
174
3752
182
3998
186
4736
198
5105
204
5351
208
5720
214
6335
224
6827
232
7196
238
8057
252
8549
260
8795
264
9041
268
10025
284
10271
288
10517
292
10763
296
11501
308
11993
316
188
126
688
134
1563
148
1688
150
1938
154
2063
156
2313
160
2563
164
2813
168
4188
190
4813
200
4938
202
6688
230
7438
242
7813
248
10188
286
10938
298
11188
302
11313
304
12313
320
191
128
1715
152
2096
158
2604
166
3747
184
3874
186
5652
214
6795
232
7049
236
7176
238
8065
252
8192
254
8954
266
9208
270
12510
322
12637
324
710
138
839
140
2000
158
2516
166
3032
174
3419
180
5741
216
6902
234
7289
240
7805
248
8063
252
8192
254
8579
260
10256
286
10385
288
11675
308
11933
312
12578
322
12707
324
66
130
459
136
1376
150
2162
162
2555
168
2948
174
5306
210
5568
214
5699
216
6223
224
8057
252
8319
256
8712
262
8843
264
8974
266
9629
276
10284
286
10677
292
11201
300
11594
306
11856
310
12380
318
200
134
599
140
865
144
998
146
1131
148
1796
158
2860
174
3525
184
5254
210
6052
222
7249
240
8712
262
9643
276
10175
284
10973
296
11239
300
11372
302
11638
306
1148
150
2228
166
3173
180
5063
208
5198
210
5738
218
6413
228
6953
236
7358
242
7628
246
8978
266
9923
280
11408
302
12758
322
1028
150
1165
152
1439
156
1987
164
2261
168
2535
172
3220
182
3768
190
4179
196
6782
234
8289
256
8426
258
8974
266
10070
282
10207
284
11029
296
11303
300
11440
302
11577
304
12810
322
13221
328
1460
158
2016
166
2433
172
2989
180
3406
186
4935
208
5352
214
7854
250
8410
258
8549
260
10634
290
11051
296
11468
302
11607
304
12302
314
13831
336
776
150
1199
156
2750
178
3032
182
3173
184
4442
202
5429
216
6134
226
6557
232
7544
246
8672
262
9095
268
9659
276
9941
280
10787
292
10928
294
12761
320
13325
328
13889
336
644
150
1216
158
1502
162
2074
170
2789
180
2932
182
4076
198
5363
216
6078
226
6221
228
6650
234
7651
248
8080
254
8509
260
8795
264
9224
270
10225
284
11083
296
12656
318
12942
322
13228
326
13657
332
13943
336
1233
160
1378
162
3553
192
3698
194
3988
198
4133
200
4278
202
5003
212
5148
214
5293
216
6453
232
6743
236
9498
274
9933
280
10078
282
10513
288
12543
316
14283
340
14428
342
74
146
662
154
1103
160
1544
166
1838
170
2132
174
2720
182
3014
186
4778
210
4925
212
5660
222
5807
224
8012
254
10805
292
12422
314
12863
320
75
148
373
152
2012
174
2161
176
3055
188
3502
194
3651
196
4247
204
4694
210
4992
214
5439
220
6333
232
6929
240
7078
242
7376
246
7525
248
8419
260
9462
274
10505
288
11846
306
11995
308
12740
318
13634
330
14528
342
1284
166
1435
168
4002
202
5361
220
6116
230
6871
240
8683
264
8985
268
9438
274
9589
276
9740
278
10193
284
10797
292
11099
296
11401
300
11552
302
12005
308
12307
312
13515
328
13968
334
14421
340
230
154
842
162
1607
172
1760
174
2219
180
2831
188
3290
194
4667
212
4820
214
5126
218
5279
220
5738
226
6197
232
6809
240
7115
244
8645
264
9410
274
11093
296
12164
310
12317
312
14918
346
15071
348
233
156
1008
166
1163
168
1783
176
2868
190
3023
192
5968
230
6123
232
8138
258
8913
268
9223
272
11548
302
12323
312
12788
318
13563
328
14803
344
15423
352
707
164
1021
168
1178
170
1649
176
1963
180
2277
184
2748
190
2905
192
4946
218
5731
228
6202
234
6359
236
6673
240
6830
242
6987
244
7458
250
9813
280
10127
284
12796
318
13110
322
13267
324
14366
338
14523
340
15622
354
557
164
1670
178
4691
216
6758
242
7712
254
8030
258
8507
264
10892
294
11369
300
11528
302
12800
318
13118
322
13595
328
13754
330
14072
334
15821
356
1208
174
1852
182
2174
186
2979
196
3623
204
5877
232
6682
242
7004
246
7165
248
8453
264
8775
268
8936
270
9258
274
9580
278
12478
314
13766
330
14410
338
14893
344
15376
350
15698
354
82
162
571
168
1712
182
4157
212
4809
220
5298
226
5624
230
5787
232
6928
246
7254
250
8558
266
8721
268
10351
288
11655
304
12144
310
13285
324
16056
358
83
164
578
170
1073
176
1238
178
5363
228
5858
234
6848
246
7013
248
7178
250
8333
264
8828
270
9983
284
10313
288
10973
296
12293
312
12623
316
12953
320
13118
322
13778
330
14273
336
14438
338
14933
344
15098
346
15428
350
15758
354
418
170
585
172
3257
204
3591
208
5762
234
6263
240
6430
242
6597
244
7098
250
7599
256
8935
272
9102
274
11273
300
12108
310
12609
316
12776
318
13110
322
13611
328
13945
332
14112
334
15949
356
16450
362
85
168
761
176
1775
188
3465
208
3972
214
4141
216
4310
218
5155
228
5493
232
8535
268
9718
282
10394
290
10732
294
11070
298
11239
300
11746
306
11915
308
12253
312
12422
314
12760
318
13943
332
14112
334
14281
336
14450
338
16816
366
86
170
257
172
1454
186
1796
190
1967
192
3335
208
5216
230
6413
244
7268
254
7952
262
8636
270
9320
278
12569
316
12740
318
13253
324
13766
330
16160
358
16502
362
260
174
1471
188
1644
190
2855
204
4239
220
6661
248
7007
252
9083
276
9429
280
9602
282
10813
296
11159
300
11332
302
12370
314
13581
328
13927
332
14100
334
14619
340
14965
344
15830
354
88
174
1313
188
1838
194
5513
236
5688
238
6038
242
6913
252
7438
258
9363
280
9538
282
10238
290
10588
294
10938
298
11113
300
11988
310
12513
316
14088
334
14263
336
14613
340
14788
342
15663
352
17413
372
797
184
3983
220
4868
230
5045
232
5930
242
6107
244
6461
248
9647
284
10001
288
11063
300
11594
306
11771
308
12302
314
14957
344
15134
346
15842
354
17258
370
17435
372
17612
374
269
180
1164
190
2775
208
3491
216
5281
236
6355
248
9398
282
9935
288
10114
290
10293
292
10472
294
11546
306
11904
310
12799
320
12978
322
13515
328
14947
344
16558
362
16737
364
17274
370
996
190
1901
200
2625
208
3168
214
3711
220
3892
222
5340
238
6245
248
6607
252
7150
258
8779
276
9322
282
9503
284
10046
290
11132
302
11313
304
12037
312
12218
314
12580
318
13485
328
14390
338
14933
344
15657
352
16019
356
16562
362
17467
372
18010
378
92
182
275
184
1373
196
2654
210
3569
220
3935
224
4667
232
6863
256
8876
278
10340
294
11072
302
11438
306
11804
310
12719
320
13634
330
14549
340
14732
342
15281
348
15647
352
16745
364
17111
368
648
190
1018
194
1388
198
1758
202
3053
216
3608
222
4348
230
6013
248
6753
256
7863
268
8048
270
10453
296
11563
308
11748
310
15263
348
16373
360
16558
362
18223
380
281
188
1029
196
1403
200
2151
208
2712
214
3273
220
5517
244
6078
250
6826
258
14119
336
14306
338
17298
370
18420
382
18607
384
1040
198
2363
212
3497
224
4631
236
5198
242
5765
248
6710
258
7088
262
8600
278
9923
292
12002
314
16349
360
16538
362
17861
376
669
196
4680
238
6017
252
6399
256
6590
258
7163
264
7545
268
8882
282
9646
290
9837
292
10028
294
10410
298
12129
316
12320
318
14039
336
15376
350
15758
354
16140
358
16331
360
17095
368
17286
370
17668
374
869
200
1448
206
2027
212
3185
224
3571
228
4536
238
4922
242
5887
252
6659
260
7817
272
8203
276
8396
278
9554
290
9747
292
9940
294
10712
302
11291
308
11484
310
11870
314
12642
322
13800
334
14186
338
15923
356
16116
358
17274
370
18625
384
293
196
488
198
1268
206
2243
216
4583
240
4973
244
5948
254
7703
272
8093
276
9068
286
9848
294
10433
300
10823
304
11213
308
11408
310
12188
318
12383
320
12578
322
13358
330
14333
340
14918
346
16088
358
17063
368
17453
372
18623
384
690
202
3448
230
4039
236
5812
254
7191
268
7585
272
7979
276
8767
284
9161
288
11525
312
12707
324
13101
328
13692
334
13889
336
14283
340
14677
344
17041
368
18026
378
100
198
1891
216
2090
218
2488
222
3881
236
5473
252
6269
260
7662
274
8856
286
11443
312
12637
324
12836
326
13035
328
13433
332
14229
340
14627
344
15423
352
17015
368
17214
370
