1
1 1
2 1 1
3 2 1 1
5 3 2 1 1
8 5 3 2 1 1
13 8 5 3 2 1 1
21 13 8 5 3 2 1 1
34 21 13 8 5 3 2 1 1
55 34 21 13 8 5 3 2 1 1
89 55 34 21 13 8 5 3 2 1 1
144 89 55 34 21 13 8 5 3 2 1 1
233 144 89 55 34 21 13 8 5 3 2 1 1
377 233 144 89 55 34 21 13 8 5 3 2 1 1
610 377 233 144 89 55 34 21 13 8 5 3 2 1 1
987 610 377 233 144 89 55 34 21 13 8 5 3 2 1 1
1597 987 610 377 233 144 89 55 34 21 13 8 5 3 2 1 1
2584 1597 987 610 377 233 144 89 55 34 21 13 8 5 3 2 1 1
4181 2584 1597 987 610 377 233 144 89 55 34 21 13 8 5 3 2 1 1
6765 4181 2584 1597 987 610 377 233 144 89 55 34 21 13 8 5 3 2 1 1
10946 6765 4181 2584 1597 987 610 377 233 144 89 55 34 21 13 8 5 3 2 1 1
17711 10946 6765 4181 2584 1597 987 610 377 233 144 89 55 34 21 13 8 5 3 2 1 1
28657 17711 10946 6765 4181 2584 1597 987 610 377 233 144 89 55 34 21 13 8 5 3 2 1 1
46368 28657 17711 10946 6765 4181 2584 1597 987 610 377 233 144 89 55 34 21 13 8 5 3 2 1 1
75025 46368 28657 17711 10946 6765 4181 2584 1597 987 610 377 233 144 89 55 34 21 13 8 5 3 2 1 1
121393 75025 46368 28657 17711 10946 6765 4181 2584 1597 987 610 377 233 144 89 55 34 21 13 8 5 3 2 1 1
196418 121393 75025 46368 28657 17711 10946 6765 4181 2584 1597 987 610 377 233 144 89 55 34 21 13 8 5 3 2 1 1
317811 196418 121393 75025 46368 28657 17711 10946 6765 4181 2584 1597 987 610 377 233 144 89 55 34 21 13 8 5 3 2 1 1
514229 317811 196418 121393 75025 46368 28657 17711 10946 6765 4181 2584 1597 987 610 377 233 144 89 55 34 21 13 8 5 3 2 1 1
832040 514229 317811 196418 121393 75025 46368 28657 17711 10946 6765 4181 2584 1597 987 610 377 233 144 89 55 34 21 13 8 5 3 2 1 1
1346269 832040 514229 317811 196418 121393 75025 46368 28657 17711 10946 6765 4181 2584 1597 987 610 377 233 144 89 55 34 21 13 8 5 3 2 1 1
2178309 1346269 832040 514229 317811 196418 121393 75025 46368 28657 17711 10946 6765 4181 2584 1597 987 610 377 233 144 89 55 34 21 13 8 5 3 2 1 1
3524578 2178309 1346269 832040 514229 317811 196418 121393 75025 46368 28657 17711 10946 6765 4181 2584 1597 987 610 377 233 144 89 55 34 21 13 8 5 3 2 1 1
5702887 3524578 2178309 1346269 832040 514229 317811 196418 121393 75025 46368 28657 17711 10946 6765 4181 2584 1597 987 610 377 233 144 89 55 34 21 13 8 5 3 2 1 1
9227465 5702887 3524578 2178309 1346269 832040 514229 317811 196418 121393 75025 46368 28657 17711 10946 6765 4181 2584 1597 987 610 377 233 144 89 55 34 21 13 8 5 3 2 1 1
14930352 9227465 5702887 3524578 2178309 1346269 832040 514229 317811 196418 121393 75025 46368 28657 17711 10946 6765 4181 2584 1597 987 610 377 233 144 89 55 34 21 13 8 5 3 2 1 1
24157817 14930352 9227465 5702887 3524578 2178309 1346269 832040 514229 317811 196418 121393 75025 46368 28657 17711 10946 6765 4181 2584 1597 987 610 377 233 144 89 55 34 21 13 8 5 3 2 1 1
39088169 24157817 14930352 9227465 5702887 3524578 2178309 1346269 832040 514229 317811 196418 121393 75025 46368 28657 17711 10946 6765 4181 2584 1597 987 610 377 233 144 89 55 34 21 13 8 5 3 2 1 1
63245986 39088169 24157817 14930352 9227465 5702887 3524578 2178309 1346269 832040 514229 317811 196418 121393 75025 46368 28657 17711 10946 6765 4181 2584 1597 987 610 377 233 144 89 55 34 21 13 8 5 3 2 1 1
102334155 63245986 39088169 24157817 14930352 9227465 5702887 3524578 2178309 1346269 832040 514229 317811 196418 121393 75025 46368 28657 17711 10946 6765 4181 2584 1597 987 610 377 233 144 89 55 34 21 13 8 5 3 2 1 1
