100
2 0 2048 0 
0 64 0 0 
0 16 128 0 
256 0 16 1024 
256 0 0 0 
1024 32 2 0 
512 2 256 0 
0 2048 0 2048 
0 0 16 0 
1024 64 0 16 
1024 0 1024 512 
0 0 512 0 
32 64 0 8 
32 0 0 2048 
4 0 0 128 
0 256 512 0 
0 128 0 64 
1024 64 256 0 
4 256 512 128 
2 0 0 8 
32 0 0 64 
0 0 0 0 
0 0 2 64 
0 0 0 256 
0 64 0 0 
0 0 0 0 
0 2048 32 16 
1024 0 512 2048 
8 16 4 0 
0 0 2048 0 
2 2048 2 0 
1024 0 256 32 
0 1024 0 0 
8 32 16 0 
8 512 128 2 
0 0 0 0 
0 2 0 16 
1024 0 1024 2 
0 256 1024 4 
0 0 2048 0 
512 2048 0 32 
1024 1024 16 512 
512 4 4 32 
0 0 256 0 
256 0 0 0 
512 2 512 0 
32 128 0 0 
64 64 0 0 
8 0 0 64 
4 0 0 0 
0 0 2048 0 
32 2048 256 0 
0 0 0 2048 
1024 64 2 0 
2 32 0 0 
0 0 256 0 
256 512 4 0 
2048 4 0 0 
0 0 0 2048 
0 256 0 0 
0 0 64 0 
8 0 8 2048 
2048 0 0 0 
8 1024 0 0 
0 4 4 0 
0 512 16 64 
0 0 0 0 
0 0 0 0 
0 2 256 16 
0 2 32 16 
4 256 32 0 
4 8 2 16 
0 0 0 512 
0 512 0 2048 
0 0 0 0 
32 0 4 4 
2048 0 0 128 
128 0 0 8 
16 0 0 256 
128 128 128 0 
4 16 0 2 
0 32 0 64 
0 64 0 128 
16 256 0 0 
0 0 16 0 
0 32 2 2 
32 0 32 0 
0 0 256 2 
512 128 64 0 
0 0 0 512 
2048 0 0 2 
0 0 0 1024 
0 32 0 64 
512 0 512 256 
0 2048 8 256 
256 0 0 8 
32 32 0 0 
0 0 2 512 
128 0 0 128 
0 32 0 2 
0 0 0 128 
4 0 0 0 
0 128 64 16 
0 0 0 0 
0 0 4 256 
16 0 2048 256 
4 0 0 0 
0 0 8 0 
32 0 512 16 
4 8 64 0 
0 0 256 0 
1024 0 0 512 
64 2 0 0 
0 0 256 16 
0 0 0 32 
0 0 2 0 
0 0 0 32 
2048 0 0 0 
4 0 0 0 
0 64 16 8 
0 1024 4 0 
0 64 256 4 
64 0 64 0 
0 256 2 16 
0 512 8 0 
0 0 0 32 
128 256 2048 64 
2048 1024 0 0 
8 0 0 2 
32 0 2048 0 
512 0 0 4 
0 256 0 0 
16 512 0 0 
1024 0 0 128 
1024 16 128 2 
0 0 0 0 
2 128 32 0 
2 0 1024 0 
0 0 2048 0 
0 0 0 256 
0 512 0 64 
16 0 2048 32 
2048 128 32 2048 
2048 0 0 0 
0 2048 0 16 
32 512 0 0 
256 8 256 0 
0 0 128 0 
0 0 128 0 
2 0 16 0 
2 2048 0 2 
8 0 0 0 
4 0 2 256 
0 0 128 64 
0 32 16 64 
0 0 256 0 
0 0 0 0 
0 0 0 64 
0 0 0 0 
256 256 0 0 
0 64 32 2048 
0 0 2048 0 
0 512 32 0 
0 0 2 0 
0 0 512 0 
0 0 0 1024 
64 0 0 0 
2 0 8 512 
0 0 0 0 
0 128 256 0 
256 0 0 128 
2048 0 0 8 
0 1024 1024 16 
0 2048 0 0 
0 64 128 0 
0 0 2048 0 
8 2048 512 32 
1024 512 0 0 
64 256 0 0 
0 0 32 128 
4 256 2 0 
0 0 4 0 
4 8 8 8 
2 4 64 0 
4 2048 256 8 
0 0 0 64 
0 0 64 64 
0 2 0 0 
4 4 64 8 
8 0 0 0 
64 0 0 0 
1024 0 2048 32 
0 16 2 0 
16 0 8 0 
0 0 0 64 
4 64 0 32 
0 2048 2 0 
0 512 128 1024 
1024 0 0 0 
16 0 0 1024 
2048 512 256 0 
4 0 128 64 
4 0 0 0 
0 0 256 0 
2048 0 0 128 
16 0 2 0 
0 0 0 0 
0 16 1024 32 
2048 0 0 512 
128 512 0 0 
64 0 1024 8 
0 2 16 0 
0 512 2048 0 
16 0 0 16 
512 2 256 0 
512 0 0 0 
256 128 0 0 
0 128 32 0 
0 0 512 32 
32 0 0 0 
1024 0 0 4 
2 0 0 0 
0 0 2048 1024 
0 16 0 2 
0 0 64 0 
8 0 4 2048 
512 4 64 16 
0 16 0 2048 
0 0 32 8 
0 0 128 128 
0 0 0 0 
0 0 0 0 
512 0 256 32 
64 0 2048 64 
256 0 256 0 
0 0 0 0 
256 0 8 0 
0 0 0 128 
2048 2 0 0 
0 0 512 0 
0 0 0 0 
0 16 0 0 
0 2048 0 0 
4 16 0 512 
8 0 0 0 
0 256 0 0 
8 256 2 1024 
256 0 16 0 
1024 0 0 0 
0 0 0 0 
0 2048 0 0 
0 0 2 128 
0 64 0 0 
0 256 1024 512 
1024 0 0 0 
0 128 512 256 
64 8 2048 128 
0 32 4 32 
0 16 16 0 
0 0 512 0 
8 64 2 0 
2048 16 8 32 
2 0 0 128 
1024 0 2048 0 
2 128 64 4 
0 0 256 0 
8 128 0 0 
8 4 4 32 
1024 0 0 64 
0 4 128 0 
0 1024 0 0 
0 8 2 0 
0 0 0 16 
0 0 0 32 
0 0 2048 0 
0 0 32 0 
0 0 0 64 
64 512 0 256 
0 2 64 2048 
0 0 1024 128 
0 0 0 512 
0 0 0 0 
8 512 0 32 
256 8 128 0 
0 0 4 32 
1024 0 1024 1024 
0 0 4 0 
32 0 2 2 
0 0 16 1024 
256 64 0 8 
0 256 64 0 
0 0 16 0 
64 0 8 16 
64 0 0 512 
128 128 64 4 
2048 0 0 128 
256 0 32 0 
0 0 64 1024 
256 0 32 32 
256 0 8 0 
1024 8 16 0 
0 4 0 16 
4 1024 256 0 
2048 0 512 4 
0 128 1024 0 
0 0 0 8 
0 0 0 32 
0 1024 256 256 
256 256 0 0 
0 0 0 256 
0 0 128 0 
0 1024 512 0 
0 4 32 1024 
256 128 2048 128 
2 2048 0 64 
1024 512 0 128 
4 1024 0 64 
512 32 8 0 
256 0 0 4 
0 32 2 16 
2048 0 16 0 
0 32 0 0 
0 0 0 256 
0 64 0 0 
0 128 0 16 
0 0 2 0 
2 1024 0 0 
4 0 0 0 
8 0 64 512 
16 0 0 16 
16 2 0 0 
32 0 1024 0 
2048 2048 0 256 
256 128 512 0 
0 256 0 0 
0 16 0 0 
0 128 8 2048 
4 2048 0 8 
16 0 0 512 
8 0 64 16 
32 2 128 64 
0 1024 128 0 
0 32 0 8 
0 0 2048 0 
64 64 0 0 
16 512 512 0 
0 32 0 0 
4 0 16 2048 
512 0 1024 0 
2048 64 8 32 
64 0 2 2048 
32 512 32 0 
0 64 16 0 
4 0 32 0 
0 256 0 0 
256 0 32 0 
0 128 0 32 
2048 1024 1024 0 
128 0 0 16 
1024 256 8 0 
0 0 2048 1024 
0 256 2 0 
8 16 256 512 
0 256 0 2 
64 2 0 0 
1024 0 16 32 
256 512 0 128 
0 0 0 16 
1024 0 0 0 
0 0 32 128 
256 32 0 0 
0 0 0 0 
2048 256 16 2048 
256 0 128 16 
16 16 0 0 
16 1024 256 0 
0 0 16 0 
256 128 32 0 
1024 2 0 4 
0 0 0 0 
32 0 16 4 
64 2048 0 512 
16 64 64 0 
128 0 0 2 
0 0 0 512 
2 128 2048 8 
8 64 2048 0 
0 256 0 2 
128 32 0 2 
2 0 0 0 
0 0 0 0 
64 0 2 0 
0 0 16 0 
2048 0 0 4 
0 1024 0 0 
128 0 2 0 
8 128 0 0 
128 0 0 64 
0 0 0 0 
0 0 16 4 
