20339
13370
31058
13241
18252
22545
17819
24719
21304
6632
23700
6938
23899
7220
8571
9071
21376
6688
12009
30937
9480
15878
32003
32423
7614
24052
26452
21419
32721
7275
28348
8001
1603
18704
15875
24664
13113
27827
2095
24271
31772
18019
17444
21703
26807
279
15929
10522
30035
12277
14643
32713
26157
14606
29224
21245
7127
32571
8317
29740
11429
8239
865
1949
22861
32526
253
2648
17389
5352
15029
336
19742
1276
27548
28638
2377
21942
13550
2073
16958
9247
5288
17329
10528
6052
4424
19126
12075
17847
3572
16398
29610
24081
14592
24586
22274
28581
21821
7052
