5
2 5 4 20 10
1000
54 70 90 56 56 80 60 62 94 21 40 96 56 12 34 89 59 62 1 29 55 49 14 46 10 17 76 40 51 30 85 44 3 42 77 94 4 49 37 16 83 93 8 3 5 9 61 94 83 41 9 3 99 7 34 52 13 21 6 9 87 15 8 83 33 12 14 22 63 49 3 79 9 55 75 86 19 36 95 99 54 70 93 37 74 5 99 72 70 10 85 73 45 25 40 46 69 37 42 12 24 73 99 24 81 25 48 3 22 17 47 13 17 56 43 53 66 17 44 45 60 97 38 62 72 95 77 70 73 9 58 88 21 7 70 74 56 63 75 5 47 44 86 71 36 88 33 33 4 61 36 4 62 95 77 56 69 87 83 86 96 10 88 20 1 11 40 63 37 17 95 47 27 28 73 53 13 91 60 35 28 2 53 91 95 72 91 40 77 88 91 33 59 58 41 41 65 26 41 32 6 99 62 10 34 94 74 14 4 68 91 56 32 4 27 17 32 83 49 22 31 15 81 86 93 70 52 14 6 15 17 83 52 92 95 69 85 47 20 24 93 84 38 49 60 89 47 76 49 97 38 35 84 49 24 7 58 36 47 14 77 82 48 70 64 97 77 79 64 41 64 58 96 15 84 70 9 80 6 19 32 51 32 1 75 92 97 57 69 23 84 60 71 8 52 95 32 49 74 12 79 36 74 19 69 82 55 13 62 85 66 31 95 3 12 54 48 13 9 7 88 2 79 51 9 12 57 5 20 8 81 43 47 45 10 66 69 50 30 75 94 39 67 51 72 12 69 14 99 51 87 12 28 3 82 30 80 7 79 15 56 92 44 23 27 92 10 11 82 39 4 39 13 16 47 57 29 21 49 38 4 51 63 4 24 63 40 39 33 20 68 42 57 39 71 83 91 40 6 19 47 87 28 28 37 98 42 31 66 90 5 59 48 19 53 97 47 86 90 52 94 22 84 24 82 87 99 17 2 1 52 7 12 42 30 66 20 20 34 60 55 67 38 20 16 60 29 78 89 65 11 44 98 35 20 21 4 14 71 91 3 52 90 67 84 18 39 94 18 83 14 51 59 3 77 92 36 39 92 65 64 96 6 54 82 78 61 97 65 2 27 35 41 45 11 67 11 44 88 59 4 41 34 66 9 31 58 20 23 38 26 70 23 46 43 54 91 51 89 24 67 62 3 86 85 82 63 83 65 50 42 87 41 95 94 62 35 71 41 36 91 91 17 40 8 77 18 3 77 48 74 16 68 39 5 31 2 37 78 19 95 59 28 36 93 6 85 4 95 88 99 6 2 64 91 38 84 5 32 14 67 32 90 31 37 34 72 31 98 44 26 4 35 19 81 73 49 50 63 72 23 65 39 60 7 64 50 62 41 41 25 78 25 49 59 22 37 74 20 91 100 16 62 17 40 34 36 29 50 92 11 18 43 62 38 90 27 73 42 19 92 72 12 79 88 80 22 94 93 19 11 42 34 78 22 11 67 96 71 87 27 24 50 33 96 70 13 87 40 55 67 38 48 78 18 64 27 94 82 99 53 91 63 82 9 38 89 12 77 4 99 67 21 47 19 79 98 73 38 84 40 60 11 49 91 6 73 59 51 9 60 63 9 74 5 84 11 35 71 20 98 57 93 60 62 36 12 20 85 6 20 23 73 15 85 60 58 81 3 49 41 91 28 7 20 44 75 61 73 92 7 35 11 80 49 85 31 72 91 40 70 83 70 87 74 70 74 69 1 78 93 27 48 19 41 27 12 39 62 38 81 1 67 6 90 15 77 24 28 62 80 11 58 95 74 33 93 73 82 38 72 49 53 40 67 91 54 66 5 74 87 50 1 44 98 19 95 9 73 24 23 34 27 57 6 15 63 84 1 61 6 90 51 51 1 18 72 55 51 89 84 10 26 84 8 76 84 53 63 33 58 58 100 79 38 25 80 39 77 68 54 13 40 76 87 59 71 21 76 51 31 53 42 91 69 5 94 77 10 83 51 40 66 82 23 68 99 35 20 16 81 99 5 92 26 51 79 17 59 65 99 85 21 84 56 100 96 48 23 32 82 6 29 3 54 90 12 11 17 37 11 64 93 26 2 49 67 72 20 82 66 2 31 25 27 49 97 22 62 84 87 61 92 100 88 12 26 5 6 12 2 41 99 41 43 5 70 27 1 10 6 94 8 28 99 17 57 15 16 97 85 27 61 45 31 43 18 83 65 8 43 8 41 25 47 59 65 71 16 95 9 41 18 14 64 2 61 98 73 33
1
100
1
1
3
3 4 5
1
60
