1
1 0
0 0
2
1 0 0
1 1 0
0 0 1
3
1 1 0 1
1 0 1 0
1 0 0 1
0 1 1 0
13
0 0 0 0 1 1 1 1 0 1 1 0 0 0
1 1 0 1 0 0 0 0 1 1 1 1 1 0
0 0 1 1 1 1 1 0 0 0 0 0 0 1
1 1 0 1 0 0 1 0 0 1 1 0 1 0
0 0 1 1 0 1 0 0 1 1 1 1 1 0
1 0 0 1 1 1 0 1 0 0 0 1 1 0
1 0 0 1 0 1 1 1 0 1 0 0 1 0
0 1 0 1 0 0 0 1 0 0 1 0 1 1
0 0 1 1 0 0 1 0 0 1 1 1 0 1
1 0 0 0 0 0 0 1 0 0 0 0 1 0
0 0 1 1 0 1 1 1 0 1 0 1 1 0
1 1 0 1 1 1 1 1 1 0 0 0 0 1
1 1 1 1 1 0 0 0 1 0 1 0 0 0
0 1 1 0 0 0 0 1 0 1 0 0 0 0
23
0 0 1 1 1 0 1 0 1 0 0 1 0 1 0 1 1 0 1 1 1 1 0 1
1 0 1 1 1 1 1 1 1 0 0 0 1 0 0 1 1 0 0 1 1 1 1 1
1 0 0 0 1 1 0 1 1 1 0 0 1 1 0 1 0 1 1 1 0 0 0 0
0 0 0 1 0 1 1 0 0 0 0 1 0 1 0 0 1 0 1 0 1 0 1 1
0 1 0 0 1 0 1 1 1 0 0 1 0 0 0 0 0 1 1 0 0 1 1 0
0 0 0 0 0 0 1 0 1 0 1 1 0 0 0 0 0 1 1 1 0 1 0 0
0 1 1 0 0 1 0 0 1 1 1 0 0 0 0 0 1 0 1 1 0 1 1 0
1 1 1 1 1 0 1 0 1 0 0 0 0 0 1 1 0 1 1 1 0 0 0 0
1 0 0 1 1 0 0 1 1 0 0 0 1 1 1 0 0 0 0 0 1 0 0 0
1 0 1 0 0 1 0 0 0 1 1 0 1 0 0 0 1 1 1 1 1 0 0 0
0 0 0 1 1 1 1 0 1 1 0 0 1 1 0 0 0 1 1 0 1 1 1 1
1 0 1 0 1 1 1 1 1 0 0 0 1 1 1 1 0 1 1 1 0 1 1 1
1 1 1 1 1 1 0 1 1 1 0 0 1 1 0 0 0 1 1 0 0 0 1 1
0 0 1 1 0 0 0 0 1 0 1 1 1 1 0 0 1 1 1 0 1 0 1 0
1 0 0 1 0 1 0 1 1 1 0 1 0 0 0 1 0 1 1 0 1 1 0 0
1 0 0 0 0 1 1 0 0 0 0 0 1 0 1 0 0 1 0 1 1 1 1 0
0 1 1 1 1 0 1 1 1 1 1 1 0 0 1 1 1 0 1 0 1 0 0 1
0 0 0 1 0 0 1 1 1 1 0 1 0 1 1 1 0 1 1 1 1 1 1 1
0 0 1 0 0 0 0 1 1 0 0 0 0 1 0 1 0 0 1 1 0 0 0 0
0 0 0 1 0 0 1 0 0 1 0 0 1 1 1 1 1 1 0 1 1 0 0 0
1 1 1 0 0 1 0 1 1 0 0 0 1 0 0 0 0 0 0 0 0 1 1 1
1 0 1 0 1 1 1 1 1 1 0 1 0 0 1 0 0 0 0 1 0 1 0 0
0 0 0 1 0 0 1 1 1 0 1 0 0 1 1 1 1 0 1 0 0 1 1 0
1 0 1 0 1 0 0 1 1 0 0 0 1 0 0 1 1 1 1 1 0 0 1 1
18
0 1 1 1 1 1 1 1 0 1 0 1 1 1 0 0 0 0 0
0 1 0 0 1 0 0 1 0 0 0 0 1 1 1 0 0 1 1
1 0 0 0 0 0 1 1 1 1 0 1 1 0 0 0 1 0 0
0 1 0 0 1 1 1 1 0 1 1 0 0 0 1 0 1 0 0
1 1 0 0 1 0 1 0 0 1 1 1 0 1 1 0 1 0 1
0 1 0 0 1 0 1 1 1 1 1 1 0 1 1 0 1 0 1
1 0 1 1 1 0 0 0 1 0 0 0 0 1 0 0 0 0 0
0 1 0 1 1 1 0 0 1 1 1 0 0 0 1 1 0 1 0
0 0 1 1 1 1 1 1 1 0 1 1 0 1 1 1 1 1 1
1 0 1 0 0 1 1 0 0 1 1 0 0 1 1 1 1 1 1
1 0 1 1 1 1 1 1 1 0 1 1 0 0 0 0 0 1 0
1 0 1 0 1 0 1 0 1 0 1 1 0 0 0 1 1 1 0
0 1 0 0 1 1 1 0 0 1 1 1 1 1 1 0 0 1 1
0 1 0 1 0 0 0 0 1 1 0 0 1 0 0 0 1 0 0
0 1 1 1 0 0 0 1 0 0 0 1 1 0 1 1 0 0 0
0 1 1 1 0 1 1 0 1 0 1 1 0 0 0 1 1 1 0
1 1 1 0 1 1 0 0 1 1 1 1 0 0 0 1 1 1 1
0 0 0 1 0 0 1 0 1 0 1 1 1 0 0 0 1 0 1
1 1 1 1 1 0 0 0 1 1 1 0 1 1 0 1 1 0 1
19
1 1 0 1 1 1 0 1 1 0 1 0 0 1 1 0 0 1 1 0
0 0 1 1 0 1 1 0 1 0 1 0 0 0 0 1 1 0 1 1
1 1 0 0 0 0 1 1 0 1 0 0 1 1 0 0 0 0 1 1
1 0 0 0 1 0 0 0 1 1 1 0 1 1 1 1 1 0 0 0
1 0 0 0 0 0 0 0 1 0 1 0 0 0 0 0 0 1 1 1
0 0 1 1 0 1 1 0 0 0 1 1 0 1 1 0 0 0 1 0
0 1 0 1 1 0 0 1 0 1 0 1 0 1 0 1 0 0 0 1
0 0 1 0 1 0 0 1 1 1 0 1 0 0 0 0 0 0 1 0
0 1 1 0 1 1 1 1 0 1 0 0 1 0 1 0 1 1 1 1
1 1 0 0 1 0 1 0 1 1 1 1 0 1 0 1 0 1 1 1
0 1 1 0 1 1 1 0 0 1 1 1 1 1 0 1 0 1 0 0
1 0 0 0 1 1 1 1 0 0 1 0 1 1 1 1 1 1 0 1
0 0 1 0 1 0 0 1 1 1 1 1 0 0 1 0 0 1 1 1
1 0 0 0 0 0 0 1 0 1 1 0 1 1 1 0 0 1 1 1
1 1 0 0 1 0 0 1 0 1 0 1 1 1 1 0 0 1 1 1
0 1 0 1 0 1 1 0 1 1 1 0 0 1 1 0 1 1 1 1
1 1 1 0 0 0 0 1 0 1 0 0 1 1 0 0 0 1 1 1
1 1 1 1 1 0 0 0 1 0 0 1 1 1 0 0 1 0 1 1
1 1 1 0 1 1 0 0 0 0 0 0 1 0 0 1 1 0 1 0
0 0 1 0 0 0 0 0 1 0 1 1 1 1 0 0 0 1 1 0
13
0 1 0 0 0 1 1 0 1 0 1 1 1 1
0 0 0 0 1 1 1 1 0 0 0 0 1 0
1 0 0 0 0 0 1 0 1 1 1 1 1 1
1 1 1 1 0 1 0 0 1 0 1 0 0 1
1 1 0 1 0 0 0 1 0 1 0 1 0 0
0 0 1 0 0 0 0 1 0 1 1 1 0 0
0 1 1 1 0 0 1 1 0 0 0 0 0 1
0 1 1 0 0 0 0 1 0 1 1 1 0 0
1 1 1 1 0 1 0 0 0 1 1 0 1 0
1 1 1 1 1 1 0 0 1 0 0 1 0 1
0 0 0 1 0 1 0 1 1 0 0 0 1 1
0 1 1 0 0 1 0 1 1 1 0 0 1 1
1 1 1 0 1 1 0 1 0 0 0 1 1 1
0 0 0 0 0 0 1 1 0 0 1 1 0 1
11
0 0 0 1 0 1 1 1 0 0 1 0
0 1 0 0 0 1 1 1 0 1 0 1
0 0 1 0 1 0 1 0 1 1 1 0
0 1 0 0 0 1 0 0 1 0 0 0
0 1 0 0 0 1 0 1 0 1 1 0
0 1 0 1 0 1 1 1 1 1 1 0
0 1 1 1 0 1 0 1 0 0 0 0
0 0 0 0 1 0 1 1 0 1 1 1
1 1 0 1 0 0 0 0 1 0 0 0
1 1 1 1 0 1 0 0 1 1 1 1
1 0 1 1 1 1 1 1 0 1 0 0
1 1 1 1 0 1 0 1 1 0 0 1
21
1 1 0 0 0 1 1 1 0 1 1 0 1 1 0 1 1 0 1 1 0 1
1 1 0 1 0 0 1 1 0 0 1 1 0 0 1 1 1 1 0 0 0 1
1 0 1 0 1 0 1 1 1 1 1 1 1 1 0 0 0 0 1 1 0 1
0 0 0 0 0 1 1 0 1 1 1 0 1 1 1 1 0 0 0 1 0 1
0 1 0 1 0 0 0 1 0 1 0 0 1 1 1 1 1 1 1 0 0 1
1 0 0 1 0 1 1 0 1 0 1 1 0 1 1 1 1 1 1 1 1 0
0 0 1 0 0 0 1 0 1 0 0 1 0 1 0 0 1 0 1 0 1 1
1 0 0 1 1 0 1 0 1 1 1 1 0 1 0 0 0 1 1 0 0 0
1 0 0 0 0 0 1 0 1 1 1 1 1 1 1 1 1 1 1 0 1 0
1 1 1 0 0 0 0 0 0 0 1 1 0 1 0 1 1 0 1 0 1 1
0 1 1 1 1 0 1 1 1 0 1 1 0 1 1 0 0 0 0 1 0 1
0 1 1 0 1 1 0 0 1 0 1 0 1 1 0 1 1 0 1 0 1 1
0 0 0 0 0 1 1 1 1 0 1 1 1 0 0 0 0 1 0 0 0 0
0 1 0 0 1 1 0 0 0 1 0 1 1 0 1 1 0 0 1 0 0 0
0 1 0 1 1 0 0 0 0 0 1 1 0 0 0 0 0 1 1 0 1 0
0 0 1 0 1 0 0 1 1 0 1 0 0 0 1 1 0 0 1 0 1 1
0 1 0 1 0 0 1 1 1 1 1 0 0 1 0 0 0 1 0 0 1 0
1 1 1 0 1 1 0 0 1 1 0 0 0 1 0 0 0 0 0 1 1 1
1 1 1 1 1 1 1 0 1 0 1 0 0 0 1 1 1 0 0 0 1 1
0 1 1 0 1 0 1 1 1 1 1 1 1 0 0 1 0 0 1 1 0 1
1 1 0 1 1 0 1 1 1 0 0 0 0 1 1 0 1 0 1 0 0 0
1 1 0 1 1 1 1 0 1 1 0 0 1 0 0 1 0 0 0 0 1 1
17
0 0 0 0 1 1 1 1 0 0 0 1 0 0 1 1 0 0
0 0 1 0 1 0 0 0 0 1 1 0 0 1 1 0 1 0
1 1 0 0 0 1 1 0 0 0 0 1 1 0 0 0 0 0
1 0 1 0 1 1 0 0 0 1 1 1 0 1 0 1 1 0
1 0 0 0 0 1 1 0 1 1 0 0 1 0 1 1 0 0
1 1 0 0 1 0 0 1 0 0 1 1 0 0 0 1 0 1
1 1 0 1 0 1 0 1 0 1 0 1 1 0 1 0 1 1
0 0 0 1 0 1 0 1 0 0 1 1 1 1 1 1 0 1
1 0 0 0 0 1 0 1 1 0 1 1 0 1 0 0 0 0
0 1 0 0 0 0 0 0 0 0 1 1 1 0 1 1 0 0
1 0 0 0 1 0 0 1 0 1 1 1 0 1 1 0 0 1
1 1 0 1 1 0 1 1 1 0 0 1 1 1 1 0 1 1
1 1 0 0 1 0 1 0 0 1 1 1 0 1 1 0 0 1
0 1 0 0 1 1 1 0 0 1 1 0 1 1 0 0 1 0
1 1 0 0 1 0 1 1 1 1 1 1 0 0 0 1 0 1
1 0 0 1 1 1 0 0 0 0 1 1 0 1 0 0 1 1
0 1 0 1 0 1 0 1 0 0 0 1 1 1 1 1 1 0
1 0 0 1 0 1 1 1 1 0 1 1 0 1 0 0 1 0
28
1 1 0 1 0 1 0 0 1 1 1 1 1 0 0 1 0 0 1 0 1 0 0 1 0 1 1 0 0
0 1 1 1 1 1 0 1 0 0 1 0 0 1 0 0 1 1 1 1 0 1 0 1 1 1 0 0 1
1 0 1 0 1 0 0 1 0 0 1 1 1 0 1 1 0 1 1 0 0 0 1 1 1 1 1 0 0
0 1 1 0 0 1 1 1 1 0 1 0 1 1 0 0 1 0 1 0 0 1 0 1 0 1 0 0 1
1 0 1 0 1 1 0 0 0 1 1 0 1 1 1 1 1 0 1 1 0 1 1 0 1 1 1 1 0
1 1 0 1 1 1 0 0 1 1 0 0 0 0 0 0 1 0 1 1 1 1 0 1 0 1 0 1 1
0 1 1 0 1 1 1 1 1 0 0 1 1 0 0 0 1 0 0 0 1 1 1 0 0 0 1 0 1
1 0 0 1 1 0 0 1 0 1 1 1 0 0 1 0 1 0 1 0 0 1 1 0 0 1 1 1 1
0 1 1 1 0 1 1 1 0 0 1 0 0 0 0 1 0 1 0 0 0 0 1 1 1 1 0 1 1
0 0 0 1 1 1 0 0 1 0 1 0 1 1 0 1 0 0 0 1 0 1 1 1 1 1 1 1 0
1 0 0 0 1 1 1 1 1 0 1 0 1 1 1 1 0 1 1 1 0 0 1 1 1 0 0 1 0
1 0 1 1 1 1 1 0 1 0 0 0 0 1 1 1 0 1 1 1 0 1 1 1 1 1 1 1 1
1 1 0 1 0 0 0 0 1 0 1 0 1 1 0 0 0 1 0 1 0 0 0 1 1 1 1 0 0
1 0 1 1 1 0 0 1 0 0 1 0 1 1 0 1 1 0 1 0 0 1 1 0 0 1 0 1 1
1 1 1 0 1 1 1 0 1 0 1 1 0 1 0 1 0 0 0 0 1 1 0 0 1 0 0 1 0
1 0 0 1 0 1 1 1 0 1 0 0 1 1 1 1 0 1 0 1 1 1 1 0 0 0 0 1 1
1 0 0 1 0 1 0 0 0 1 0 0 0 0 0 1 1 0 1 0 0 0 0 1 0 0 1 0 0
1 0 0 0 1 0 0 0 1 0 0 1 1 1 1 0 1 0 1 1 1 1 0 1 0 1 1 0 1
1 0 0 0 0 0 1 0 0 1 1 0 1 1 0 1 1 0 1 1 0 0 1 1 0 0 1 0 0
0 1 1 1 1 1 1 0 0 0 0 0 1 0 1 1 1 1 0 1 0 0 0 0 0 1 0 0 0
1 1 1 0 1 0 1 0 0 0 0 0 0 0 0 0 1 0 0 0 0 0 0 0 0 0 1 1 0
1 0 0 0 0 1 1 1 1 1 1 1 1 1 0 0 1 0 0 0 1 0 1 0 0 1 1 0 0
1 0 1 0 0 1 1 1 1 0 0 0 1 0 1 1 0 1 0 0 0 1 0 0 1 0 0 1 1
1 0 0 1 0 0 1 0 0 1 0 0 0 0 1 0 1 0 0 0 1 1 0 1 0 1 0 1 1
1 0 1 1 1 1 0 1 1 1 1 1 1 0 0 1 1 1 0 0 1 0 0 0 0 1 0 1 0
1 1 1 0 1 1 0 1 1 0 0 1 1 1 0 1 1 1 0 1 1 1 1 0 1 0 1 1 0
1 1 1 0 0 0 1 1 1 1 1 0 1 0 0 1 1 0 1 1 1 1 0 0 1 0 1 1 1
0 1 0 1 1 1 1 0 0 0 0 1 1 1 1 0 0 1 0 0 1 1 1 1 1 0 1 0 1
1 1 0 0 0 1 1 1 1 1 1 0 0 1 0 1 1 0 0 0 0 1 0 1 1 1 0 0 0
27
1 1 1 0 0 1 1 0 1 1 1 1 1 0 1 0 0 0 1 0 0 1 1 0 1 0 0 0
1 1 1 0 0 0 0 0 1 1 1 1 1 0 1 1 0 0 0 1 0 0 1 1 0 1 1 1
1 0 0 0 0 1 1 1 1 0 0 1 0 1 0 0 1 1 0 1 0 0 1 1 1 1 1 1
0 1 0 0 1 1 1 1 0 1 1 0 1 1 0 0 0 0 0 1 0 1 0 0 0 1 0 0
0 1 0 1 1 1 0 0 0 1 1 0 0 0 1 0 1 1 1 0 1 1 1 0 0 1 0 1
0 0 0 1 1 1 1 0 0 0 1 1 1 1 0 0 0 1 0 1 1 0 0 1 1 0 0 0
0 0 0 1 1 1 1 0 1 0 0 0 1 0 0 0 0 1 0 1 0 0 1 1 1 0 0 0
1 0 0 0 1 0 1 0 0 0 1 1 0 1 1 0 0 0 1 1 1 1 0 1 1 1 1 1
0 0 0 1 1 0 0 1 0 1 1 1 1 1 1 1 0 0 1 0 0 1 1 1 1 0 1 1
1 1 0 0 0 1 1 1 0 0 1 0 1 0 1 1 0 1 0 1 1 0 1 0 0 0 1 1
1 1 1 1 1 1 0 1 1 1 0 0 1 1 0 1 0 1 0 1 1 0 0 1 1 1 0 0
0 1 0 1 1 0 0 0 1 0 1 0 1 1 0 0 0 0 0 1 0 0 1 0 1 1 0 1
1 0 0 1 1 1 0 0 1 0 1 1 1 0 0 0 0 0 0 0 1 0 0 0 0 1 1 0
1 1 0 1 0 0 1 1 1 0 0 0 1 0 0 1 1 1 0 1 0 0 0 1 0 1 1 1
1 1 0 1 1 0 1 1 1 0 0 0 0 0 1 0 0 0 0 0 1 0 0 0 0 0 0 0
0 0 0 1 0 0 1 1 0 0 1 1 1 0 1 0 1 0 1 1 1 0 0 0 1 1 0 0
1 0 0 1 1 0 0 1 0 0 0 0 1 1 0 1 0 1 1 1 1 1 1 0 1 0 0 1
1 0 1 0 0 1 1 1 0 1 1 0 0 1 0 1 1 1 0 1 0 0 0 1 0 0 1 1
1 1 0 1 0 0 1 0 1 1 1 1 0 0 1 1 1 1 0 1 1 0 1 0 0 0 0 1
0 0 0 0 0 1 1 0 1 0 1 0 0 0 0 0 0 1 1 1 1 0 1 0 1 1 0 1
0 0 1 1 0 1 1 0 1 0 1 1 0 0 1 1 1 0 1 1 0 0 1 1 0 1 0 1
1 1 1 0 0 0 0 1 1 1 1 1 0 0 0 1 1 1 0 0 1 0 0 1 0 0 1 0
0 0 1 0 0 0 1 0 1 0 0 0 0 0 0 0 0 0 0 0 1 1 0 1 0 0 1 0
0 1 1 1 0 0 1 0 1 0 0 1 1 0 1 1 0 0 1 0 0 1 0 1 0 1 1 0
0 0 1 0 0 0 0 1 0 0 0 1 1 0 1 1 0 0 0 1 0 1 1 0 1 0 0 1
0 0 0 0 1 0 0 1 0 0 0 1 1 0 0 0 0 0 1 0 1 1 0 0 1 0 1 0
0 0 1 0 0 0 0 0 0 0 1 0 1 0 1 1 1 1 1 1 1 0 1 0 1 1 0 0
1 1 1 0 0 1 0 0 1 0 0 1 1 1 1 1 1 1 1 1 1 1 0 0 1 0 1 1
