22
1 2 3 4 5 6 7 8 9 10 11 12 13 14 15 16 17 18 19 20 21 22
21 17 5 7 15 3 14 20 6 22 8 10 12 11 18 2 13 19 4 16 1 9
5
1 2 3 4 5
3 4 5 1 2
20
1 2 3 4 5 6 7 8 9 10 11 12 13 14 15 16 17 18 19 20
13 12 1 14 2 16 20 18 15 4 8 9 10 19 17 6 11 7 5 3
15
1 2 3 4 5 6 7 8 9 10 11 12 13 14 15
4 5 8 1 15 13 6 10 3 12 2 9 14 11 7
10
1 2 3 4 5 6 7 8 9 10
9 7 3 8 10 5 1 4 6 2
22
1 2 3 4 5 6 7 8 9 10 11 12 13 14 15 16 17 18 19 20 21 22
1 19 21 22 8 4 5 6 20 9 16 11 10 17 12 7 3 13 15 18 14 2
6
1 2 3 4 5 6
2 3 6 4 5 1
22
1 2 3 4 5 6 7 8 9 10 11 12 13 14 15 16 17 18 19 20 21 22
14 17 8 1 3 9 15 2 22 6 12 13 11 20 18 4 5 7 21 19 16 10
12
1 2 3 4 5 6 7 8 9 10 11 12
12 10 11 3 8 6 7 1 9 2 4 5
16
1 2 3 4 5 6 7 8 9 10 11 12 13 14 15 16
3 11 10 13 8 16 9 15 14 2 12 7 1 6 4 5
8
1 2 3 4 5 6 7 8
3 6 8 7 4 1 2 5
7
1 2 3 4 5 6 7
2 6 3 4 7 5 1
24
1 2 3 4 5 6 7 8 9 10 11 12 13 14 15 16 17 18 19 20 21 22 23 24
23 13 6 20 12 22 7 9 19 1 2 11 16 8 14 21 4 24 18 3 17 5 15 10
6
1 2 3 4 5 6
5 4 6 1 3 2
14
1 2 3 4 5 6 7 8 9 10 11 12 13 14
9 2 12 1 6 4 11 5 13 8 7 14 3 10
14
1 2 3 4 5 6 7 8 9 10 11 12 13 14
9 2 10 3 12 8 11 13 14 6 7 1 4 5
18
1 2 3 4 5 6 7 8 9 10 11 12 13 14 15 16 17 18
16 18 11 4 5 2 9 1 17 13 10 3 7 6 14 12 15 8
17
1 2 3 4 5 6 7 8 9 10 11 12 13 14 15 16 17
4 2 3 1 6 13 9 16 12 8 11 5 10 7 17 14 15
24
1 2 3 4 5 6 7 8 9 10 11 12 13 14 15 16 17 18 19 20 21 22 23 24
8 5 19 4 10 24 3 23 6 2 20 13 1 16 14 9 7 17 18 22 21 12 11 15
4
1 2 3 4
2 1 3 4
11
1 2 3 4 5 6 7 8 9 10 11
8 7 2 3 6 4 10 11 1 5 9
4
1 2 3 4
4 1 3 2
23
1 2 3 4 5 6 7 8 9 10 11 12 13 14 15 16 17 18 19 20 21 22 23
21 2 12 1 8 5 9 23 16 4 6 19 15 14 10 7 17 18 11 3 22 20 13
23
1 2 3 4 5 6 7 8 9 10 11 12 13 14 15 16 17 18 19 20 21 22 23
7 1 18 12 14 8 3 23 6 10 13 19 9 2 15 11 16 5 20 17 22 4 21
17
1 2 3 4 5 6 7 8 9 10 11 12 13 14 15 16 17
5 10 2 16 9 11 7 12 6 15 8 3 14 13 4 17 1
7
1 2 3 4 5 6 7
7 5 4 6 3 1 2
19
1 2 3 4 5 6 7 8 9 10 11 12 13 14 15 16 17 18 19
5 4 14 7 15 13 3 17 1 16 11 2 12 10 9 8 6 18 19
18
1 2 3 4 5 6 7 8 9 10 11 12 13 14 15 16 17 18
18 11 17 9 3 13 15 10 1 12 4 7 8 5 16 14 6 2
19
1 2 3 4 5 6 7 8 9 10 11 12 13 14 15 16 17 18 19
13 12 16 19 11 2 3 10 7 4 5 6 15 14 17 1 18 8 9
23
1 2 3 4 5 6 7 8 9 10 11 12 13 14 15 16 17 18 19 20 21 22 23
20 7 4 23 8 6 12 9 10 5 14 21 2 17 1 16 13 19 15 22 3 18 11
10
1 2 3 4 5 6 7 8 9 10
1 9 6 7 4 8 10 3 5 2
11
1 2 3 4 5 6 7 8 9 10 11
9 6 8 7 11 3 2 1 4 5 10
5
1 2 3 4 5
1 5 2 3 4
13
1 2 3 4 5 6 7 8 9 10 11 12 13
1 2 8 9 10 3 7 11 4 12 5 6 13
7
1 2 3 4 5 6 7
1 6 5 7 3 4 2
14
1 2 3 4 5 6 7 8 9 10 11 12 13 14
11 6 7 1 2 12 3 10 14 8 9 5 13 4
24
1 2 3 4 5 6 7 8 9 10 11 12 13 14 15 16 17 18 19 20 21 22 23 24
3 9 1 5 13 22 18 4 2 7 23 24 12 10 15 20 14 6 11 8 19 21 16 17
22
1 2 3 4 5 6 7 8 9 10 11 12 13 14 15 16 17 18 19 20 21 22
15 9 5 1 2 14 22 8 11 10 7 12 6 20 16 4 13 3 18 19 17 21
6
1 2 3 4 5 6
1 5 2 6 4 3
17
1 2 3 4 5 6 7 8 9 10 11 12 13 14 15 16 17
9 10 12 15 14 8 3 16 13 7 11 17 1 4 2 6 5
23
1 2 3 4 5 6 7 8 9 10 11 12 13 14 15 16 17 18 19 20 21 22 23
6 21 16 23 13 7 4 5 14 11 19 8 17 18 22 9 15 1 10 2 12 20 3
17
1 2 3 4 5 6 7 8 9 10 11 12 13 14 15 16 17
3 4 12 2 8 9 13 17 14 11 7 15 6 16 5 10 1
20
1 2 3 4 5 6 7 8 9 10 11 12 13 14 15 16 17 18 19 20
3 14 17 11 8 20 4 2 15 7 18 5 10 9 16 19 1 13 12 6
6
1 2 3 4 5 6
4 1 5 3 2 6
16
1 2 3 4 5 6 7 8 9 10 11 12 13 14 15 16
5 11 13 1 14 3 16 8 4 7 10 12 9 6 2 15
16
1 2 3 4 5 6 7 8 9 10 11 12 13 14 15 16
12 13 4 5 14 7 10 16 15 3 2 1 6 9 11 8
20
1 2 3 4 5 6 7 8 9 10 11 12 13 14 15 16 17 18 19 20
1 18 5 10 11 9 13 15 7 6 19 12 8 20 4 16 17 2 3 14
9
1 2 3 4 5 6 7 8 9
7 2 6 3 9 8 4 5 1
14
1 2 3 4 5 6 7 8 9 10 11 12 13 14
8 6 12 13 11 7 5 10 2 9 3 1 4 14
15
1 2 3 4 5 6 7 8 9 10 11 12 13 14 15
9 6 14 8 7 15 3 10 4 5 2 1 11 12 13
18
1 2 3 4 5 6 7 8 9 10 11 12 13 14 15 16 17 18
10 3 16 7 1 14 11 6 13 9 18 4 12 2 15 5 17 8
7
1 2 3 4 5 6 7
5 4 3 6 2 7 1
8
1 2 3 4 5 6 7 8
7 6 2 1 4 3 8 5
15
1 2 3 4 5 6 7 8 9 10 11 12 13 14 15
3 14 5 10 15 7 1 9 8 4 6 12 13 11 2
5
1 2 3 4 5
5 2 1 4 3
4
1 2 3 4
4 3 2 1
8
1 2 3 4 5 6 7 8
1 8 7 4 2 6 5 3
21
1 2 3 4 5 6 7 8 9 10 11 12 13 14 15 16 17 18 19 20 21
7 14 20 10 6 12 3 8 13 11 18 2 4 16 1 9 5 19 21 17 15
11
1 2 3 4 5 6 7 8 9 10 11
1 9 8 10 2 6 4 7 5 3 11
10
1 2 3 4 5 6 7 8 9 10
2 7 9 3 6 8 5 10 1 4
15
1 2 3 4 5 6 7 8 9 10 11 12 13 14 15
9 8 14 5 15 1 2 11 6 13 3 12 10 7 4
5
1 2 3 4 5
3 1 4 5 2
16
1 2 3 4 5 6 7 8 9 10 11 12 13 14 15 16
16 9 2 14 15 8 6 12 4 5 1 11 7 3 10 13
11
1 2 3 4 5 6 7 8 9 10 11
10 8 2 1 7 6 3 4 5 11 9
21
1 2 3 4 5 6 7 8 9 10 11 12 13 14 15 16 17 18 19 20 21
20 14 18 9 13 4 17 8 15 11 16 12 3 19 2 5 21 10 1 6 7
10
1 2 3 4 5 6 7 8 9 10
2 4 10 6 1 8 7 5 9 3
18
1 2 3 4 5 6 7 8 9 10 11 12 13 14 15 16 17 18
11 16 1 13 2 12 4 15 7 17 14 3 5 18 6 8 10 9
17
1 2 3 4 5 6 7 8 9 10 11 12 13 14 15 16 17
7 9 10 2 17 1 16 6 8 14 5 12 3 15 13 4 11
13
1 2 3 4 5 6 7 8 9 10 11 12 13
12 9 5 1 8 6 11 3 13 2 10 4 7
20
1 2 3 4 5 6 7 8 9 10 11 12 13 14 15 16 17 18 19 20
12 2 10 17 20 8 11 15 6 13 19 5 9 7 3 4 14 1 18 16
4
1 2 3 4
3 1 2 4
4
1 2 3 4
4 2 1 3
14
1 2 3 4 5 6 7 8 9 10 11 12 13 14
13 4 3 8 10 5 1 14 2 6 9 11 12 7
15
1 2 3 4 5 6 7 8 9 10 11 12 13 14 15
15 10 14 13 2 3 8 4 7 9 5 1 12 6 11
10
1 2 3 4 5 6 7 8 9 10
6 2 4 1 5 9 10 7 3 8
3
1 2 3
1 3 2
7
1 2 3 4 5 6 7
1 7 5 6 2 3 4
12
1 2 3 4 5 6 7 8 9 10 11 12
4 12 9 1 8 3 2 11 7 10 6 5
5
1 2 3 4 5
4 1 3 5 2
19
1 2 3 4 5 6 7 8 9 10 11 12 13 14 15 16 17 18 19
17 11 9 2 8 5 7 10 3 18 12 16 13 1 4 19 14 15 6
16
1 2 3 4 5 6 7 8 9 10 11 12 13 14 15 16
16 2 5 3 10 8 1 6 12 9 15 11 4 13 7 14
13
1 2 3 4 5 6 7 8 9 10 11 12 13
9 11 1 4 3 13 6 10 5 12 8 7 2
18
1 2 3 4 5 6 7 8 9 10 11 12 13 14 15 16 17 18
11 17 4 3 5 18 6 13 10 12 15 16 1 2 7 14 8 9
20
1 2 3 4 5 6 7 8 9 10 11 12 13 14 15 16 17 18 19 20
11 7 17 18 1 12 20 8 3 16 19 2 10 5 4 6 14 9 13 15
22
1 2 3 4 5 6 7 8 9 10 11 12 13 14 15 16 17 18 19 20 21 22
7 20 6 4 5 14 22 8 17 1 13 2 11 9 18 10 12 21 19 15 16 3
17
1 2 3 4 5 6 7 8 9 10 11 12 13 14 15 16 17
15 17 13 16 3 10 8 11 5 1 6 2 9 4 14 7 12
6
1 2 3 4 5 6
1 6 5 2 4 3
13
1 2 3 4 5 6 7 8 9 10 11 12 13
5 8 7 4 13 11 9 10 3 1 2 12 6
9
1 2 3 4 5 6 7 8 9
3 8 9 2 4 5 7 6 1
6
1 2 3 4 5 6
5 3 2 6 4 1
11
1 2 3 4 5 6 7 8 9 10 11
2 11 10 8 6 4 5 1 3 7 9
14
1 2 3 4 5 6 7 8 9 10 11 12 13 14
8 5 12 9 14 11 7 1 10 6 13 3 2 4
24
1 2 3 4 5 6 7 8 9 10 11 12 13 14 15 16 17 18 19 20 21 22 23 24
20 13 16 8 12 24 5 2 1 18 9 7 6 23 10 22 17 15 21 3 19 14 11 4
18
1 2 3 4 5 6 7 8 9 10 11 12 13 14 15 16 17 18
17 10 3 14 5 9 2 4 8 16 13 18 6 1 7 12 11 15
15
1 2 3 4 5 6 7 8 9 10 11 12 13 14 15
4 8 15 11 7 2 3 5 14 10 9 13 1 6 12
8
1 2 3 4 5 6 7 8
8 2 6 5 1 4 7 3
13
1 2 3 4 5 6 7 8 9 10 11 12 13
11 4 10 8 5 13 3 2 1 12 7 6 9
10
1 2 3 4 5 6 7 8 9 10
9 6 1 2 3 10 7 5 8 4
12
1 2 3 4 5 6 7 8 9 10 11 12
3 12 7 1 5 9 11 10 2 6 8 4
16
1 2 3 4 5 6 7 8 9 10 11 12 13 14 15 16
13 6 7 3 15 10 2 4 8 11 1 14 16 5 12 9
