5924 96 38
3531 56 97
8405 40 69
7827 85 64
2196 74 99
4135 55 80
1895 18 20
9615 38 45
15 52 83
3720 41 66
9512 29 44
5663 40 47
3819 70 31
8506 92 65
8860 97 47
2185 68 60
2473 58 74
9372 71 72
5602 67 56
1883 79 25
7870 35 12
2817 50 81
880 40 70
726 75 81
6823 27 81
2114 22 81
7718 91 32
92 87 60
3954 78 31
3668 8 53
5322 40 38
9470 3 67
9025 23 72
1152 36 87
5839 68 74
9954 16 60
9028 28 71
979 57 3
7883 15 74
6098 88 77
6759 54 99
709 22 90
701 46 59
9274 87 13
9589 66 6
5210 99 2
2210 17 81
8604 83 95
2265 76 73
9800 73 50
7168 50 91
3410 79 53
6296 94 49
2499 13 2
9864 5 61
6602 6 55
9758 93 55
1583 7 65
9543 2 37
3483 68 34
9691 86 7
7935 74 45
4538 81 73
5371 39 6
44 52 89
1253 67 3
6543 84 63
2309 63 56
1256 86 89
2076 84 82
1443 46 33
6107 84 48
5197 48 58
1212 4 6
9748 86 88
6485 39 20
9970 46 85
3688 66 22
9984 11 84
7153 13 57
6072 88 36
358 87 6
1615 24 85
472 3 43
2144 49 67
7236 30 1
8040 75 93
1082 60 7
5546 87 72
778 79 2
538 60 98
595 38 59
2086 12 4
3390 55 76
6164 43 23
7215 27 18
9278 53 33
9661 50 22
7485 4 35
4960 62 94
9556 75 69
6478 70 78
963 4 27
9585 27 61
9592 1 61
15 22 56
9529 32 79
5603 83 1
2285 67 62
8260 4 36
883 4 39
4739 80 39
7844 39 39
7104 36 13
1759 95 1
2925 71 16
8042 6 34
1340 65 1
1522 70 35
2564 83 68
4964 18 53
2059 96 69
8191 23 38
9523 51 62
2504 6 7
9304 27 57
249 34 84
4250 81 26
8194 10 70
5882 99 36
4186 43 25
4754 37 12
2835 80 87
3862 13 64
818 78 2
2301 16 39
446 56 71
1501 44 3
7281 19 83
1340 62 97
9258 21 69
8768 75 61
8376 38 29
7548 48 16
9575 5 8
1949 72 69
6732 53 7
8349 22 99
2161 35 77
3374 15 38
8568 9 24
925 65 34
782 14 46
981 32 68
6837 25 60
1596 49 1
2259 77 58
4677 74 65
9914 53 77
9895 52 51
4606 61 42
190 25 78
4906 82 91
9966 97 7
2396 43 39
8565 47 50
3991 58 20
9374 51 41
1277 19 27
6522 76 8
5787 16 97
1910 75 53
1281 25 74
254 32 27
4398 95 3
6422 66 8
6417 20 9
6124 60 38
172 47 81
459 97 59
185 74 81
5938 14 48
4800 51 41
674 8 92
9457 43 1
9588 90 26
1887 28 45
5411 82 22
1020 98 51
5510 33 4
8075 18 11
7670 91 61
7527 42 49
1219 32 46
4844 13 19
5285 97 52
2401 82 17
980 68 47
5879 31 38
6240 55 46
209 67 26
8297 46 94
6151 34 29
866 67 6
8327 15 17
468 70 62
9498 48 6
8841 65 9
8101 23 93
6902 20 38
3805 14 67
811 56 52
1833 5 18
9593 71 92
371 24 69
3175 41 24
1948 60 11
7049 40 79
5935 2 54
6232 1 4
4757 44 12
3299 70 53
8827 5 22
4356 73 88
2070 95 35
7757 45 3
9038 5 3
6889 55 45
4637 90 99
2306 89 9
853 3 81
577 1 86
461 85 89
2455 8 89
2406 90 7
8906 37 38
1088 86 86
49 48 88
8214 33 28
8491 24 55
2556 30 93
1845 85 4
309 87 59
7777 28 44
811 44 31
5986 28 81
1848 45 35
935 87 92
3942 47 26
3974 20 74
905 86 27
5238 89 26
8235 69 51
6349 92 15
8045 17 95
2202 6 61
4360 73 53
1642 22 35
370 38 4
6675 96 54
8205 56 85
949 63 96
3117 99 27
7029 7 73
5493 79 45
2966 56 49
6643 80 36
5039 31 43
3000 66 86
1719 41 21
6865 66 48
6229 44 5
652 74 8
5275 77 43
1334 68 34
9758 98 8
8229 49 57
4740 51 93
8437 66 85
7808 79 7
9737 30 82
9939 59 70
5338 59 37
9271 48 38
2616 9 25
9376 90 6
770 11 55
2250 28 99
3826 49 3
5596 36 53
1485 41 82
445 77 95
458 21 77
173 88 67
636 85 69
7753 91 96
5746 20 49
1353 79 7
6878 7 19
5321 59 49
6727 65 86
3396 60 64
6385 6 5
9717 68 97
9804 57 79
2497 4 92
6057 85 5
7719 64 27
5207 43 19
3688 10 73
5067 82 70
2199 17 73
962 46 71
6076 99 50
1969 70 69
1009 71 2
2570 51 27
7960 51 76
4991 59 39
8070 88 65
2014 93 80
973 84 37
4356 81 7
3299 59 54
5071 32 16
1660 91 78
9963 88 49
2190 27 42
7442 66 67
2475 64 83
506 2 83
8301 46 33
8252 68 78
1644 27 13
2679 38 25
2104 82 67
951 55 35
6462 63 75
1745 34 38
2810 44 25
365 90 55
1052 15 46
2637 46 10
853 14 16
3351 48 91
6309 75 17
3964 64 38
8164 98 92
4630 24 25
5489 6 34
5809 7 90
2108 36 77
4978 33 65
3783 46 33
802 17 4
9296 22 85
8938 37 90
4753 11 41
8037 44 32
1065 45 78
9053 86 71
5331 24 75
2777 45 56
934 16 80
4477 41 2
4677 90 84
5160 22 29
4227 62 62
3680 7 93
6948 57 82
7967 76 11
6759 86 4
8568 57 56
8784 42 47
2641 46 82
2967 11 10
3408 34 26
7895 24 70
315 59 69
5698 94 61
9254 28 58
3326 68 46
871 76 52
2662 98 31
2846 33 10
6274 78 46
946 24 60
3722 66 51
7983 13 21
8519 49 49
5163 38 86
7943 57 62
7880 4 53
2077 32 70
1617 54 94
3556 23 3
2103 75 50
9631 57 18
8646 71 42
3406 86 58
5648 21 31
2840 43 62
4300 42 26
6652 35 96
8620 91 49
6432 6 18
5251 58 83
8004 39 95
6764 8 3
8054 85 91
3979 58 17
3309 23 26
5677 88 74
7704 95 84
6946 7 28
9380 5 73
9672 28 4
9482 96 63
6865 71 25
780 61 90
9271 31 18
9227 84 43
4946 3 42
6451 91 99
2322 7 93
7913 42 76
1187 37 98
8406 49 42
3422 59 37
1032 67 26
1920 26 51
8678 8 59
1699 42 7
1408 85 64
3499 19 8
7841 38 46
7871 65 59
9219 7 19
9967 30 45
6379 42 96
7775 49 42
8485 20 52
3303 65 12
4683 52 49
8310 75 19
7977 6 3
8051 19 4
3780 98 62
4579 43 44
9443 59 31
9119 67 98
1416 10 22
149 9 94
9656 43 39
8530 31 12
2257 45 44
2582 97 29
9779 15 59
9778 7 89
8026 49 83
6208 35 94
4387 54 57
8275 39 97
9309 31 6
4803 12 4
4244 4 20
1857 51 71
6486 34 34
5909 99 16
1951 56 27
2452 26 9
9524 24 49
8448 33 10
6518 45 2
9524 4 58
4953 74 78
129 26 86
9526 54 58
1350 35 6
6143 77 61
9604 99 19
2498 86 53
374 42 18
7259 8 59
8251 26 2
5568 57 79
2236 72 94
3153 96 29
197 28 21
2538 1 3
5420 7 61
4781 41 40
8464 81 50
3209 69 3
626 81 44
5163 52 68
123 42 79
1988 94 85
7107 99 86
9204 73 95
5864 93 48
7054 96 29
1094 97 30
5497 13 37
8948 94 31
2974 40 90
6304 11 28
9070 93 50
2630 41 79
7322 70 56
139 11 21
7017 98 52
4805 41 7
1792 85 80
522 81 11
1028 53 72
3800 49 53
1395 71 27
8048 94 57
7073 92 27
5229 60 11
9675 19 93
4771 82 34
3907 67 89
6326 91 27
8847 53 42
4132 94 8
2352 64 21
3331 47 85
5817 25 80
1644 92 67
598 73 14
8288 75 61
935 18 27
2664 54 59
7315 67 57
6677 56 77
366 5 76
6971 13 88
7542 71 17
7014 8 64
13 65 46
1113 62 77
7094 60 35
8610 32 86
1375 40 43
9972 48 33
351 96 52
7984 80 75
831 86 37
5195 3 72
3179 47 17
5031 75 55
5452 95 21
8928 56 6
7263 74 56
9940 63 40
955 18 14
5767 8 61
4118 19 81
5625 48 16
7072 78 79
1727 91 54
5100 55 58
7522 86 68
7390 28 88
4591 71 46
3463 35 31
753 8 39
2018 97 31
8258 37 29
1946 24 79
8623 94 45
3519 12 86
5652 1 74
6889 41 6
4794 60 55
4841 12 76
4248 95 30
826 40 78
9171 34 55
9734 45 64
3511 25 16
7576 41 7
3656 20 57
2090 31 60
2365 15 55
6410 3 95
848 17 5
58 81 10
7697 26 27
6729 57 2
7146 38 43
1522 89 44
2806 77 14
3967 85 73
8814 10 61
9217 17 27
6689 53 73
8548 43 56
