44.208955223880594
23.07843137254902
77.11009174311927
52.53020134228188
12.693641618497109
30.62962962962963
49.86842105263158
115.8433734939759
0.1111111111111111
34.76635514018692
130.3013698630137
65.0919540229885
37.81188118811881
54.17834394904459
61.52777777777778
17.0703125
18.734848484848484
65.53846153846153
45.54471544715447
18.10576923076923
167.4468085106383
21.50381679389313
8.0
4.653846153846154
63.175925925925924
20.524271844660195
62.7479674796748
0.6258503401360545
36.27522935779817
60.131147540983605
68.23076923076923
135.28571428571428
95.0
9.365853658536585
41.11971830985915
130.97368421052633
91.1919191919192
16.316666666666666
88.57303370786516
36.95757575757576
44.1764705882353
6.330357142857143
6.6761904761904765
92.74
133.18055555555554
51.584158415841586
22.551020408163264
48.337078651685395
15.201342281879194
79.67479674796748
50.836879432624116
25.833333333333332
44.02797202797203
166.6
149.45454545454547
108.22950819672131
65.93243243243244
21.98611111111111
244.69230769230768
34.14705882352941
104.20430107526882
66.68067226890756
29.467532467532468
119.35555555555555
0.3120567375886525
17.9
44.51020408163265
19.403361344537814
7.177142857142857
12.506024096385541
18.265822784810126
46.265151515151516
49.028301886792455
121.2
56.02298850574713
109.91525423728814
76.10687022900764
41.90909090909091
105.09473684210526
102.18571428571428
48.96774193548387
3.849462365591398
14.81651376146789
10.26086956521739
18.482758620689655
233.41935483870967
47.857142857142854
16.149253731343283
34.880503144654085
9.604938271604938
3.4050632911392404
6.134020618556701
130.375
25.87786259541985
93.39393939393939
160.33333333333334
107.88372093023256
134.18055555555554
191.92307692307693
31.794871794871796
66.36111111111111
43.770270270270274
31.06451612903226
108.92045454545455
154.70967741935485
0.19230769230769232
85.84684684684684
66.70238095238095
17.713178294573645
206.5
20.53488372093023
39.8235294117647
100.56410256410257
144.9795918367347
18.322916666666668
33.62068965517241
201.05
20.303030303030305
14.495238095238095
16.980132450331126
69.91549295774648
12.478787878787879
134.27868852459017
84.27433628318585
192.6153846153846
110.76190476190476
2.110169491525424
39.7196261682243
102.425
43.57037037037037
61.55882352941177
97.0204081632653
16.976047904191617
50.15584415584416
10.225
41.836363636363636
3.5118110236220472
31.93617021276596
71.38235294117646
8.427672955974844
102.86666666666666
64.47058823529412
125.01492537313433
117.9375
736.5384615384615
13.822695035460994
112.2
69.0
19.294642857142858
63.660377358490564
259.6363636363636
9.343434343434344
13.033333333333333
9.81
80.43529411764706
31.92
16.733333333333334
33.64748201438849
76.26153846153846
96.06796116504854
44.71844660194175
1.8446601941747574
28.358381502890172
95.82692307692308
29.21951219512195
88.29896907216495
51.166666666666664
101.8913043478261
27.76086956521739
77.64285714285714
51.21238938053097
14.921875
12.93939393939394
4.305084745762712
44.87755102040816
86.78378378378379
221.27586206896552
62.48979591836735
1.34375
2.9423076923076925
1.1935483870967742
95.7741935483871
52.17391304347826
6.74
214.9318181818182
82.65517241379311
25.84931506849315
52.02884615384615
6.845637583892618
148.9189189189189
278.44827586206895
50.46052631578947
82.71428571428571
15.628205128205128
151.375
35.46979865771812
24.252525252525253
8.521739130434783
85.20289855072464
61.78217821782178
2.247311827956989
59.26428571428571
97.63492063492063
11.863013698630137
260.21875
3.5454545454545454
175.88888888888889
119.47297297297297
69.83620689655173
119.0
46.97530864197531
7.5092592592592595
79.69565217391305
58.852760736196316
3.989247311827957
48.84615384615385
27.43661971830986
59.23529411764706
105.98214285714286
1246.4
84.94642857142857
26.821138211382113
326.9259259259259
27.055900621118013
15.923076923076923
161.60416666666666
1129.75
68.89
24.534391534391535
23.53061224489796
10.154761904761905
6.632183908045977
2.6494252873563218
25.309278350515463
24.804123711340207
118.74666666666667
6.325581395348837
0.3602941176470588
134.65573770491804
107.48101265822785
20.78048780487805
20.730337078651687
2.1164383561643834
108.01388888888889
10.813333333333333
54.91743119266055
23.1
5.223463687150838
54.0
42.276595744680854
8.008849557522124
45.54782608695652
68.625
59.33644859813084
71.83035714285714
32.865671641791046
34.6031746031746
28.80701754385965
8.80952380952381
44.5
58.191489361702125
5.968553459119497
24.738095238095237
87.8625
44.29838709677419
28.247619047619047
57.26724137931034
68.0945945945946
19.736842105263158
27.725806451612904
60.219298245614034
127.12244897959184
7.951219512195122
43.958333333333336
13.07843137254902
92.05660377358491
77.63207547169812
32.916666666666664
55.87417218543046
90.79069767441861
86.9375
77.04651162790698
55.604166666666664
107.80232558139535
76.94117647058823
97.66666666666667
11.666666666666666
17.716535433070867
73.57692307692308
62.87640449438202
12.073170731707316
2.5872093023255816
4.673469387755102
1.1161290322580646
4.12987012987013
41.45989304812834
83.27536231884058
15.732558139534884
264.53846153846155
49.26851851851852
44.549668874172184
27.387096774193548
580.4545454545455
58.89090909090909
72.08823529411765
26.010416666666668
67.3
84.82417582417582
83.98387096774194
44.433734939759034
33.33552631578947
24.433333333333334
8.222222222222221
40.77852348993289
14.16546762589928
13.821917808219178
32.94871794871795
62.67716535433071
50.92857142857143
52.745098039215684
11.641618497109826
8.041322314049587
49.5
29.194690265486727
105.64583333333333
9.822485207100591
72.72262773722628
31.73913043478261
55.954887218045116
16.836734693877553
5.952941176470588
105.07594936708861
56.52054794520548
41.1
42.523809523809526
14.120805369127517
10.566666666666666
46.82608695652174
24.23611111111111
40.72463768115942
2.5172413793103448
17.24590163934426
47.089285714285715
28.433333333333334
24.107913669064747
68.57608695652173
38.86274509803921
42.96842105263158
94.48979591836735
137.225
59.88659793814433
18.654867256637168
50.795918367346935
47.88607594936709
38.19047619047619
86.8785046728972
70.37795275590551
91.40384615384616
105.75
8.658536585365853
57.66242038216561
53.84848484848485
27.495049504950494
9.729166666666666
104.11627906976744
26.879310344827587
101.17647058823529
34.08870967741935
36.8
49.985611510791365
91.57471264367815
75.1
75.82300884955752
98.69662921348315
20.6328125
141.28571428571428
56.8
83.98936170212765
2.4609375
36.76129032258064
107.6046511627907
29.17543859649123
6.8046875
20.635658914728683
66.18604651162791
50.596774193548384
11.261904761904763
31.811965811965813
234.7941176470588
86.92857142857143
41.63709677419355
66.74789915966386
138.24561403508773
20.362745098039216
10.925675675675675
136.76923076923077
16.824
128.41333333333333
76.51327433628319
23.65277777777778
108.61538461538461
27.047619047619047
63.23529411764706
50.778625954198475
61.57142857142857
268.0
37.241134751773046
59.73134328358209
614.9090909090909
45.76136363636363
53.053333333333335
67.53061224489795
35.04320987654321
43.039106145251395
198.45714285714286
120.25641025641026
302.25
59.63522012578616
71.51041666666667
5.1655629139072845
189.20408163265307
72.65354330708661
109.91111111111111
33.95263157894737
23.22
67.05932203389831
8.792592592592593
92.37362637362638
35.645833333333336
11.096774193548388
24.935064935064936
129.52238805970148
34.673469387755105
9.449664429530202
129.59259259259258
93.3452380952381
63.475806451612904
354.5769230769231
132.89333333333335
46.22463768115942
85.43956043956044
117.84722222222223
42.896103896103895
46.366336633663366
88.40425531914893
886.3333333333334
350.04347826086956
23.625
52.632183908045974
104.92222222222222
55.266666666666666
44.25
1.4466019417475728
117.7560975609756
198.37209302325581
25.359550561797754
20.49206349206349
132.14864864864865
101.85416666666667
60.803030303030305
48.12403100775194
39.52252252252252
60.845588235294116
251.59459459459458
300.1875
176.83333333333334
15.221311475409836
95.38235294117646
51.38260869565217
23.50602409638554
70.05714285714286
130.46575342465752
196.46511627906978
138.68085106382978
153.61290322580646
32.58552631578947
1.1517857142857142
85.05357142857143
32.926829268292686
44.51449275362319
81.38983050847457
17.971223021582734
6.233333333333333
108.34328358208955
294.67857142857144
40.94117647058823
13.46987951807229
25.224
4.020408163265306
634.5
79.70588235294117
59.02469135802469
64.61068702290076
44.56944444444444
5.008
43.025
1.0165289256198347
11.106145251396647
38.41621621621621
54.785714285714285
41.5886524822695
56.432
8.614173228346457
109.94
71.584
22.876923076923077
161.64102564102564
63.42657342657343
21.916666666666668
58.111111111111114
4.34375
46.78
100.10416666666667
10.860606060606061
5.673913043478261
8.224
37.254901960784316
14.23469387755102
53.29801324503311
59.436974789915965
73.64788732394366
86.38392857142857
41.12931034482759
25.044871794871796
53.610169491525426
93.12631578947368
40.509803921568626
27.67058823529412
25.234848484848484
55.4
10.339622641509434
6.873563218390805
60.94117647058823
20.77777777777778
23.575221238938052
58.99193548387097
50.203007518796994
4.518518518518518
69.01980198019803
85.70454545454545
97.41666666666667
0.11711711711711711
8.007194244604317
74.67368421052632
72.96610169491525
16.566265060240966
123.11111111111111
2.3716216216216215
51.50967741935484
6.7560975609756095
69.26666666666667
49.671875
38.7
47.0
144.0
55.86923076923077
96.50485436893204
29.84375
83.57971014492753
41.18
87.890625
45.044585987261144
11.910344827586206
45.13274336283186
48.84415584415584
63.706896551724135
39.23931623931624
52.46969696969697
16.02127659574468
15.765625
125.12121212121212
18.893203883495147
62.03597122302158
35.90816326530612
75.36
146.5744680851064
41.68695652173913
55.01136363636363
33.984
7.0
103.04494382022472
89.30275229357798
85.63414634146342
157.83333333333334
47.48051948051948
22.967032967032967
33.785714285714285
65.40816326530613
38.54545454545455
0.6373626373626373
145.22641509433961
114.05084745762711
88.22222222222223
11.443609022556391
30.835164835164836
25.10759493670886
124.14084507042253
209.47727272727272
53.08730158730159
86.34343434343434
