44.21
23.08
77.11
52.53
12.69
30.63
49.87
115.84
0.11
34.77
130.30
65.09
37.81
54.18
61.53
17.07
18.73
65.54
45.54
18.11
167.45
21.50
8.00
4.65
63.18
20.52
62.75
0.63
36.28
60.13
68.23
135.29
95.00
9.37
41.12
130.97
91.19
16.32
88.57
36.96
44.18
6.33
6.68
92.74
133.18
51.58
22.55
48.34
15.20
79.67
50.84
25.83
44.03
166.60
149.45
108.23
65.93
21.99
244.69
34.15
104.20
66.68
29.47
119.36
0.31
17.90
44.51
19.40
7.18
12.51
18.27
46.27
49.03
121.20
56.02
109.92
76.11
41.91
105.09
102.19
48.97
3.85
14.82
10.26
18.48
233.42
47.86
16.15
34.88
9.60
3.41
6.13
130.38
25.88
93.39
160.33
107.88
134.18
191.92
31.79
66.36
43.77
31.06
108.92
154.71
0.19
85.85
66.70
17.71
206.50
20.53
39.82
100.56
144.98
18.32
33.62
201.05
20.30
14.50
16.98
69.92
12.48
134.28
84.27
192.62
110.76
2.11
39.72
102.42
43.57
61.56
97.02
16.98
50.16
10.22
41.84
3.51
31.94
71.38
8.43
102.87
64.47
125.01
117.94
736.54
13.82
112.20
69.00
19.29
63.66
259.64
9.34
13.03
9.81
80.44
31.92
16.73
33.65
76.26
96.07
44.72
1.84
28.36
95.83
29.22
88.30
51.17
101.89
27.76
77.64
51.21
14.92
12.94
4.31
44.88
86.78
221.28
62.49
1.34
2.94
1.19
95.77
52.17
6.74
214.93
82.66
25.85
52.03
6.85
148.92
278.45
50.46
82.71
15.63
151.38
35.47
24.25
8.52
85.20
61.78
2.25
59.26
97.63
11.86
260.22
3.55
175.89
119.47
69.84
119.00
46.98
7.51
79.70
58.85
3.99
48.85
27.44
59.24
105.98
1246.40
84.95
26.82
326.93
27.06
15.92
161.60
1129.75
68.89
24.53
23.53
10.15
6.63
2.65
25.31
24.80
118.75
6.33
0.36
134.66
107.48
20.78
20.73
2.12
108.01
10.81
54.92
23.10
5.22
54.00
42.28
8.01
45.55
68.62
59.34
71.83
32.87
34.60
28.81
8.81
44.50
58.19
5.97
24.74
87.86
44.30
28.25
57.27
68.09
19.74
27.73
60.22
127.12
7.95
43.96
13.08
92.06
77.63
32.92
55.87
90.79
86.94
77.05
55.60
107.80
76.94
97.67
11.67
17.72
73.58
62.88
12.07
2.59
4.67
1.12
4.13
41.46
83.28
15.73
264.54
49.27
44.55
27.39
580.45
58.89
72.09
26.01
67.30
84.82
83.98
44.43
33.34
24.43
8.22
40.78
14.17
13.82
32.95
62.68
50.93
52.75
11.64
8.04
49.50
29.19
105.65
9.82
72.72
31.74
55.95
16.84
5.95
105.08
56.52
41.10
42.52
14.12
10.57
46.83
24.24
40.72
2.52
17.25
47.09
28.43
24.11
68.58
38.86
42.97
94.49
137.22
59.89
18.65
50.80
47.89
38.19
86.88
70.38
91.40
105.75
8.66
57.66
53.85
27.50
9.73
104.12
26.88
101.18
34.09
36.80
49.99
91.57
75.10
75.82
98.70
20.63
141.29
56.80
83.99
2.46
36.76
107.60
29.18
6.80
20.64
66.19
50.60
11.26
31.81
234.79
86.93
41.64
66.75
138.25
20.36
10.93
136.77
16.82
128.41
76.51
23.65
108.62
27.05
63.24
50.78
61.57
268.00
37.24
59.73
614.91
45.76
53.05
67.53
35.04
43.04
198.46
120.26
302.25
59.64
71.51
5.17
189.20
72.65
109.91
33.95
23.22
67.06
8.79
92.37
35.65
11.10
24.94
129.52
34.67
9.45
129.59
93.35
63.48
354.58
132.89
46.22
85.44
117.85
42.90
46.37
88.40
886.33
350.04
23.62
52.63
104.92
55.27
44.25
1.45
117.76
198.37
25.36
20.49
132.15
101.85
60.80
48.12
39.52
60.85
251.59
300.19
176.83
15.22
95.38
51.38
23.51
70.06
130.47
196.47
138.68
153.61
32.59
1.15
85.05
32.93
44.51
81.39
17.97
6.23
108.34
294.68
40.94
13.47
25.22
4.02
634.50
79.71
59.02
64.61
44.57
5.01
43.02
1.02
11.11
38.42
54.79
41.59
56.43
8.61
109.94
71.58
22.88
161.64
63.43
21.92
58.11
4.34
46.78
100.10
10.86
5.67
8.22
37.25
14.23
53.30
59.44
73.65
86.38
41.13
25.04
53.61
93.13
40.51
27.67
25.23
55.40
10.34
6.87
60.94
20.78
23.58
58.99
50.20
4.52
69.02
85.70
97.42
0.12
8.01
74.67
72.97
16.57
123.11
2.37
51.51
6.76
69.27
49.67
38.70
47.00
144.00
55.87
96.50
29.84
83.58
41.18
87.89
45.04
11.91
45.13
48.84
63.71
39.24
52.47
16.02
15.77
125.12
18.89
62.04
35.91
75.36
146.57
41.69
55.01
33.98
7.00
103.04
89.30
85.63
157.83
47.48
22.97
33.79
65.41
38.55
0.64
145.23
114.05
88.22
11.44
30.84
25.11
124.14
209.48
53.09
86.34
