7 8
15 5
99 6
1000034 1000013
999999999 99999999
980377005 927472931
308238929 971504076
713245464 604533616
975497779 351182145
924688761 601336154
796411294 964583803
194450388 343675804
712156991 649965298
274491604 297148096
833933404 892955289
387624180 490481095
352122501 987177217
118033076 861965947
341999821 895827725
416070372 679951230
846243877 858048027
399710754 641821026
258937862 896001994
327360263 577998291
491639804 75771342
542091324 106755660
753008341 783080925
827969633 955438401
190524864 7358479
750938584 571038911
3754092 611536802
128313488 212298747
580319024 259780168
215734235 929065185
562653845 722822333
11766814 45534793
816788296 411059847
351007397 290491371
759217668 284783615
454347274 569945604
354704500 616243590
472995449 801264804
336512103 703399298
733937628 143675856
415657053 264217787
571940066 251738264
490270790 150522046
318709014 797921249
226357718 881723675
233789506 721048803
667092322 191601774
105800090 747957511
625108713 792432351
584838443 360617465
111549292 127417508
32373461 599614272
503078861 963662779
664997170 241656304
205430300 600327779
627587690 501464752
86669673 796408806
112616563 797630492
122578794 343382709
580591083 316644023
79355207 365704360
34122326 406774180
793457746 568805105
394023375 326146354
186597029 863281673
337290743 150155111
145835958 512901002
339734214 435657688
602297390 8917907
218415893 129631233
631835868 897636681
174162760 728223509
893153412 484486967
144721646 574625218
349618707 885306402
638487321 433368614
493592126 558667930
704914456 439814403
736337645 218958710
722395522 517742866
771894316 55428965
862048032 732053114
487395391 760847670
129618714 225559751
17252628 430472389
295117499 581537473
42184590 36043939
72455972 724336599
117312187 739575201
939479289 903857115
518316447 644944846
620070738 565399565
209249487 170300580
200520837 264899760
240463386 655077853
654356594 422623118
186861926 385411675
598966920 49477095
995523832 519151518
755162242 562948915
606611076 167439077
30793512 900556132
49811634 993499710
743044929 360940386
173650126 250938393
785534471 326746147
714647904 821398599
143353605 451177189
140356149 744929355
170368387 493211420
9400283 752130073
344713015 606741406
767851259 927115806
905942017 34024097
52750830 40254858
157437787 369234476
113112682 227269387
547815816 65353533
852960999 769602189
890050499 487610551
92847833 928839172
33120070 936680883
756691625 132754815
822803629 961227825
847063619 571419155
878369493 183013731
37337447 644359624
424459259 931693440
290113519 927396630
889675713 381347117
707619136 746660626
485558240 280269749
270831691 851140936
57054592 826160712
715604345 722541989
249608348 465830137
60086150 104649000
754792240 460484997
6098228 697253615
441202806 53597406
254523286 451088506
358369390 904089911
536638933 397281969
836711573 642778414
823781370 193001706
970768656 924643275
308702801 594315784
395551748 706105449
429016808 273541346
682545556 968663518
823478438 909120084
743117195 97509866
387192351 237564632
734383326 83385264
272566945 849356974
845535760 695099734
305435023 618235380
431040062 999505689
203549337 15832584
599950887 713300948
55537995 926438069
200592766 571707067
332629481 287184812
292097539 139569084
935509606 288957106
380604872 882723047
546826004 798834342
116036580 180964471
221135572 190612116
860625860 148401088
55690723 409791948
138582513 5586976
207050828 710633045
384186415 380063221
431212251 546286702
904496320 7813433
230025791 520026695
185447436 526474286
287299399 514583184
46215829 883592043
368067543 592059037
657760079 642106643
10463914 791553885
237565677 5046765
966183253 425041335
671302139 33331562
500642859 257308562
76831725 300323368
181600817 126692473
336988029 567600893
865151383 395562422
58062514 150271930
273656945 980672483
879182477 696055939
392139930 484511199
924283849 705211757
557721865 775255352
653071174 857882751
681722674 573032623
780969446 739183940
287775358 276397436
86135088 497343353
214242191 664289187
784066069 392283976
818793397 344357142
511948346 372972254
605406236 921579472
693761254 247694612
85612498 290373259
263211426 552347525
132671061 289141559
67644272 785006600
853631455 10110619
843436212 10474415
756222575 442966387
69248357 123239679
175606388 176603868
928876946 464063211
845104536 23297603
909529967 56384152
100472227 222692383
165082117 681332605
494595681 966197670
367368331 630240244
81762076 67046412
737890429 918422805
366003036 860616965
134767632 409532374
18486185 742477421
762231704 822636801
571850342 933761895
455642547 243320837
605178574 539901331
188945875 821344900
318283569 766992425
269088311 247170914
905391462 893627842
855041932 635639311
647350183 163807416
373327973 744295688
732993504 4932790
882948361 621276088
838096820 953502828
260011642 387958072
206888409 275912205
518629548 968330795
110580730 921583622
530969227 438701807
105351477 763262268
283734369 420396395
490890759 805597520
241596918 46421567
491906465 493366783
3519659 424550962
521019475 377881447
591563855 609082123
183598321 984745033
981869129 415276477
44433568 831214019
449661704 433657898
59374861 560341722
217144494 140277268
722420123 357492485
991136643 330065149
983270170 225244407
466121196 147897509
504097236 807669419
680994165 217211358
977582279 125743608
283713773 22918589
738868503 740091743
456616407 975272366
735553900 69103327
907968701 547566099
156986399 500119254
607866031 103983411
220629630 260419250
986878779 334321447
664333155 654316282
592134962 255433083
834885556 781869177
393728265 529341991
784279501 553631672
832844700 697337233
586870499 256119095
925145402 485739343
266420240 751930881
395187054 454766786
770406242 921661404
722479044 704618765
174179875 377029732
847552306 882020822
670394687 791355888
148807306 778590361
342719561 667390861
804168563 619634407
833090653 429502749
46715838 18247235
54204842 598217018
103099970 107880001
930124269 242233784
900823533 960982678
35467192 254927959
505143789 125502150
502025317 409990896
870071358 254754139
315300850 993535894
373515092 614254904
423063329 598031162
615924924 333545284
373933819 404783846
508651552 425414022
896139437 987887786
204364016 531148304
233740817 243721666
686181906 786602685
327619960 523066378
953742141 147748291
297904327 823355899
880807234 238321857
141049481 236406843
100331307 851216340
967823509 42039687
823395589 590879099
50734957 998403519
184073840 324267793
732706998 275033986
787346855 812963743
819529652 151235390
465312868 867482092
37099428 296546154
276750040 846002951
558197420 381799709
466544413 332659077
878638165 415760303
926902512 343481028
583975749 690335118
300744632 407580472
309876980 847669699
556211653 761582451
888883204 944540607
374401510 296331555
979189381 447151000
785190022 719637791
334580730 540605472
489797141 803323019
144364216 13176980
95712060 40743264
220108747 239015798
426954846 463452156
861269236 122590553
792631913 329464704
407306172 9918562
541225441 499356648
26354353 547429313
319403275 551864857
815213990 577768606
655722677 263257251
103122574 815504109
643947380 364989367
752860685 490541651
73079736 500702473
624640404 669747321
202489328 503142271
100674596 494826795
313346378 940307210
795668444 415586071
687234695 516987015
928961523 936179365
75951040 974642409
748933282 87538207
951805685 802755126
856042893 144857996
189722070 795469301
160237115 493246009
345212866 370661858
368382949 270680701
674282386 799220222
608823894 557701235
660667110 625079984
215239208 452728687
97502346 654146954
848012506 27389625
915633789 790812100
539290470 635753951
754869707 273411648
617822604 876434617
806668684 991912764
662369104 792099299
43628405 39185703
715615273 211063516
223117802 496050130
159711905 541298255
981365226 786712942
864826230 333726176
396306668 192072802
375197637 488276900
294036662 205413117
568603043 619756039
474880127 690306738
786606779 948049510
773805736 852230342
352397136 593186257
400081687 686500770
661092556 113206948
678345774 976281335
663507485 621581284
724590005 935714722
723932301 389010379
162707707 139055584
881694573 229631519
824186529 418377879
46456175 86887453
119626868 229218088
83873748 500266130
983195828 733115950
995892985 417732465
12641787 43930084
646038122 942452358
595497453 91252477
431659780 549656349
459551593 665162730
462423876 3125523
675842772 287387219
630175254 929757455
320491630 480801149
172948873 233494591
180962861 596974986
722985626 732125598
48095875 288138835
798771898 855462964
866888889 607588927
110158382 497719125
640326499 384813372
412309601 900546932
358797304 459143571
321688747 671504072
395049319 202060783
703520434 556152515
393181911 553925088
489046476 662530795
619317143 740952138
652760676 395682755
813442036 859338880
33606274 55053296
403785500 549783899
633851106 155244994
618915305 738012507
682782309 74998652
391946549 231649453
371213456 610520230
509023158 467541689
192504019 172650672
952549751 423807036
98518916 960684691
159605214 419717834
948975186 454193952
910595952 223400277
260609205 940066217
804338781 193223425
498773672 994793590
695679104 4453792
628643076 103814432
891731790 133378791
730236216 191879165
915212204 426771434
948979504 900929542
3396416 677538175
461146275 715165815
33861788 386751040
733390710 332016319
828325306 891163971
190368997 830906816
969702505 945080456
574870047 834163907
780099463 487644118
470220785 842556575
714975868 490614763
171497803 518826562
27462769 874839837
896095433 424761757
36098540 546194090
518763473 513994441
133130128 826171959
150863760 954210389
745531638 350387842
140499242 779455047
8735025 917527824
169120930 664845367
145073778 206276031
795709800 812800941
837567328 673154432
152128247 917486153
987881290 629850058
77422831 380948345
1877618 48219148
115822410 955893491
116483080 480138558
351815291 348112890
122183503 807252414
271578358 674272274
80788692 905684857
175650125 206237165
348701147 110424332
124329343 549865453
103918925 992092615
291724389 913409106
445407058 218291077
441845352 711710426
717273170 300078780
677075241 932947833
344586313 263060785
774776503 520928482
89710701 146119272
418848720 471795024
350807381 298597306
72915356 896021593
812507086 640409561
532540439 388402479
948364453 559706146
867553193 204907950
825503614 627512190
586611937 251997747
872880653 550338505
592497769 455922890
36975834 339536481
427290031 780904397
823674980 87214702
712774619 688153428
953055834 30909919
442260035 801719976
213142976 698065723
363134171 397891589
475483134 447761988
131058780 689099546
437754225 371921382
917352235 249609975
252447898 418530423
455973202 233277958
412343743 764029205
574013829 968149750
372042895 639957193
997365230 790952623
811405707 374724845
411244953 703408167
744587423 689884617
694309330 954349874
554689971 50004217
157796709 237542547
955761515 692274210
222692772 726650883
923735334 623828560
148905329 238965048
628268269 796248231
880525067 636450897
560588258 349599952
37385080 108817951
370080833 68865649
465201578 89841433
45831731 949320367
622053736 990246735
676041969 980294745
58660966 634900835
436609811 226063601
187814551 261106274
171830992 856495640
423437705 803896343
709561952 988346094
268139895 988140526
977550947 664638161
726106182 587714567
754533785 2320395
790942813 818312686
206968974 444120786
785242196 410783782
620174073 289499451
656739026 166849681
945214985 878753378
430741140 220772583
285970410 131507392
964729912 172063623
544195367 237228883
663955008 138306536
13392562 875573782
213214891 671854362
951051426 218908333
176510814 934627524
526227582 119057380
827474096 821795480
345632425 43458450
446814568 604739916
195844047 608767299
471682203 564479094
938632001 227349012
406689572 173581291
71456643 765046798
436241542 358488303
921293328 254448262
546554062 711452313
135953525 100225235
945440175 829575328
301289819 595076503
788678963 965536382
891340458 483106380
128407152 109582398
482325113 672405563
803641237 959296614
911911791 632964761
928299202 241694755
120425488 287630309
419006616 395743115
388105572 878208128
419483273 396018472
537325780 418804318
797835467 710572534
613398643 652045697
914707727 835727416
43458063 215615558
662201579 857299500
896854839 808237823
430605078 236701670
842542149 759707514
379467233 751044431
296459911 539895434
818169543 43462734
253987985 160385048
930819392 717636963
375280481 489098182
227755790 720720771
310858664 87994155
408764616 199464484
677308389 964688528
479864839 3426933
561309214 811162501
703813869 721577831
265098045 507008973
474715384 633667963
278250505 78296144
576795884 3680945
885760958 698940539
218489131 28719416
213788501 44731485
815037617 385210650
447025730 104259096
829691035 315527731
455126408 120407276
768076582 870767720
595924191 479561354
220559232 933800622
853944588 447895625
147643925 854596236
537164997 905814882
214876334 654638816
705970796 428962201
781467699 983697705
374020648 366627916
778609671 353230261
698899966 885102097
587390461 421696064
253594240 576098129
996438470 562963919
960709480 512592587
203977583 75356097
813831403 567144275
247204991 324229614
661541670 631920928
487426674 331915897
651332609 433841541
740195246 977726654
559205357 79482964
987149188 448751367
572676368 299194018
993191030 202277944
657017643 910633234
645337314 322192724
896904301 89442485
953292793 608544101
933557278 205901445
951640735 831492103
893726118 662109670
956456323 114536361
315699495 956295359
640176217 404249642
686236236 870929272
15111617 815077665
35513888 398598306
771676171 204796106
308514355 554599217
863012207 134587799
183647452 445799103
398054233 195308005
25209269 517468902
624988743 990784187
237629844 106346652
688938117 624007005
970965395 376853814
697837562 346605914
396284245 815271705
570617724 632616665
575773847 495386812
149767282 901058672
159640180 741780780
483367434 539503156
100727745 555303806
994810075 909336669
802864439 623638417
58501998 719362541
323174948 105583165
548649382 103466063
734685610 155329113
324465505 608566045
545135237 173293825
344013495 306033543
910425417 454576229
392455770 775296888
258923258 98984238
926082345 344116366
394241603 973828742
444449264 402455892
391239238 189540239
350107191 306449150
911471971 844083501
816138366 107742315
426314995 665755333
784985979 845954535
733727487 387786558
50518828 277818951
678106836 775000005
164619388 666638508
457129777 749108572
252114203 7808662
822524048 15433299
107762638 765948533
44508394 813193307
864825218 674089149
388272031 817716391
891340568 459822372
901817718 749401337
410790216 720442850
821086939 191316402
388676033 309408733
403382942 523833079
465032299 642101785
621920204 175914834
946490390 488939126
366887242 327485943
855115334 285289541
503410142 305195943
192183425 873822748
433878507 986524646
770749278 645956568
840794323 578965178
368251033 694904377
720474984 549997276
586888940 600424529
393363333 776853032
841918672 356804629
18389132 921845902
913221174 66607967
790546553 116549698
74977781 192032763
124174419 46182193
333800019 263261272
143241962 607005304
429428025 146017335
382540021 624701269
188984925 22326119
673730775 89568350
836509717 470097322
105085491 717617637
934969249 315336429
800690325 724632534
585718043 354849836
815039251 885204105
845133742 780486394
28217108 931363843
206007348 980535650
457320425 710927178
500449437 60613145
16525412 147850836
128976252 516199581
16312334 539512096
798866638 394131672
696314790 933799787
415692079 874153752
493387878 320289380
116549658 260454770
442222750 568988494
137814385 315509470
424586458 276119299
438709873 916456457
871961344 556168103
984119737 559434017
52954648 693530569
32234499 138490444
783108381 847289374
917948901 627104959
268738928 591979170
359364427 472501689
193679025 795126437
443664538 920260844
770464060 210280819
418636418 794978936
258768510 24166067
344904661 510485476
688492832 911835926
525702656 677607005
176911271 986536202
954686816 616870520
796214673 397849476
369601731 266836098
75906797 832709963
839779456 362516534
548306870 644388695
497434910 64254847
655339259 626381461
529071492 758049915
306886352 546999730
463805026 447036576
441406355 270517937
928321146 203908370
863569197 538003035
403356675 772409779
888666204 128268874
250101775 213988429
425578119 212548262
465836335 764062879
368984634 390706269
758853383 939618310
434728288 724480557
828671721 424576677
844873269 50631725
146997921 806086357
724250056 380789679
121167018 793737214
298436872 417305361
326791191 345850839
653992150 849889699
973583555 60429647
397313472 774904500
333675380 142445053
678611632 93945672
868703357 656780439
231276049 93205251
402109703 480060291
338018556 740867083
540279166 237779143
666015711 916950524
978829942 369711508
42124882 951421811
554245629 754234268
904906538 185953908
130414705 242543287
783602079 563940754
552977377 452306045
919215586 625054250
851443361 78401997
47285989 966073081
960264721 429806652
16538501 115892962
752098327 932844032
368585990 633771138
83432060 957683563
482061001 825753386
740545869 915466934
128523252 15117324
320066940 802967602
331565302 763181547
441905277 410284727
746147823 144793212
667101569 673523332
482413739 336522114
755289601 175526715
638892195 465278617
328199133 93856751
283516957 376948318
665988379 332885986
606753679 658211590
868555823 104533475
576663883 728327715
137903273 691598283
130688002 274181506
76868727 49785023
637609572 295067894
435572437 399589419
355242124 781544170
648641972 406915268
200139302 765288796
630632135 609072720
772028849 896764440
497130528 520818640
969611832 827876925
400905319 705910975
52204248 485406085
723927270 490495473
580364752 380127049
662799687 509940188
145993286 308584393
14744463 51247773
837334899 951451304
861515741 819907835
658258602 8729263
708071048 191226513
490259258 779097751
252744010 408015562
57350707 769188867
398862769 670878319
201991877 165652285
102000630 142736917
227015165 149252133
255971948 92601482
307706724 61839622
645076094 445842890
123322654 389915094
954463430 511551480
275381601 993939045
450650852 405837574
799161559 270165512
213735892 682516655
734968390 665463747
46008320 576098695
667417502 24910584
972453409 647497543
411675727 3981362
719502038 842116197
559767733 677793595
773230683 344480476
778694235 507954826
972072740 587266861
721920582 14906736
282724929 201158042
904083716 749136271
108719226 495965248
264822657 964138358
456380568 67450930
491285606 292508899
585701348 416411757
330678087 272266788
738402172 171989694
221584348 241838672
634487586 99705292
111061015 240971024
608838453 375250651
214022215 987991444
664808161 150812074
957221269 198815859
198158574 689409741
981625795 111692988
845388649 946079892
616878268 858982256
698419064 861906176
174798459 816372783
545909692 220661747
70787387 441023745
767520922 628345527
596074266 64410199
284642923 649182634
63436486 928263243
26071081 940646791
627044804 77353007
189431382 577347654
933727277 537075795
520295715 392257474
605511808 116351953
420849341 911687653
789062436 872783763
798183056 68787748
64873746 171436438
725574880 170974722
894758985 478317752
916158708 881728929
932330865 968686959
359515641 181611457
326393386 482424809
150877678 884648791
403661123 161267522
838614521 116120332
243447476 910309635
438702344 867107002
211852461 578398899
412990731 918148894
825238178 736111004
129006659 610557940
189604432 530718874
980663580 710091314
521259230 876614426
345938845 38140581
426233161 457234931
999050839 91963733
742722901 196974738
803633787 69670679
94001573 190232166
486514443 700423665
53390501 633074688
71016227 221505468
322952352 705705545
293123670 203708224
425808403 32806249
865668198 834378811
53825267 123346570
894420172 948634005
0 0
