1 1
1 2
1 3
1 4
1 5
1 6
1 7
1 8
1 9
1 10
2 1
2 2
2 3
2 4
2 5
2 6
2 7
2 8
2 9
2 10
3 1
3 2
3 3
3 4
3 5
3 6
3 7
3 8
3 9
3 10
4 1
4 2
4 3
4 4
4 5
4 6
4 7
4 8
4 9
4 10
5 1
5 2
5 3
5 4
5 5
5 6
5 7
5 8
5 9
5 10
6 1
6 2
6 3
6 4
6 5
6 6
6 7
6 8
6 9
6 10
7 1
7 2
7 3
7 4
7 5
7 6
7 7
7 8
7 9
7 10
8 1
8 2
8 3
8 4
8 5
8 6
8 7
8 8
8 9
8 10
9 1
9 2
9 3
9 4
9 5
9 6
9 7
9 8
9 9
9 10
10 1
10 2
10 3
10 4
10 5
10 6
10 7
10 8
10 9
10 10
1 1
1 54
1 107
1 160
1 213
1 266
1 319
1 372
1 425
1 478
1 531
1 584
1 637
1 690
1 743
1 796
1 849
1 902
1 955
54 1
54 54
54 107
54 160
54 213
54 266
54 319
54 372
54 425
54 478
54 531
54 584
54 637
54 690
54 743
54 796
54 849
54 902
54 955
107 1
107 54
107 107
107 160
107 213
107 266
107 319
107 372
107 425
107 478
107 531
107 584
107 637
107 690
107 743
107 796
107 849
107 902
107 955
160 1
160 54
160 107
160 160
160 213
160 266
160 319
160 372
160 425
160 478
160 531
160 584
160 637
160 690
160 743
160 796
160 849
160 902
160 955
213 1
213 54
213 107
213 160
213 213
213 266
213 319
213 372
213 425
213 478
213 531
213 584
213 637
213 690
213 743
213 796
213 849
213 902
213 955
266 1
266 54
266 107
266 160
266 213
266 266
266 319
266 372
266 425
266 478
266 531
266 584
266 637
266 690
266 743
266 796
266 849
266 902
266 955
319 1
319 54
319 107
319 160
319 213
319 266
319 319
319 372
319 425
319 478
319 531
319 584
319 637
319 690
319 743
319 796
319 849
319 902
319 955
372 1
372 54
372 107
372 160
372 213
372 266
372 319
372 372
372 425
372 478
372 531
372 584
372 637
372 690
372 743
372 796
372 849
372 902
372 955
425 1
425 54
425 107
425 160
425 213
425 266
425 319
425 372
425 425
425 478
425 531
425 584
425 637
425 690
425 743
425 796
425 849
425 902
425 955
478 1
478 54
478 107
478 160
478 213
478 266
478 319
478 372
478 425
478 478
478 531
478 584
478 637
478 690
478 743
478 796
478 849
478 902
478 955
531 1
531 54
531 107
531 160
531 213
531 266
531 319
531 372
531 425
531 478
531 531
531 584
531 637
531 690
531 743
531 796
531 849
531 902
531 955
584 1
584 54
584 107
584 160
584 213
584 266
584 319
584 372
584 425
584 478
584 531
584 584
584 637
584 690
584 743
584 796
584 849
584 902
584 955
637 1
637 54
637 107
637 160
637 213
637 266
637 319
637 372
637 425
637 478
637 531
637 584
637 637
637 690
637 743
637 796
637 849
637 902
637 955
690 1
690 54
690 107
690 160
690 213
690 266
690 319
690 372
690 425
690 478
690 531
690 584
690 637
690 690
690 743
690 796
690 849
690 902
690 955
743 1
743 54
743 107
743 160
743 213
743 266
743 319
743 372
743 425
743 478
743 531
743 584
743 637
743 690
743 743
743 796
743 849
743 902
743 955
796 1
796 54
796 107
796 160
796 213
796 266
796 319
796 372
796 425
796 478
796 531
796 584
796 637
796 690
796 743
796 796
796 849
796 902
796 955
849 1
849 54
849 107
849 160
849 213
849 266
849 319
849 372
849 425
849 478
849 531
849 584
849 637
849 690
849 743
849 796
849 849
849 902
849 955
902 1
902 54
902 107
902 160
902 213
902 266
902 319
902 372
902 425
902 478
902 531
902 584
902 637
902 690
902 743
902 796
902 849
902 902
902 955
955 1
955 54
955 107
955 160
955 213
955 266
955 319
955 372
955 425
955 478
955 531
955 584
955 637
955 690
955 743
955 796
955 849
955 902
955 955
