333
595
231
492
387
451
259
566
237
376
302
131
506
374
357
433
377
268
830
329
317
581
193
472
406
189
108
180
135
177
372
84
732
128
447
378
485
623
237
320
77
675
695
349
168
537
672
78
338
544
201
771
265
256
259
605
214
384
320
529
132
718
355
225
475
49
473
281
206
593
312
388
488
385
493
255
231
155
574
265
776
290
227
484
358
544
472
263
341
659
308
687
122
375
543
60
367
420
478
269
541
181
658
300
276
193
395
40
629
487
534
648
541
454
295
195
507
737
301
442
562
440
484
303
532
577
384
209
320
551
616
352
348
214
481
456
196
455
823
718
306
650
179
194
557
204
398
251
408
137
607
300
462
152
222
478
184
445
511
285
727
572
438
426
442
426
533
356
364
566
507
544
269
718
433
651
469
65
541
245
500
209
621
613
173
227
118
254
381
423
744
771
342
353
579
595
485
394
722
402
243
318
648
449
625
725
249
263
380
469
530
585
159
841
146
628
331
113
504
393
823
326
332
794
313
387
455
217
256
620
363
124
182
428
709
502
680
868
331
69
428
491
631
519
326
411
525
174
260
658
645
404
229
358
287
537
647
485
556
599
373
434
316
709
561
244
379
639
465
121
335
158
73
622
538
556
273
351
242
205
349
228
268
95
253
396
501
328
802
688
219
166
408
419
250
137
457
286
465
115
159
672
322
572
752
250
422
437
146
824
441
663
541
502
361
531
712
587
360
761
446
322
87
437
390
221
264
343
533
135
421
116
334
726
237
305
527
440
373
492
616
660
450
175
288
290
455
507
615
320
351
312
672
905
433
170
156
534
366
252
247
329
690
748
275
294
196
848
281
146
510
333
434
71
171
301
195
486
244
130
551
366
554
197
505
370
724
435
443
115
237
287
718
314
654
515
324
298
541
512
350
259
426
195
574
270
576
142
602
425
121
533
303
800
251
666
137
376
516
499
295
449
363
255
334
135
507
99
211
370
307
454
547
238
299
570
321
369
685
555
465
170
482
787
457
589
361
321
245
692
287
344
283
421
222
473
487
345
38
396
556
650
469
410
491
582
472
503
257
593
307
353
116
315
339
211
184
445
481
422
319
390
356
58
514
562
245
691
207
427
227
614
496
412
512
805
730
435
401
473
167
278
112
133
465
350
786
493
668
321
77
521
365
467
481
414
498
624
291
185
517
650
210
721
317
747
241
59
176
290
505
273
454
663
440
308
75
296
50
665
568
526
742
217
236
806
269
689
649
444
155
286
684
800
251
474
245
565
225
269
744
602
653
100
736
325
238
573
728
700
53
602
622
484
364
385
422
323
476
743
577
364
222
399
652
724
136
556
144
641
93
529
286
466
304
686
457
718
124
325
258
208
119
563
175
562
556
704
527
518
480
825
591
422
576
300
326
448
336
319
805
387
260
461
497
348
43
433
401
730
114
127
423
446
276
284
485
275
306
179
309
555
782
572
468
227
317
528
636
477
316
523
841
147
303
448
447
564
321
75
669
556
252
700
385
521
794
812
107
87
609
579
427
327
475
374
462
294
412
513
127
328
514
443
120
190
190
501
106
716
288
337
521
203
435
256
282
58
485
757
226
161
845
277
404
444
860
223
476
212
458
619
634
398
681
324
756
462
235
658
531
886
379
399
463
268
195
349
480
724
430
179
535
244
396
192
110
488
322
901
692
369
286
424
594
533
532
184
453
726
679
314
509
453
143
289
78
524
497
227
337
160
453
378
470
394
327
652
328
351
454
217
826
521
243
421
254
620
520
405
580
458
154
391
398
662
649
167
149
896
614
297
217
141
738
613
321
499
284
716
108
589
624
425
218
507
708
699
715
268
252
432
354
364
342
557
521
124
664
323
234
675
323
281
511
238
615
329
312
245
422
769
591
484
811
211
165
527
284
524
486
326
245
363
556
239
579
176
463
216
425
382
775
438
279
181
617
406
608
219
324
692
314
178
554
559
547
298
261
329
318
461
727
297
140
612
182
655
31
314
402
437
193
305
520
469
740
461
226
146
444
598
241
191
242
163
522
299
297
175
251
617
183
297
289
134
583
446
405
527
498
309
417
794
530
652
321
386
438
341
340
85
617
210
102
496
149
347
596
701
350
547
390
629
628
814
451
740
571
354
421
504
221
588
138
534
601
638
538
480
606
817
784
238
438
219
658
407
362
441
441
652
571
666
428
528
805
776
331
637
165
816
540
377
211
447
269
629
697
95
710
648
194
396
480
902
502
320
656
503
283
177
514
786
597
272
114
507
421
765
275
623
88
232
214
639
416
388
294
691
187
478
434
569
367
827
509
448
501
283
271
353
150
570
544
446
625
450
197
88
191
170
708
493
328
543
809
780
617
171
237
668
749
172
602
423
701
213
120
262
371
566
351
563
468
573
538
264
460
623
641
602
247
615
154
92
733
680
535
217
657
91
743
424
295
286
507
199
450
411
564
407
934
200
116
371
497
484
247
327
674
206
550
607
247
413
696
471
343
352
634
218
156
372
666
143
184
471
223
374
702
75
347
283
257
471
365
160
529
229
376
517
698
720
785
575
482
113
519
491
480
404
869
27
359
358
471
300
74
440
621
609
477
375
194
183
274
414
268
402
401
379
142
284
546
417
319
734
709
733
295
232
277
538
240
586
219
152
851
904
538
946
320
285
266
417
469
552
264
204
899
352
333
486
576
293
264
253
351
455
375
283
840
66
586
668
86
147
370
184
359
146
379
405
171
321
184
156
98
515
856
376
401
344
309
813
369
436
405
194
461
442
477
673
542
374
565
174
368
534
244
571
255
350
643
308
132
424
109
440
570
316
92
665
299
403
322
581
480
115
262
385
340
644
594
440
569
434
138
320
582
107
202
475
223
505
322
374
257
364
175
520
275
471
183
754
477
480
408
256
354
232
381
451
308
285
520
321
721
284
681
510
396
671
818
435
798
467
733
607
453
460
233
627
435
682
570
337
780
300
377
329
288
509
408
560
330
520
449
475
901
514
425
50
202
287
119
311
443
252
280
36
467
593
555
514
686
415
663
709
577
789
238
601
346
601
359
211
226
106
395
488
373
669
558
499
691
438
319
534
708
313
213
292
506
189
246
509
659
146
623
366
151
334
74
220
178
215
315
602
524
449
160
83
140
826
647
212
329
178
739
651
710
214
236
265
655
467
556
562
259
362
259
382
159
208
521
255
540
425
341
216
253
774
591
387
447
490
187
756
312
671
51
260
126
257
777
157
274
700
147
778
323
567
273
560
305
708
404
344
569
655
472
431
423
393
344
717
696
135
865
456
460
337
607
317
596
188
192
245
397
255
537
536
820
574
537
489
325
490
259
220
118
105
387
302
332
302
396
134
639
15
327
149
379
466
595
341
740
198
704
272
591
622
739
308
365
140
706
332
273
311
203
562
238
414
527
620
645
66
609
735
143
594
642
610
579
596
217
205
116
421
222
396
541
273
596
301
521
416
659
167
330
520
514
424
515
291
278
258
287
543
569
444
814
586
221
751
220
473
288
248
491
751
298
626
637
292
418
610
333
690
342
207
605
363
859
455
424
221
224
116
636
732
318
411
191
244
535
275
381
464
772
320
414
376
654
698
298
289
415
647
359
543
387
113
413
380
479
117
342
121
256
282
754
361
770
472
134
77
524
545
100
292
592
668
284
506
249
614
143
364
97
485
96
248
328
574
509
120
377
420
495
302
555
358
585
682
186
139
623
512
436
571
708
762
40
698
319
329
211
415
163
269
303
319
665
363
486
242
539
638
509
149
740
311
760
183
391
484
489
736
370
788
410
275
500
439
488
520
272
316
312
660
146
390
358
448
662
530
437
241
291
331
374
335
432
500
625
236
542
267
304
374
754
171
558
391
503
376
204
391
298
414
564
237
251
409
153
238
148
329
627
489
154
733
203
660
310
78
167
853
479
231
807
191
512
365
477
583
484
518
628
313
761
179
478
737
424
641
315
368
488
662
459
110
361
346
329
346
295
534
271
782
726
481
211
217
268
548
501
626
535
550
601
575
267
278
277
258
200
642
230
130
550
505
361
623
415
400
489
385
498
421
610
471
505
306
306
329
224
676
589
584
541
288
145
529
647
302
367
353
826
227
259
521
598
573
841
356
353
525
216
457
694
357
695
453
187
569
263
521
515
265
177
616
238
203
655
193
216
579
803
655
309
311
252
165
124
421
455
238
236
215
194
506
544
562
197
640
186
655
262
352
819
358
306
330
331
736
398
300
323
664
175
536
431
467
314
238
158
425
392
260
482
323
672
230
726
587
357
288
477
247
106
209
582
218
424
734
308
320
611
685
437
369
685
439
210
373
213
97
490
706
398
168
593
255
430
694
374
235
387
330
279
451
206
170
721
509
232
102
828
299
266
306
334
684
524
257
494
701
787
406
205
194
116
306
320
651
241
545
567
231
182
634
682
671
308
387
551
600
359
223
751
266
326
182
288
582
287
451
418
704
591
582
710
467
481
234
723
43
533
282
354
521
635
240
619
696
860
648
370
182
554
415
363
77
254
597
253
379
474
281
279
332
312
281
440
421
321
371
143
516
510
738
419
247
618
313
344
420
693
225
192
464
540
611
652
429
252
532
485
636
544
310
460
266
358
150
228
520
620
718
409
493
388
306
215
433
422
145
371
661
505
651
310
321
127
383
425
568
389
380
66
426
479
288
554
156
497
578
588
97
717
308
342
659
350
76
242
455
328
496
51
372
349
322
560
344
656
619
660
310
385
741
360
733
77
77
284
120
666
362
384
248
492
751
544
544
201
568
655
723
666
262
716
713
673
304
602
477
853
335
245
317
174
389
577
577
734
381
442
152
171
239
418
300
84
465
575
428
251
373
112
290
587
289
394
580
236
298
306
386
612
720
491
569
295
310
209
522
192
474
324
629
206
387
929
697
467
718
352
488
391
133
235
56
644
560
351
102
416
174
118
343
548
574
514
77
487
489
204
556
406
367
365
388
683
513
474
433
467
91
295
109
578
850
618
424
505
554
271
668
629
79
532
284
820
403
675
389
333
477
406
319
333
394
281
318
523
297
488
122
473
214
420
384
486
456
504
205
534
412
478
283
423
620
567
434
388
142
442
411
638
179
319
78
591
826
718
534
279
209
571
135
597
269
460
401
146
772
183
450
444
410
329
467
637
442
382
400
678
461
467
522
484
354
334
309
367
563
576
568
491
700
284
423
722
589
236
151
670
69
673
167
268
507
297
321
561
114
189
594
247
275
317
756
327
72
496
306
234
683
571
398
724
505
592
558
492
763
138
613
496
321
412
290
437
354
423
177
556
452
569
481
339
449
281
472
421
332
461
123
126
201
260
396
286
869
545
323
675
731
163
731
394
501
384
557
89
732
268
677
247
148
288
558
286
126
602
431
618
347
385
531
610
426
143
576
397
555
69
436
552
556
658
421
924
321
117
564
821
226
172
546
454
396
560
757
215
364
719
655
365
513
588
551
372
698
61
405
528
325
170
552
566
481
675
852
397
274
433
584
567
471
700
599
680
194
513
273
272
87
297
307
605
495
287
230
824
132
657
317
517
392
158
195
539
324
658
478
408
43
739
437
473
531
465
485
174
236
328
558
209
622
485
469
747
337
51
265
81
176
414
482
935
151
250
364
430
290
290
517
583
726
848
245
160
245
867
38
249
477
590
405
280
323
756
230
298
826
709
629
428
376
788
368
171
331
625
717
315
347
378
141
454
592
208
143
328
84
690
484
273
287
572
583
343
796
415
209
347
344
204
210
491
226
338
463
98
517
88
792
521
197
817
643
249
228
520
330
446
453
511
378
261
354
459
391
277
388
180
422
739
580
305
526
507
501
730
261
419
273
926
417
349
252
421
425
73
490
320
220
634
149
72
493
365
626
432
589
515
74
367
501
134
170
591
419
594
389
718
471
193
533
166
523
173
278
261
694
377
334
126
186
689
703
434
611
269
594
314
229
35
213
114
610
258
257
560
196
716
440
235
169
525
430
478
635
281
405
322
559
261
579
755
275
667
337
513
399
463
213
476
503
683
554
805
720
113
115
512
225
379
159
349
440
731
233
176
580
566
275
229
188
334
733
279
139
512
267
740
111
302
326
501
341
183
589
139
684
62
551
272
583
439
367
702
434
814
394
587
492
333
552
374
487
650
365
405
222
229
28
296
192
486
376
241
406
775
517
715
356
569
611
384
398
70
276
333
639
555
571
397
185
777
763
364
724
182
317
510
674
439
399
308
120
648
326
523
153
734
227
443
452
429
331
555
489
497
211
299
300
449
637
684
215
251
173
622
378
207
442
248
462
386
339
739
76
262
522
311
251
414
95
606
732
530
556
179
729
249
658
220
475
675
290
816
531
604
378
409
448
329
267
482
319
407
316
589
280
324
480
612
693
460
758
570
507
361
431
737
462
635
519
486
242
217
308
512
345
480
371
455
578
853
197
254
721
490
261
243
589
475
250
552
811
607
90
188
392
156
781
589
665
385
628
532
290
505
383
208
406
285
502
234
228
193
327
305
288
466
877
386
374
360
153
34
669
474
257
354
661
937
250
512
541
644
385
184
462
329
815
596
355
156
270
234
259
219
832
344
426
389
353
729
535
652
473
404
771
543
623
662
338
391
613
430
166
410
639
407
453
165
428
551
125
285
137
119
323
359
635
333
782
501
445
578
474
483
319
467
198
565
557
308
228
700
37
824
344
574
762
418
432
495
240
502
232
577
395
549
684
272
520
304
88
93
425
36
816
180
258
177
326
263
301
507
342
602
263
786
424
324
228
363
552
256
383
307
906
686
534
727
168
468
600
408
168
300
421
228
399
247
338
450
379
729
735
832
381
214
868
423
255
553
30
341
328
601
198
222
154
258
265
88
541
298
121
404
531
670
53
321
593
292
481
887
713
330
284
810
150
603
115
288
572
283
125
192
672
121
763
319
349
554
276
403
612
537
118
181
591
468
619
478
795
436
270
773
341
324
666
494
257
269
298
212
521
473
465
708
67
606
673
486
381
846
153
549
241
319
463
605
357
624
664
399
261
483
472
678
548
340
400
341
221
475
433
60
434
416
279
253
492
683
384
778
664
333
192
556
283
581
461
408
314
301
400
645
71
600
861
216
389
160
647
263
590
538
408
295
138
495
543
718
263
457
418
415
411
307
259
105
511
401
516
355
387
453
251
503
449
413
43
558
539
536
249
343
226
373
563
412
159
673
311
817
629
474
486
790
505
401
386
483
466
153
109
382
562
160
583
190
605
810
732
883
121
632
210
523
114
370
217
757
503
758
368
407
559
689
414
170
142
302
731
267
738
651
446
114
309
405
491
293
646
528
117
337
325
401
184
456
196
338
204
266
452
291
308
304
98
350
451
315
959
336
145
487
288
408
283
252
327
408
277
241
323
146
191
348
111
455
635
258
605
529
514
413
147
416
396
478
333
400
569
753
448
309
194
554
229
677
551
106
245
315
165
354
319
235
318
184
405
706
473
492
187
239
603
559
469
315
435
800
265
178
101
469
473
592
329
624
467
226
509
478
391
183
224
372
280
625
243
574
267
470
200
409
210
516
449
190
770
696
186
622
769
425
276
608
735
519
661
290
778
599
432
207
558
231
199
481
305
372
364
317
739
261
266
190
554
280
387
566
279
594
508
386
409
194
489
517
286
570
633
290
603
289
483
193
249
381
312
406
218
490
167
216
221
551
221
749
463
349
336
769
319
664
132
308
837
436
141
575
501
379
410
373
489
164
812
109
116
263
93
385
609
444
720
488
302
298
452
413
165
502
118
417
443
310
184
91
591
316
238
523
329
392
387
456
543
376
655
636
272
661
182
692
294
510
263
346
536
312
242
521
398
857
334
135
141
279
815
258
412
276
242
254
466
725
501
511
377
270
442
678
588
486
433
394
771
648
387
449
544
304
831
213
425
683
343
138
802
318
96
327
246
292
305
148
654
155
233
169
479
866
688
236
488
497
758
166
552
483
225
93
299
480
605
128
139
479
381
640
560
221
394
277
266
187
442
283
227
233
277
280
496
405
357
378
177
667
502
328
148
714
178
425
782
238
681
717
73
267
511
190
199
95
676
707
275
328
345
816
628
371
526
582
760
392
591
403
367
454
245
260
173
639
650
634
802
431
440
125
68
249
295
310
770
471
104
96
603
423
443
490
218
406
526
497
586
529
363
518
179
557
144
638
446
430
575
660
367
668
339
321
380
424
250
436
585
384
518
262
603
90
465
241
147
643
432
848
293
550
321
706
439
263
352
263
493
485
393
363
156
462
320
493
499
206
211
761
136
117
606
486
301
770
654
362
696
629
155
560
376
912
258
225
442
237
155
245
282
579
809
394
237
164
530
680
381
118
557
225
373
353
269
158
433
565
680
375
681
437
199
154
264
400
418
104
125
474
415
153
527
442
538
188
299
267
439
170
507
350
506
784
645
709
109
752
210
376
361
666
558
347
145
702
276
334
109
540
380
552
550
556
497
309
68
355
415
867
133
867
587
818
679
737
432
184
207
205
458
202
276
500
595
457
417
251
401
167
652
469
41
196
717
685
611
219
406
429
578
459
453
69
168
93
223
418
545
151
748
624
428
220
286
176
477
333
270
636
368
287
374
324
46
566
531
658
232
430
518
459
352
477
631
267
607
681
584
428
555
279
750
615
550
462
385
238
577
274
285
440
143
353
864
822
281
404
379
653
259
248
230
594
578
515
500
679
481
207
108
379
401
210
340
168
172
341
324
208
284
228
407
554
140
406
562
236
238
268
744
599
393
368
493
467
509
597
384
418
648
441
255
159
543
501
321
124
128
303
570
316
459
391
474
175
267
282
389
440
594
655
523
381
364
466
326
750
579
787
329
607
500
318
502
566
568
189
339
245
366
317
388
539
81
521
470
270
576
393
159
279
652
580
349
360
304
105
627
268
401
196
389
225
227
352
900
968
255
344
209
626
477
327
141
342
312
582
439
378
301
588
680
478
722
633
499
895
626
386
412
220
545
61
686
309
249
228
733
336
542
432
742
845
353
258
271
427
138
619
605
607
323
183
267
183
377
751
419
775
345
450
305
639
454
725
439
460
209
502
550
631
311
137
421
469
463
175
524
189
757
465
574
604
394
104
418
457
720
228
57
717
322
344
440
384
219
113
483
476
461
478
613
499
602
498
455
151
767
418
524
354
507
636
393
417
370
269
138
283
212
326
373
349
716
600
612
516
284
289
601
390
557
373
717
443
528
344
235
549
359
733
314
239
507
274
389
55
619
688
255
430
347
473
291
561
215
519
329
163
373
195
558
240
419
286
902
143
658
377
392
488
474
466
611
746
620
520
627
252
425
327
417
497
503
379
796
557
385
335
272
502
329
670
623
130
285
779
580
441
511
578
229
173
388
177
349
214
529
200
413
227
682
719
698
923
147
514
192
692
517
331
363
708
395
525
618
488
545
777
275
223
656
425
332
545
278
178
410
496
186
371
420
436
329
183
483
300
793
331
516
74
234
554
216
570
500
255
455
244
406
95
580
736
265
376
270
140
614
528
223
401
214
672
775
47
380
601
341
393
180
254
311
623
737
207
250
212
789
46
196
116
402
623
516
182
344
472
712
170
196
268
308
500
315
326
393
284
751
212
526
242
727
337
510
199
312
555
311
774
188
603
631
153
864
163
487
525
558
546
418
668
522
446
661
513
219
205
339
297
501
590
463
393
510
507
488
306
414
522
195
371
294
137
351
527
67
419
405
821
533
562
550
80
823
645
511
495
590
660
532
596
143
431
643
699
582
208
612
542
319
268
464
382
170
345
206
339
212
331
242
617
317
301
250
831
489
418
207
485
394
398
235
177
547
276
189
361
176
102
477
339
318
520
177
334
224
548
329
594
515
324
745
450
753
726
432
206
393
577
590
517
612
580
409
648
582
222
330
139
443
617
349
235
483
604
304
704
868
681
238
721
696
261
412
286
614
289
420
345
798
675
389
326
750
740
68
537
253
544
292
690
670
622
276
347
624
436
798
442
678
470
558
208
127
552
504
237
520
800
578
478
163
188
330
378
588
597
451
375
173
334
319
480
277
905
234
139
644
179
298
607
104
626
442
367
713
339
410
272
428
754
207
382
414
853
186
496
105
565
398
502
302
124
127
289
747
345
318
459
336
513
788
360
342
129
319
282
145
714
291
31
756
461
730
540
480
309
322
324
851
337
686
795
206
474
300
172
566
592
254
335
677
333
579
537
280
245
617
711
546
678
671
237
236
503
522
129
364
373
583
448
361
762
42
532
351
227
814
300
452
541
534
723
286
379
652
237
623
288
324
690
289
252
466
113
418
107
180
422
522
619
542
233
235
717
313
233
324
423
517
314
338
845
314
113
34
161
239
350
793
601
273
449
535
475
714
509
825
375
500
212
180
503
370
535
380
420
293
469
242
331
152
284
302
633
295
516
369
538
293
557
44
772
297
348
212
410
199
511
444
463
665
498
240
371
91
845
274
319
300
233
457
267
535
149
184
375
608
474
428
371
316
611
242
769
442
390
117
231
274
309
482
444
311
399
515
487
218
349
160
287
496
334
676
369
276
593
872
537
353
604
413
654
97
312
291
357
601
521
346
103
74
628
424
167
192
493
340
295
646
605
481
361
527
239
670
363
767
293
520
496
503
401
666
596
499
227
240
395
444
306
267
699
287
461
423
262
592
494
566
223
552
310
384
226
320
541
461
345
492
94
79
664
470
298
825
536
509
194
712
393
367
562
854
366
471
591
712
574
574
350
494
733
533
385
397
153
365
500
238
655
268
568
372
501
391
447
436
445
766
437
588
357
228
315
703
447
419
202
598
283
666
548
260
490
153
485
196
188
202
175
377
452
421
350
418
467
612
538
426
77
421
238
141
496
714
348
300
89
334
461
220
479
388
754
448
464
527
632
145
302
439
725
311
513
205
80
277
584
345
155
457
344
580
710
402
424
358
575
506
534
274
311
157
658
62
280
580
592
265
351
682
524
778
248
59
677
354
275
512
411
294
511
162
698
573
476
102
201
500
526
93
432
688
226
659
770
439
98
300
622
713
336
327
284
318
61
97
361
256
579
227
297
668
311
73
631
676
381
546
620
510
181
843
560
389
369
482
274
405
322
532
548
383
428
860
847
469
437
677
138
194
575
317
678
338
445
332
348
547
366
218
894
435
845
461
853
442
120
83
98
501
607
397
384
345
857
590
628
753
663
679
243
175
545
330
378
466
336
689
258
387
206
104
695
283
773
677
373
598
707
292
528
364
522
654
752
480
251
531
364
585
215
350
259
389
330
165
233
242
143
649
773
412
254
594
526
356
381
539
753
693
585
209
210
98
137
556
776
265
374
662
693
420
461
142
203
722
451
744
511
658
284
377
424
324
665
247
337
414
634
575
732
422
732
628
480
752
449
272
665
479
547
397
676
551
117
435
167
396
127
507
347
415
655
625
506
377
386
202
287
604
144
453
453
715
602
938
198
917
532
356
733
605
248
352
799
232
169
248
67
592
407
428
529
125
493
93
520
576
413
743
564
119
389
309
693
370
373
608
770
593
813
735
213
107
450
427
420
487
338
197
623
356
646
653
380
392
160
267
154
282
221
618
265
652
352
573
267
344
404
685
537
571
626
129
678
396
524
741
503
621
299
113
555
599
511
228
697
151
412
137
331
466
395
355
350
437
99
295
597
724
486
303
370
417
573
563
464
439
506
455
366
276
331
259
797
518
603
465
559
416
283
382
553
919
222
603
666
123
427
584
282
246
724
169
549
334
493
566
481
255
118
460
510
172
542
419
582
350
282
454
643
204
71
739
595
503
621
134
583
760
534
295
676
324
316
349
508
643
214
52
433
323
448
280
658
429
396
504
493
428
543
638
254
429
485
144
267
656
395
687
579
646
589
307
381
125
148
629
840
138
301
352
539
415
157
184
522
331
594
452
95
159
206
146
778
112
324
568
459
753
228
744
202
207
252
691
398
381
789
676
415
195
707
555
152
181
741
208
338
356
465
162
580
791
311
563
259
522
349
610
161
273
496
485
460
606
353
487
571
313
190
362
269
275
666
393
258
344
425
70
272
352
531
382
496
318
545
514
397
533
187
571
144
622
229
167
572
263
340
374
355
429
617
652
208
741
695
188
431
783
415
216
213
171
472
157
367
248
564
289
393
321
197
168
307
377
438
422
415
425
298
37
601
230
50
860
448
390
376
602
516
240
334
470
286
251
289
480
148
310
716
652
357
599
144
306
656
830
611
594
693
381
366
522
382
210
867
817
841
517
606
441
210
813
319
775
518
371
424
290
123
413
434
255
463
360
620
165
587
443
663
135
618
149
154
338
178
409
381
472
65
218
728
548
226
411
549
591
507
227
281
350
365
124
278
259
429
770
623
333
386
539
319
197
217
596
512
626
744
391
137
559
214
796
568
596
375
343
343
363
350
215
551
283
334
100
404
268
484
741
590
213
351
290
419
124
877
844
335
663
376
409
432
707
722
280
737
682
364
259
580
488
661
751
357
76
437
499
370
443
396
575
221
195
274
224
696
439
123
28
819
161
716
245
798
603
241
692
213
788
176
155
187
585
487
223
575
435
381
289
515
454
506
456
868
169
781
171
265
450
21
363
883
533
381
319
262
247
330
147
337
229
162
646
296
238
587
454
168
556
454
303
296
465
230
294
301
364
435
877
450
404
454
678
235
660
677
36
444
489
560
232
254
310
199
403
377
367
633
568
554
285
549
413
248
221
438
391
447
250
262
751
577
343
836
365
446
297
232
115
321
259
528
571
187
580
759
435
266
549
236
377
201
706
375
447
710
140
689
534
772
190
541
190
463
349
140
234
385
186
384
216
155
400
646
340
446
640
397
868
25
448
350
267
330
328
464
166
175
418
616
256
308
587
305
674
281
382
768
126
395
104
820
544
206
582
809
536
400
487
854
307
259
360
338
469
629
345
723
624
360
392
477
307
696
933
191
644
191
379
614
531
414
719
642
296
599
504
696
742
543
259
148
550
233
345
347
284
523
301
486
561
146
462
538
607
339
430
134
574
441
338
216
443
313
232
534
550
376
637
263
288
431
890
245
356
271
805
425
366
762
142
417
669
347
144
209
221
585
510
329
92
608
246
320
163
473
444
875
321
569
216
429
185
694
372
268
203
362
606
708
398
552
281
275
714
354
159
447
606
236
567
632
389
797
74
539
563
622
300
197
472
398
633
260
287
507
85
343
329
616
343
471
684
268
671
162
398
65
404
381
291
488
681
674
421
130
475
315
439
288
178
437
885
537
703
54
519
129
332
364
188
568
316
361
295
520
626
313
467
537
315
555
138
434
311
276
632
373
525
541
309
121
145
331
433
694
403
316
445
372
378
360
772
126
593
82
710
423
915
378
351
321
202
491
656
404
329
58
478
540
476
395
461
290
207
92
553
433
252
236
813
201
740
90
181
717
132
405
668
664
749
475
239
198
258
605
545
226
379
342
632
516
464
399
798
495
544
654
274
581
276
426
819
295
612
514
134
87
592
663
636
322
596
510
386
40
900
491
513
421
281
352
228
517
436
528
130
467
582
354
72
535
741
302
347
136
90
91
307
208
858
450
303
700
160
278
276
281
483
397
228
181
187
334
336
686
502
182
642
61
474
391
63
277
470
504
441
483
372
377
399
463
829
388
77
331
172
603
660
598
406
94
211
346
607
777
182
276
474
204
258
385
318
845
242
115
586
406
515
896
675
371
324
458
323
574
510
628
584
198
419
191
431
356
457
661
193
487
354
339
169
640
660
884
80
450
486
471
739
546
444
681
771
231
581
538
258
150
288
505
403
650
370
196
653
873
278
402
291
390
515
257
476
868
320
600
353
467
351
414
676
583
350
382
709
533
590
545
303
402
448
174
819
267
571
167
310
216
331
147
339
264
206
458
550
253
485
260
577
533
421
355
149
337
128
477
318
910
620
446
140
405
376
428
453
427
376
684
73
512
107
356
567
382
523
517
502
145
225
395
525
437
349
782
303
568
136
338
156
531
293
434
493
463
344
189
453
539
60
366
537
269
296
436
484
501
278
134
658
368
397
123
242
204
708
555
285
336
439
128
76
226
311
479
317
352
294
352
227
450
623
387
645
392
572
292
529
128
168
665
373
448
332
344
101
291
171
452
784
852
483
321
344
314
968
623
516
180
379
174
188
102
389
205
319
831
538
252
366
256
609
689
210
290
642
553
402
543
445
640
615
332
700
326
389
368
262
231
719
353
209
406
451
480
748
413
506
509
508
167
612
130
86
729
377
840
148
169
502
415
414
203
558
529
43
341
291
590
422
491
185
704
343
657
552
333
779
817
470
638
221
431
224
62
380
680
244
422
477
515
505
380
87
677
781
461
357
338
54
499
855
307
83
362
534
133
627
137
282
528
635
567
658
478
339
523
222
203
217
147
422
637
294
241
246
547
564
456
213
719
658
103
481
300
358
602
693
309
221
185
154
396
616
842
182
728
713
343
279
298
486
241
386
570
288
421
386
378
449
294
142
514
193
378
461
449
237
491
582
542
731
494
703
457
855
26
566
679
622
595
729
622
233
512
193
353
676
128
290
376
480
452
693
496
413
477
344
293
80
425
706
441
719
334
656
450
697
654
241
683
598
439
22
430
675
575
537
375
496
244
754
396
421
432
170
759
359
647
836
645
833
416
466
413
234
726
277
230
432
505
384
154
302
294
296
299
314
78
239
566
590
501
255
272
347
465
599
753
294
493
379
418
227
470
753
482
605
399
310
285
316
164
200
193
573
331
523
585
489
444
165
154
555
208
234
484
314
631
101
145
609
502
199
465
121
196
265
116
96
375
378
401
461
285
407
356
138
513
206
731
568
642
826
604
180
582
416
355
427
527
761
257
464
149
424
394
132
274
392
228
302
432
309
100
483
580
404
731
634
290
662
465
317
436
419
540
506
364
661
260
91
472
501
568
527
444
646
749
577
446
147
233
747
297
332
236
632
181
508
823
163
201
461
458
372
690
233
334
269
626
381
233
795
388
141
347
301
577
433
473
489
382
539
423
663
431
149
478
786
56
639
409
381
335
763
440
699
451
453
200
532
376
387
229
431
526
317
718
609
385
319
369
431
580
717
331
428
440
298
397
660
632
112
360
492
802
78
593
116
270
139
680
386
590
88
256
226
226
516
315
465
285
522
481
334
207
554
135
283
351
608
347
458
107
313
292
330
428
427
360
289
242
342
369
462
180
404
230
555
285
380
692
456
61
333
731
220
219
478
314
606
306
248
237
454
283
456
648
452
417
175
503
371
145
269
331
186
623
500
351
348
561
194
164
754
429
538
155
274
135
488
107
568
873
503
815
248
538
260
596
294
553
384
379
496
233
523
108
428
271
318
494
229
543
583
362
355
154
207
146
653
45
302
366
909
221
475
520
446
282
301
440
319
350
435
706
302
469
441
386
142
176
490
272
150
255
241
128
317
329
519
748
736
609
481
759
508
427
636
249
492
258
718
220
151
337
346
595
219
434
523
536
296
285
252
549
77
417
456
369
584
205
251
330
196
332
199
618
437
745
542
382
519
381
443
330
205
297
58
459
411
290
576
650
831
758
361
407
403
266
101
730
56
333
758
55
458
589
90
287
172
470
572
615
191
339
240
257
500
522
775
520
468
184
823
719
605
377
650
411
466
213
525
706
497
294
726
340
233
247
913
132
518
689
576
132
375
578
323
150
526
133
225
245
320
506
393
750
629
628
731
295
393
499
335
478
300
320
185
255
343
420
245
503
639
351
659
824
400
726
202
517
253
464
281
580
429
215
248
317
578
152
265
279
875
396
301
676
313
356
543
175
374
613
136
429
671
131
692
259
334
663
422
337
288
391
290
332
235
368
442
324
227
515
497
734
685
556
622
463
554
761
207
676
370
625
490
346
52
154
179
430
143
210
282
126
587
353
534
252
453
680
254
410
173
289
44
293
420
233
479
616
495
402
734
67
264
509
760
564
632
543
373
604
267
246
466
527
187
98
609
324
392
257
223
565
153
378
306
597
147
297
108
98
673
397
626
346
467
617
318
245
272
220
451
558
414
327
632
486
663
686
144
431
261
220
122
782
305
828
538
459
565
643
247
944
433
568
466
410
341
539
559
351
279
438
333
141
504
442
565
128
585
500
102
292
184
285
583
317
351
524
640
586
733
193
563
375
752
302
712
794
436
607
371
329
637
557
253
443
657
181
320
354
785
381
464
689
692
413
623
666
413
283
214
517
234
150
437
217
185
171
212
497
268
651
469
311
668
490
491
454
306
583
269
173
375
168
242
339
126
589
305
362
524
654
230
499
590
327
507
725
343
679
557
538
466
328
436
311
218
533
424
651
516
408
382
480
471
571
698
156
687
468
141
406
375
477
468
634
934
641
788
112
753
361
309
523
124
124
335
572
243
497
513
691
270
507
580
427
642
249
770
125
388
290
326
379
108
637
554
523
279
348
724
444
170
428
416
446
635
647
308
457
490
100
565
665
379
473
648
844
222
660
116
367
204
387
539
477
200
703
590
530
361
520
432
308
355
890
229
77
640
656
355
664
169
341
557
801
508
424
297
257
565
464
52
200
369
225
229
295
637
378
744
197
213
285
440
408
568
461
193
443
731
716
203
191
378
368
502
544
770
764
386
408
463
516
403
451
175
287
537
645
343
627
41
359
617
226
521
280
742
751
148
378
477
358
233
294
212
534
156
693
628
276
699
272
442
478
130
618
151
485
750
400
563
411
563
420
515
105
620
331
241
530
462
206
197
469
237
426
224
339
438
237
359
581
226
199
643
313
555
311
420
747
338
399
392
217
193
529
295
497
307
375
340
710
276
630
139
713
266
787
218
550
97
333
287
257
102
463
523
72
695
537
307
517
274
276
732
749
236
219
357
547
210
598
364
529
520
499
497
602
343
371
826
153
238
533
240
521
689
503
657
717
411
248
528
849
115
333
500
353
519
351
456
597
513
463
126
315
509
829
405
754
690
310
616
488
485
913
250
711
463
467
420
197
508
648
405
512
421
407
413
313
139
512
242
189
612
522
565
604
695
143
292
652
200
459
513
631
799
32
325
95
342
811
710
418
702
312
607
346
609
331
553
415
528
751
409
330
358
654
236
675
248
422
357
156
87
587
566
725
125
457
642
435
86
622
145
470
525
611
380
613
155
847
468
186
261
326
215
844
311
710
465
419
356
368
536
296
293
892
832
654
552
294
511
301
882
415
243
537
267
279
303
147
692
688
217
473
375
501
260
479
250
325
245
191
597
488
649
408
655
372
710
357
566
495
365
490
324
534
299
231
480
375
846
742
492
711
413
356
767
684
505
449
229
750
243
556
422
153
451
71
519
544
806
62
760
832
560
400
415
812
126
79
571
653
127
640
384
374
489
448
639
476
660
425
481
267
509
284
316
481
592
657
396
286
544
667
423
374
491
703
166
605
348
568
544
569
150
220
498
414
731
195
569
265
260
334
446
174
483
364
332
340
506
293
520
356
208
342
162
294
685
202
602
130
502
311
820
763
349
449
527
569
561
279
125
700
568
342
357
168
501
199
97
191
785
290
199
645
556
180
597
892
365
197
316
520
597
144
671
194
203
178
290
362
267
307
401
230
307
412
205
304
328
123
671
327
381
452
271
364
554
545
212
401
165
732
584
282
231
273
655
445
488
176
605
142
266
640
703
702
359
145
742
244
661
423
765
236
239
656
369
215
321
354
683
768
379
652
429
251
134
763
398
328
288
604
412
420
50
641
497
484
229
209
543
381
675
424
564
175
938
262
347
512
79
424
253
192
178
547
650
563
742
272
530
449
415
449
354
523
329
433
596
400
341
569
464
179
559
464
801
449
518
537
286
729
550
264
540
434
349
86
167
319
105
314
551
157
364
224
528
272
458
384
357
317
449
514
250
593
798
665
330
584
293
405
122
748
343
337
141
148
328
189
277
478
726
56
282
762
159
148
201
188
467
379
320
347
435
595
406
375
808
723
369
697
235
65
249
713
221
554
572
92
229
421
218
406
206
97
430
286
150
808
153
680
512
500
642
790
479
187
365
312
210
133
363
731
309
406
157
140
451
200
522
465
629
317
631
118
499
227
664
626
84
225
491
274
174
691
438
680
182
569
474
456
576
474
665
637
620
359
681
530
219
133
159
165
359
332
470
339
382
279
798
299
84
456
366
434
708
542
275
514
556
588
687
354
292
201
349
268
457
560
624
564
250
541
136
537
578
387
358
381
232
842
176
712
284
684
231
325
288
600
564
179
104
473
208
529
256
406
308
290
255
347
676
205
350
619
429
439
518
239
673
255
477
665
233
198
400
351
501
297
306
293
335
182
653
266
468
74
754
491
751
536
419
438
627
145
527
324
397
228
616
64
397
329
381
727
673
258
323
600
444
616
301
722
779
752
402
904
683
108
466
607
309
183
623
518
283
223
211
339
401
540
440
579
181
592
214
373
369
473
255
365
353
137
477
474
249
33
240
683
559
700
246
384
337
216
241
378
456
487
418
189
228
273
372
621
328
174
226
887
368
323
379
392
184
436
478
240
497
497
363
539
653
120
393
251
481
217
89
446
263
323
920
612
219
510
462
558
111
470
464
333
794
216
613
417
189
525
363
565
452
203
649
488
417
277
395
764
476
272
309
300
695
513
484
734
521
346
484
165
364
806
646
421
400
255
421
182
528
458
498
83
198
186
135
609
639
327
356
503
38
342
491
411
212
377
439
305
147
394
367
215
153
319
452
517
284
529
49
238
483
365
257
148
470
326
604
491
235
434
72
293
200
497
271
389
451
535
427
384
782
298
556
380
578
115
651
628
69
349
612
370
602
338
286
731
406
328
430
728
192
211
888
95
523
581
603
580
159
491
564
185
294
245
117
633
167
544
143
234
44
145
752
294
349
360
111
439
801
272
266
291
594
698
56
556
253
375
717
299
185
526
126
54
553
381
455
251
267
289
318
265
128
229
501
452
196
541
289
175
747
785
598
733
345
550
657
742
547
430
493
528
479
665
431
753
448
456
459
53
524
304
465
642
152
96
527
120
824
461
162
615
715
323
331
697
743
83
570
669
305
514
686
443
438
537
94
238
630
469
451
653
252
654
174
314
184
82
464
212
605
393
674
524
638
595
464
462
258
394
241
780
322
613
399
415
111
499
650
541
425
538
262
419
796
303
345
445
383
604
235
64
356
442
447
320
433
504
545
510
754
692
199
691
523
151
181
312
393
819
816
423
214
656
155
531
433
788
576
57
322
501
458
577
578
87
737
695
412
694
530
423
513
667
660
552
802
194
500
128
338
438
478
658
291
147
474
147
332
601
484
204
82
782
186
330
611
288
323
466
328
193
654
224
343
280
136
148
245
296
60
662
467
444
99
253
351
132
854
187
477
878
337
321
190
172
825
345
274
170
238
351
406
97
318
137
522
101
651
185
357
720
87
522
196
554
299
463
518
397
717
645
455
476
185
303
659
464
476
315
77
59
248
307
209
183
178
545
157
758
276
326
544
646
244
609
233
608
183
400
70
459
670
259
690
733
672
187
543
419
662
516
808
368
346
465
289
212
336
88
629
292
322
623
290
668
423
298
278
436
282
273
371
232
591
294
625
406
496
420
344
531
462
458
316
286
545
738
175
578
296
211
560
544
718
331
445
317
493
568
335
531
325
565
818
187
353
503
457
353
370
179
152
555
771
375
591
531
803
694
362
427
419
102
561
233
779
408
274
292
695
580
413
685
217
467
327
154
509
442
591
601
609
741
426
194
402
259
695
305
428
336
446
495
368
792
367
314
437
502
519
310
549
342
592
903
708
573
347
446
375
405
613
208
164
116
265
412
390
451
435
421
523
422
442
174
196
158
604
451
335
302
36
197
525
123
154
794
438
610
835
408
369
475
454
286
628
171
387
633
360
419
298
779
331
557
637
371
367
232
490
442
397
461
128
128
35
273
870
144
411
578
444
377
265
547
360
391
466
327
418
513
409
212
125
309
53
585
348
283
432
141
205
714
441
200
243
359
534
647
365
267
532
429
330
281
803
606
487
312
668
190
262
252
285
641
256
557
359
837
851
936
251
775
886
177
164
524
295
777
31
495
432
107
338
466
395
197
558
309
334
488
172
208
473
303
683
481
38
653
378
787
735
527
77
508
493
218
265
317
408
284
320
456
153
354
387
664
739
358
326
523
241
772
127
504
640
326
197
91
369
868
455
195
242
433
588
857
698
215
530
687
327
539
315
344
626
179
404
302
353
386
763
669
125
696
282
573
396
760
752
451
215
113
557
435
468
359
198
412
450
470
186
530
380
414
286
347
293
412
746
254
149
301
756
464
496
217
317
695
383
419
313
193
369
519
782
123
509
482
191
110
415
216
616
473
499
540
559
513
608
549
309
194
764
511
149
163
659
846
504
272
617
458
61
810
686
374
696
37
134
307
575
338
562
598
622
527
196
309
396
782
179
341
640
346
457
66
397
447
564
581
514
582
664
623
438
646
123
173
371
316
806
396
580
150
207
518
286
747
105
680
144
608
295
297
850
470
491
210
524
421
324
550
535
179
530
322
756
690
423
837
150
365
489
221
495
612
180
181
648
514
597
530
351
455
443
507
793
185
937
320
106
598
545
230
443
212
326
126
220
509
757
370
82
378
339
92
272
220
168
778
337
764
407
124
664
920
422
164
201
662
56
589
403
173
396
236
719
468
679
379
229
588
556
105
391
163
332
513
827
321
704
612
423
318
66
765
395
444
404
183
511
578
182
274
245
216
230
189
899
601
543
832
668
657
370
328
256
640
861
407
212
247
525
98
339
111
593
470
199
597
245
733
356
17
315
523
599
775
782
446
519
251
600
473
707
558
336
728
492
588
360
146
558
272
352
573
262
518
839
345
175
375
185
240
343
408
485
597
582
289
76
764
66
521
272
101
214
465
324
445
87
292
242
346
348
394
719
481
433
199
196
374
433
712
651
339
702
476
433
479
317
79
534
772
289
279
229
735
516
531
248
497
269
426
214
575
136
218
467
146
439
383
229
279
432
511
238
341
476
432
262
246
402
766
500
319
386
520
364
568
694
210
581
358
707
513
686
318
680
514
408
197
405
413
82
345
547
566
594
370
241
851
658
668
564
309
604
103
419
734
218
357
356
467
206
369
153
360
675
479
151
178
202
563
570
514
593
491
285
104
537
378
679
211
431
762
356
613
493
63
582
427
386
439
287
452
701
362
181
495
556
686
510
616
321
722
311
99
339
223
599
469
604
490
342
452
297
696
531
129
168
518
444
229
463
350
495
606
164
369
139
246
729
549
341
362
335
255
348
142
431
508
433
707
523
622
367
540
330
887
128
895
642
171
371
229
320
111
284
242
521
584
308
468
490
281
323
445
273
672
163
327
151
635
265
268
591
515
231
439
493
136
352
181
661
632
582
737
382
375
340
767
267
286
251
181
381
406
373
672
558
642
293
316
351
331
741
347
356
617
329
822
258
310
321
885
482
507
399
188
477
504
758
625
126
220
575
402
230
174
361
297
329
291
698
397
336
850
204
545
430
389
325
307
510
373
432
385
459
130
218
326
583
419
358
87
344
136
691
655
572
624
110
633
626
135
202
250
496
443
609
327
486
477
263
91
652
332
135
723
454
290
590
611
415
299
147
694
113
465
656
497
615
502
712
409
402
336
496
561
399
168
334
850
627
170
564
448
181
121
462
795
205
453
217
198
240
581
317
99
349
270
189
462
456
464
548
481
453
232
509
562
651
504
259
686
228
626
420
246
320
522
417
457
704
651
378
132
351
392
214
121
336
210
315
199
222
160
447
145
430
559
357
383
467
613
617
392
614
371
490
441
168
274
255
288
129
638
224
384
424
303
648
252
414
237
584
185
465
252
399
343
527
851
325
526
123
852
307
184
277
433
114
558
374
435
377
614
284
357
425
352
406
299
381
453
517
401
646
869
399
323
330
375
281
406
465
662
190
462
468
347
106
291
436
515
85
476
106
564
446
663
732
669
334
190
174
656
153
451
301
280
396
127
341
664
60
472
302
182
132
204
268
279
850
330
227
355
217
840
443
691
515
319
362
533
412
430
174
585
386
204
212
69
50
443
331
641
740
655
660
512
706
341
304
329
604
852
487
841
712
175
136
380
144
434
481
613
350
311
433
131
553
857
377
455
338
153
637
676
306
272
451
205
182
338
134
165
740
424
318
455
494
281
369
553
829
111
403
260
659
421
414
136
178
592
229
439
206
747
214
491
576
517
186
301
704
97
159
818
342
692
230
319
775
348
533
395
752
411
287
401
545
282
212
688
533
254
405
537
419
334
497
484
273
244
138
690
386
444
385
129
703
793
355
209
211
727
326
349
144
383
173
530
214
481
242
227
314
143
199
167
384
525
288
63
660
226
592
699
163
378
608
160
533
782
505
495
756
406
257
391
536
838
391
684
119
823
573
330
333
266
663
165
613
518
182
492
606
396
518
240
305
421
503
126
481
531
385
208
826
404
574
716
789
431
307
535
156
139
592
538
405
711
191
347
301
711
191
413
216
825
153
168
230
179
391
488
594
388
734
175
487
421
77
165
387
47
582
171
336
263
279
305
138
257
357
548
290
