3775
7325
10875
14425
17975
21525
25075
28625
32175
35725
39275
42825
46375
49925
53475
57025
60575
64125
67675
71225
74775
78325
81875
85425
88975
92525
96075
99625
103175
106725
110275
113825
117375
120925
124475
128025
131575
135125
138675
142225
145775
149325
152875
156425
159975
163525
167075
170625
174175
177725
181275
184825
188375
191925
195475
199025
202575
206125
209675
213225
216775
220325
223875
227425
230975
234525
238075
241625
245175
248725
252275
255825
259375
262925
266475
270025
273575
277125
280675
284225
287775
291325
294875
298425
301975
305525
309075
312625
316175
319725
323275
326825
330375
333925
337475
341025
344575
348125
351675
355225
