1024
0 0 0 0 0
0 0 0 0 126
0 0 0 0 127
0 0 0 0 255
0 0 0 126 0
0 0 0 126 126
0 0 0 126 127
0 0 0 126 255
0 0 0 127 0
0 0 0 127 126
0 0 0 127 127
0 0 0 127 255
0 0 0 255 0
0 0 0 255 126
0 0 0 255 127
0 0 0 255 255
0 0 126 0 0
0 0 126 0 126
0 0 126 0 127
0 0 126 0 255
0 0 126 126 0
0 0 126 126 126
0 0 126 126 127
0 0 126 126 255
0 0 126 127 0
0 0 126 127 126
0 0 126 127 127
0 0 126 127 255
0 0 126 255 0
0 0 126 255 126
0 0 126 255 127
0 0 126 255 255
0 0 127 0 0
0 0 127 0 126
0 0 127 0 127
0 0 127 0 255
0 0 127 126 0
0 0 127 126 126
0 0 127 126 127
0 0 127 126 255
0 0 127 127 0
0 0 127 127 126
0 0 127 127 127
0 0 127 127 255
0 0 127 255 0
0 0 127 255 126
0 0 127 255 127
0 0 127 255 255
0 0 255 0 0
0 0 255 0 126
0 0 255 0 127
0 0 255 0 255
0 0 255 126 0
0 0 255 126 126
0 0 255 126 127
0 0 255 126 255
0 0 255 127 0
0 0 255 127 126
0 0 255 127 127
0 0 255 127 255
0 0 255 255 0
0 0 255 255 126
0 0 255 255 127
0 0 255 255 255
0 126 0 0 0
0 126 0 0 126
0 126 0 0 127
0 126 0 0 255
0 126 0 126 0
0 126 0 126 126
0 126 0 126 127
0 126 0 126 255
0 126 0 127 0
0 126 0 127 126
0 126 0 127 127
0 126 0 127 255
0 126 0 255 0
0 126 0 255 126
0 126 0 255 127
0 126 0 255 255
0 126 126 0 0
0 126 126 0 126
0 126 126 0 127
0 126 126 0 255
0 126 126 126 0
0 126 126 126 126
0 126 126 126 127
0 126 126 126 255
0 126 126 127 0
0 126 126 127 126
0 126 126 127 127
0 126 126 127 255
0 126 126 255 0
0 126 126 255 126
0 126 126 255 127
0 126 126 255 255
0 126 127 0 0
0 126 127 0 126
0 126 127 0 127
0 126 127 0 255
0 126 127 126 0
0 126 127 126 126
0 126 127 126 127
0 126 127 126 255
0 126 127 127 0
0 126 127 127 126
0 126 127 127 127
0 126 127 127 255
0 126 127 255 0
0 126 127 255 126
0 126 127 255 127
0 126 127 255 255
0 126 255 0 0
0 126 255 0 126
0 126 255 0 127
0 126 255 0 255
0 126 255 126 0
0 126 255 126 126
0 126 255 126 127
0 126 255 126 255
0 126 255 127 0
0 126 255 127 126
0 126 255 127 127
0 126 255 127 255
0 126 255 255 0
0 126 255 255 126
0 126 255 255 127
0 126 255 255 255
0 127 0 0 0
0 127 0 0 126
0 127 0 0 127
0 127 0 0 255
0 127 0 126 0
0 127 0 126 126
0 127 0 126 127
0 127 0 126 255
0 127 0 127 0
0 127 0 127 126
0 127 0 127 127
0 127 0 127 255
0 127 0 255 0
0 127 0 255 126
0 127 0 255 127
0 127 0 255 255
0 127 126 0 0
0 127 126 0 126
0 127 126 0 127
0 127 126 0 255
0 127 126 126 0
0 127 126 126 126
0 127 126 126 127
0 127 126 126 255
0 127 126 127 0
0 127 126 127 126
0 127 126 127 127
0 127 126 127 255
0 127 126 255 0
0 127 126 255 126
0 127 126 255 127
0 127 126 255 255
0 127 127 0 0
0 127 127 0 126
0 127 127 0 127
0 127 127 0 255
0 127 127 126 0
0 127 127 126 126
0 127 127 126 127
0 127 127 126 255
0 127 127 127 0
0 127 127 127 126
0 127 127 127 127
0 127 127 127 255
0 127 127 255 0
0 127 127 255 126
0 127 127 255 127
0 127 127 255 255
0 127 255 0 0
0 127 255 0 126
0 127 255 0 127
0 127 255 0 255
0 127 255 126 0
0 127 255 126 126
0 127 255 126 127
0 127 255 126 255
0 127 255 127 0
0 127 255 127 126
0 127 255 127 127
0 127 255 127 255
0 127 255 255 0
0 127 255 255 126
0 127 255 255 127
0 127 255 255 255
0 255 0 0 0
0 255 0 0 126
0 255 0 0 127
0 255 0 0 255
0 255 0 126 0
0 255 0 126 126
0 255 0 126 127
0 255 0 126 255
0 255 0 127 0
0 255 0 127 126
0 255 0 127 127
0 255 0 127 255
0 255 0 255 0
0 255 0 255 126
0 255 0 255 127
0 255 0 255 255
0 255 126 0 0
0 255 126 0 126
0 255 126 0 127
0 255 126 0 255
0 255 126 126 0
0 255 126 126 126
0 255 126 126 127
0 255 126 126 255
0 255 126 127 0
0 255 126 127 126
0 255 126 127 127
0 255 126 127 255
0 255 126 255 0
0 255 126 255 126
0 255 126 255 127
0 255 126 255 255
0 255 127 0 0
0 255 127 0 126
0 255 127 0 127
0 255 127 0 255
0 255 127 126 0
0 255 127 126 126
0 255 127 126 127
0 255 127 126 255
0 255 127 127 0
0 255 127 127 126
0 255 127 127 127
0 255 127 127 255
0 255 127 255 0
0 255 127 255 126
0 255 127 255 127
0 255 127 255 255
0 255 255 0 0
0 255 255 0 126
0 255 255 0 127
0 255 255 0 255
0 255 255 126 0
0 255 255 126 126
0 255 255 126 127
0 255 255 126 255
0 255 255 127 0
0 255 255 127 126
0 255 255 127 127
0 255 255 127 255
0 255 255 255 0
0 255 255 255 126
0 255 255 255 127
0 255 255 255 255
126 0 0 0 0
126 0 0 0 126
126 0 0 0 127
126 0 0 0 255
126 0 0 126 0
126 0 0 126 126
126 0 0 126 127
126 0 0 126 255
126 0 0 127 0
126 0 0 127 126
126 0 0 127 127
126 0 0 127 255
126 0 0 255 0
126 0 0 255 126
126 0 0 255 127
126 0 0 255 255
126 0 126 0 0
126 0 126 0 126
126 0 126 0 127
126 0 126 0 255
126 0 126 126 0
126 0 126 126 126
126 0 126 126 127
126 0 126 126 255
126 0 126 127 0
126 0 126 127 126
126 0 126 127 127
126 0 126 127 255
126 0 126 255 0
126 0 126 255 126
126 0 126 255 127
126 0 126 255 255
126 0 127 0 0
126 0 127 0 126
126 0 127 0 127
126 0 127 0 255
126 0 127 126 0
126 0 127 126 126
126 0 127 126 127
126 0 127 126 255
126 0 127 127 0
126 0 127 127 126
126 0 127 127 127
126 0 127 127 255
126 0 127 255 0
126 0 127 255 126
126 0 127 255 127
126 0 127 255 255
126 0 255 0 0
126 0 255 0 126
126 0 255 0 127
126 0 255 0 255
126 0 255 126 0
126 0 255 126 126
126 0 255 126 127
126 0 255 126 255
126 0 255 127 0
126 0 255 127 126
126 0 255 127 127
126 0 255 127 255
126 0 255 255 0
126 0 255 255 126
126 0 255 255 127
126 0 255 255 255
126 126 0 0 0
126 126 0 0 126
126 126 0 0 127
126 126 0 0 255
126 126 0 126 0
126 126 0 126 126
126 126 0 126 127
126 126 0 126 255
126 126 0 127 0
126 126 0 127 126
126 126 0 127 127
126 126 0 127 255
126 126 0 255 0
126 126 0 255 126
126 126 0 255 127
126 126 0 255 255
126 126 126 0 0
126 126 126 0 126
126 126 126 0 127
126 126 126 0 255
126 126 126 126 0
126 126 126 126 126
126 126 126 126 127
126 126 126 126 255
126 126 126 127 0
126 126 126 127 126
126 126 126 127 127
126 126 126 127 255
126 126 126 255 0
126 126 126 255 126
126 126 126 255 127
126 126 126 255 255
126 126 127 0 0
126 126 127 0 126
126 126 127 0 127
126 126 127 0 255
126 126 127 126 0
126 126 127 126 126
126 126 127 126 127
126 126 127 126 255
126 126 127 127 0
126 126 127 127 126
126 126 127 127 127
126 126 127 127 255
126 126 127 255 0
126 126 127 255 126
126 126 127 255 127
126 126 127 255 255
126 126 255 0 0
126 126 255 0 126
126 126 255 0 127
126 126 255 0 255
126 126 255 126 0
126 126 255 126 126
126 126 255 126 127
126 126 255 126 255
126 126 255 127 0
126 126 255 127 126
126 126 255 127 127
126 126 255 127 255
126 126 255 255 0
126 126 255 255 126
126 126 255 255 127
126 126 255 255 255
126 127 0 0 0
126 127 0 0 126
126 127 0 0 127
126 127 0 0 255
126 127 0 126 0
126 127 0 126 126
126 127 0 126 127
126 127 0 126 255
126 127 0 127 0
126 127 0 127 126
126 127 0 127 127
126 127 0 127 255
126 127 0 255 0
126 127 0 255 126
126 127 0 255 127
126 127 0 255 255
126 127 126 0 0
126 127 126 0 126
126 127 126 0 127
126 127 126 0 255
126 127 126 126 0
126 127 126 126 126
126 127 126 126 127
126 127 126 126 255
126 127 126 127 0
126 127 126 127 126
126 127 126 127 127
126 127 126 127 255
126 127 126 255 0
126 127 126 255 126
126 127 126 255 127
126 127 126 255 255
126 127 127 0 0
126 127 127 0 126
126 127 127 0 127
126 127 127 0 255
126 127 127 126 0
126 127 127 126 126
126 127 127 126 127
126 127 127 126 255
126 127 127 127 0
126 127 127 127 126
126 127 127 127 127
126 127 127 127 255
126 127 127 255 0
126 127 127 255 126
126 127 127 255 127
126 127 127 255 255
126 127 255 0 0
126 127 255 0 126
126 127 255 0 127
126 127 255 0 255
126 127 255 126 0
126 127 255 126 126
126 127 255 126 127
126 127 255 126 255
126 127 255 127 0
126 127 255 127 126
126 127 255 127 127
126 127 255 127 255
126 127 255 255 0
126 127 255 255 126
126 127 255 255 127
126 127 255 255 255
126 255 0 0 0
126 255 0 0 126
126 255 0 0 127
126 255 0 0 255
126 255 0 126 0
126 255 0 126 126
126 255 0 126 127
126 255 0 126 255
126 255 0 127 0
126 255 0 127 126
126 255 0 127 127
126 255 0 127 255
126 255 0 255 0
126 255 0 255 126
126 255 0 255 127
126 255 0 255 255
126 255 126 0 0
126 255 126 0 126
126 255 126 0 127
126 255 126 0 255
126 255 126 126 0
126 255 126 126 126
126 255 126 126 127
126 255 126 126 255
126 255 126 127 0
126 255 126 127 126
126 255 126 127 127
126 255 126 127 255
126 255 126 255 0
126 255 126 255 126
126 255 126 255 127
126 255 126 255 255
126 255 127 0 0
126 255 127 0 126
126 255 127 0 127
126 255 127 0 255
126 255 127 126 0
126 255 127 126 126
126 255 127 126 127
126 255 127 126 255
126 255 127 127 0
126 255 127 127 126
126 255 127 127 127
126 255 127 127 255
126 255 127 255 0
126 255 127 255 126
126 255 127 255 127
126 255 127 255 255
126 255 255 0 0
126 255 255 0 126
126 255 255 0 127
126 255 255 0 255
126 255 255 126 0
126 255 255 126 126
126 255 255 126 127
126 255 255 126 255
126 255 255 127 0
126 255 255 127 126
126 255 255 127 127
126 255 255 127 255
126 255 255 255 0
126 255 255 255 126
126 255 255 255 127
126 255 255 255 255
127 0 0 0 0
127 0 0 0 126
127 0 0 0 127
127 0 0 0 255
127 0 0 126 0
127 0 0 126 126
127 0 0 126 127
127 0 0 126 255
127 0 0 127 0
127 0 0 127 126
127 0 0 127 127
127 0 0 127 255
127 0 0 255 0
127 0 0 255 126
127 0 0 255 127
127 0 0 255 255
127 0 126 0 0
127 0 126 0 126
127 0 126 0 127
127 0 126 0 255
127 0 126 126 0
127 0 126 126 126
127 0 126 126 127
127 0 126 126 255
127 0 126 127 0
127 0 126 127 126
127 0 126 127 127
127 0 126 127 255
127 0 126 255 0
127 0 126 255 126
127 0 126 255 127
127 0 126 255 255
127 0 127 0 0
127 0 127 0 126
127 0 127 0 127
127 0 127 0 255
127 0 127 126 0
127 0 127 126 126
127 0 127 126 127
127 0 127 126 255
127 0 127 127 0
127 0 127 127 126
127 0 127 127 127
127 0 127 127 255
127 0 127 255 0
127 0 127 255 126
127 0 127 255 127
127 0 127 255 255
127 0 255 0 0
127 0 255 0 126
127 0 255 0 127
127 0 255 0 255
127 0 255 126 0
127 0 255 126 126
127 0 255 126 127
127 0 255 126 255
127 0 255 127 0
127 0 255 127 126
127 0 255 127 127
127 0 255 127 255
127 0 255 255 0
127 0 255 255 126
127 0 255 255 127
127 0 255 255 255
127 126 0 0 0
127 126 0 0 126
127 126 0 0 127
127 126 0 0 255
127 126 0 126 0
127 126 0 126 126
127 126 0 126 127
127 126 0 126 255
127 126 0 127 0
127 126 0 127 126
127 126 0 127 127
127 126 0 127 255
127 126 0 255 0
127 126 0 255 126
127 126 0 255 127
127 126 0 255 255
127 126 126 0 0
127 126 126 0 126
127 126 126 0 127
127 126 126 0 255
127 126 126 126 0
127 126 126 126 126
127 126 126 126 127
127 126 126 126 255
127 126 126 127 0
127 126 126 127 126
127 126 126 127 127
127 126 126 127 255
127 126 126 255 0
127 126 126 255 126
127 126 126 255 127
127 126 126 255 255
127 126 127 0 0
127 126 127 0 126
127 126 127 0 127
127 126 127 0 255
127 126 127 126 0
127 126 127 126 126
127 126 127 126 127
127 126 127 126 255
127 126 127 127 0
127 126 127 127 126
127 126 127 127 127
127 126 127 127 255
127 126 127 255 0
127 126 127 255 126
127 126 127 255 127
127 126 127 255 255
127 126 255 0 0
127 126 255 0 126
127 126 255 0 127
127 126 255 0 255
127 126 255 126 0
127 126 255 126 126
127 126 255 126 127
127 126 255 126 255
127 126 255 127 0
127 126 255 127 126
127 126 255 127 127
127 126 255 127 255
127 126 255 255 0
127 126 255 255 126
127 126 255 255 127
127 126 255 255 255
127 127 0 0 0
127 127 0 0 126
127 127 0 0 127
127 127 0 0 255
127 127 0 126 0
127 127 0 126 126
127 127 0 126 127
127 127 0 126 255
127 127 0 127 0
127 127 0 127 126
127 127 0 127 127
127 127 0 127 255
127 127 0 255 0
127 127 0 255 126
127 127 0 255 127
127 127 0 255 255
127 127 126 0 0
127 127 126 0 126
127 127 126 0 127
127 127 126 0 255
127 127 126 126 0
127 127 126 126 126
127 127 126 126 127
127 127 126 126 255
127 127 126 127 0
127 127 126 127 126
127 127 126 127 127
127 127 126 127 255
127 127 126 255 0
127 127 126 255 126
127 127 126 255 127
127 127 126 255 255
127 127 127 0 0
127 127 127 0 126
127 127 127 0 127
127 127 127 0 255
127 127 127 126 0
127 127 127 126 126
127 127 127 126 127
127 127 127 126 255
127 127 127 127 0
127 127 127 127 126
127 127 127 127 127
127 127 127 127 255
127 127 127 255 0
127 127 127 255 126
127 127 127 255 127
127 127 127 255 255
127 127 255 0 0
127 127 255 0 126
127 127 255 0 127
127 127 255 0 255
127 127 255 126 0
127 127 255 126 126
127 127 255 126 127
127 127 255 126 255
127 127 255 127 0
127 127 255 127 126
127 127 255 127 127
127 127 255 127 255
127 127 255 255 0
127 127 255 255 126
127 127 255 255 127
127 127 255 255 255
127 255 0 0 0
127 255 0 0 126
127 255 0 0 127
127 255 0 0 255
127 255 0 126 0
127 255 0 126 126
127 255 0 126 127
127 255 0 126 255
127 255 0 127 0
127 255 0 127 126
127 255 0 127 127
127 255 0 127 255
127 255 0 255 0
127 255 0 255 126
127 255 0 255 127
127 255 0 255 255
127 255 126 0 0
127 255 126 0 126
127 255 126 0 127
127 255 126 0 255
127 255 126 126 0
127 255 126 126 126
127 255 126 126 127
127 255 126 126 255
127 255 126 127 0
127 255 126 127 126
127 255 126 127 127
127 255 126 127 255
127 255 126 255 0
127 255 126 255 126
127 255 126 255 127
127 255 126 255 255
127 255 127 0 0
127 255 127 0 126
127 255 127 0 127
127 255 127 0 255
127 255 127 126 0
127 255 127 126 126
127 255 127 126 127
127 255 127 126 255
127 255 127 127 0
127 255 127 127 126
127 255 127 127 127
127 255 127 127 255
127 255 127 255 0
127 255 127 255 126
127 255 127 255 127
127 255 127 255 255
127 255 255 0 0
127 255 255 0 126
127 255 255 0 127
127 255 255 0 255
127 255 255 126 0
127 255 255 126 126
127 255 255 126 127
127 255 255 126 255
127 255 255 127 0
127 255 255 127 126
127 255 255 127 127
127 255 255 127 255
127 255 255 255 0
127 255 255 255 126
127 255 255 255 127
127 255 255 255 255
255 0 0 0 0
255 0 0 0 126
255 0 0 0 127
255 0 0 0 255
255 0 0 126 0
255 0 0 126 126
255 0 0 126 127
255 0 0 126 255
255 0 0 127 0
255 0 0 127 126
255 0 0 127 127
255 0 0 127 255
255 0 0 255 0
255 0 0 255 126
255 0 0 255 127
255 0 0 255 255
255 0 126 0 0
255 0 126 0 126
255 0 126 0 127
255 0 126 0 255
255 0 126 126 0
255 0 126 126 126
255 0 126 126 127
255 0 126 126 255
255 0 126 127 0
255 0 126 127 126
255 0 126 127 127
255 0 126 127 255
255 0 126 255 0
255 0 126 255 126
255 0 126 255 127
255 0 126 255 255
255 0 127 0 0
255 0 127 0 126
255 0 127 0 127
255 0 127 0 255
255 0 127 126 0
255 0 127 126 126
255 0 127 126 127
255 0 127 126 255
255 0 127 127 0
255 0 127 127 126
255 0 127 127 127
255 0 127 127 255
255 0 127 255 0
255 0 127 255 126
255 0 127 255 127
255 0 127 255 255
255 0 255 0 0
255 0 255 0 126
255 0 255 0 127
255 0 255 0 255
255 0 255 126 0
255 0 255 126 126
255 0 255 126 127
255 0 255 126 255
255 0 255 127 0
255 0 255 127 126
255 0 255 127 127
255 0 255 127 255
255 0 255 255 0
255 0 255 255 126
255 0 255 255 127
255 0 255 255 255
255 126 0 0 0
255 126 0 0 126
255 126 0 0 127
255 126 0 0 255
255 126 0 126 0
255 126 0 126 126
255 126 0 126 127
255 126 0 126 255
255 126 0 127 0
255 126 0 127 126
255 126 0 127 127
255 126 0 127 255
255 126 0 255 0
255 126 0 255 126
255 126 0 255 127
255 126 0 255 255
255 126 126 0 0
255 126 126 0 126
255 126 126 0 127
255 126 126 0 255
255 126 126 126 0
255 126 126 126 126
255 126 126 126 127
255 126 126 126 255
255 126 126 127 0
255 126 126 127 126
255 126 126 127 127
255 126 126 127 255
255 126 126 255 0
255 126 126 255 126
255 126 126 255 127
255 126 126 255 255
255 126 127 0 0
255 126 127 0 126
255 126 127 0 127
255 126 127 0 255
255 126 127 126 0
255 126 127 126 126
255 126 127 126 127
255 126 127 126 255
255 126 127 127 0
255 126 127 127 126
255 126 127 127 127
255 126 127 127 255
255 126 127 255 0
255 126 127 255 126
255 126 127 255 127
255 126 127 255 255
255 126 255 0 0
255 126 255 0 126
255 126 255 0 127
255 126 255 0 255
255 126 255 126 0
255 126 255 126 126
255 126 255 126 127
255 126 255 126 255
255 126 255 127 0
255 126 255 127 126
255 126 255 127 127
255 126 255 127 255
255 126 255 255 0
255 126 255 255 126
255 126 255 255 127
255 126 255 255 255
255 127 0 0 0
255 127 0 0 126
255 127 0 0 127
255 127 0 0 255
255 127 0 126 0
255 127 0 126 126
255 127 0 126 127
255 127 0 126 255
255 127 0 127 0
255 127 0 127 126
255 127 0 127 127
255 127 0 127 255
255 127 0 255 0
255 127 0 255 126
255 127 0 255 127
255 127 0 255 255
255 127 126 0 0
255 127 126 0 126
255 127 126 0 127
255 127 126 0 255
255 127 126 126 0
255 127 126 126 126
255 127 126 126 127
255 127 126 126 255
255 127 126 127 0
255 127 126 127 126
255 127 126 127 127
255 127 126 127 255
255 127 126 255 0
255 127 126 255 126
255 127 126 255 127
255 127 126 255 255
255 127 127 0 0
255 127 127 0 126
255 127 127 0 127
255 127 127 0 255
255 127 127 126 0
255 127 127 126 126
255 127 127 126 127
255 127 127 126 255
255 127 127 127 0
255 127 127 127 126
255 127 127 127 127
255 127 127 127 255
255 127 127 255 0
255 127 127 255 126
255 127 127 255 127
255 127 127 255 255
255 127 255 0 0
255 127 255 0 126
255 127 255 0 127
255 127 255 0 255
255 127 255 126 0
255 127 255 126 126
255 127 255 126 127
255 127 255 126 255
255 127 255 127 0
255 127 255 127 126
255 127 255 127 127
255 127 255 127 255
255 127 255 255 0
255 127 255 255 126
255 127 255 255 127
255 127 255 255 255
255 255 0 0 0
255 255 0 0 126
255 255 0 0 127
255 255 0 0 255
255 255 0 126 0
255 255 0 126 126
255 255 0 126 127
255 255 0 126 255
255 255 0 127 0
255 255 0 127 126
255 255 0 127 127
255 255 0 127 255
255 255 0 255 0
255 255 0 255 126
255 255 0 255 127
255 255 0 255 255
255 255 126 0 0
255 255 126 0 126
255 255 126 0 127
255 255 126 0 255
255 255 126 126 0
255 255 126 126 126
255 255 126 126 127
255 255 126 126 255
255 255 126 127 0
255 255 126 127 126
255 255 126 127 127
255 255 126 127 255
255 255 126 255 0
255 255 126 255 126
255 255 126 255 127
255 255 126 255 255
255 255 127 0 0
255 255 127 0 126
255 255 127 0 127
255 255 127 0 255
255 255 127 126 0
255 255 127 126 126
255 255 127 126 127
255 255 127 126 255
255 255 127 127 0
255 255 127 127 126
255 255 127 127 127
255 255 127 127 255
255 255 127 255 0
255 255 127 255 126
255 255 127 255 127
255 255 127 255 255
255 255 255 0 0
255 255 255 0 126
255 255 255 0 127
255 255 255 0 255
255 255 255 126 0
255 255 255 126 126
255 255 255 126 127
255 255 255 126 255
255 255 255 127 0
255 255 255 127 126
255 255 255 127 127
255 255 255 127 255
255 255 255 255 0
255 255 255 255 126
255 255 255 255 127
255 255 255 255 255
0
