100
10 * 10
8149
922 * 791
4160
938 + 116
2567
585 + 146
30807
310 + 334
8086
402 * 705
19827
909 + 246
23120
364 * 97
13614
625 * 42
19362
373 + 584
26509
910 + 857
21497
527 + 607
10852
992 + 995
31895
228 + 993
2735
432 + 373
577
38 + 334
18792
426 + 25
21101
313 + 910
5990
55 + 466
21216
207 + 666
27055
74 * 104
27868
355 * 902
2588
333 + 902
264
918 + 807
959
526 + 448
7694
525 + 839
29354
520 + 734
19668
599 + 292
15543
776 * 466
7423
446 * 715
951
767 + 250
29163
905 * 935
27194
978 + 179
29489
27 + 948
17690
318 + 924
28506
232 + 595
11109
441 * 366
7996
497 * 407
3330
736 + 408
23675
596 + 995
25053
914 + 577
22475
793 * 916
29945
367 * 205
13731
403 * 565
12213
489 * 208
15815
124 * 236
27470
587 * 502
7093
67 * 608
25105
108 + 11
18029
444 * 197
10671
360 * 416
607
563 + 822
18479
570 + 992
9232
858 + 152
29853
378 + 527
20720
779 + 855
4006
735 * 480
16684
886 * 399
31942
622 + 184
14913
852 + 190
20628
766 * 134
30389
664 + 745
15821
639 + 222
6897
112 * 54
13071
241 * 156
20069
199 * 145
1466
759 + 880
30902
58 * 276
19034
867 * 647
14505
693 * 408
5581
167 + 606
26694
883 * 570
26962
986 * 204
32384
486 + 165
9148
182 + 863
29918
728 * 421
13841
182 + 435
28972
859 + 760
10092
222 + 855
9563
838 * 675
9479
901 * 576
19874
678 + 402
4389
951 * 852
16340
240 * 288
16950
762 + 828
24167
258 * 999
20825
688 * 410
21540
931 + 769
18319
656 * 587
30429
349 * 125
18599
268 * 341
23736
502 * 510
31427
914 * 337
28108
191 + 468
12970
135 * 388
7962
759 * 516
5991
885 + 258
20126
363 + 600
3458
608 + 8
28194
138 + 410
3635
197 * 925
14050
155 + 218
14585
597 * 690
358
525 * 153
14740
251 + 620
23472
971 * 758
23688
854 * 631
26707
289 * 313
28913
345 * 649
16758
123 * 850
18512
67 + 898
21086
106 + 614
7055
246 * 6
26806
384 + 586
4128
983 + 822
25159
326 * 567
25305
152 * 394
19981
181 + 35
882
507 * 885
15059
565 * 276
16169
481 + 537
31063
288 * 384
11210
45 + 985
29194
4 + 898
11900
140 * 865
23995
321 * 263
8939
583 * 374
13203
195 + 263
30951
255 * 308
12334
17 * 321
28013
756 + 12
13920
136 + 369
21664
533 + 174
11637
779 * 933
10479
631 + 887
24812
636 * 377
14897
596 + 407
20759
968 * 844
6850
486 + 620
16520
926 + 893
3905
418 + 49
13339
304 * 275
2958
850 * 201
28803
635 * 162
13890
244 + 206
25058
433 + 131
6840
442 + 909
20511
257 + 478
4830
810 + 106
1589
472 + 716
23859
995 + 869
22711
992 * 902
31504
477 * 999
9300
517 + 493
29968
149 + 486
21192
224 * 320
12971
846 * 216
313
0 * 508
11887
570 * 192
18337
469 * 54
19379
666 * 169
24531
699 + 704
114
236 * 301
18415
621 + 605
12988
700 * 542
29543
245 * 380
31825
449 * 7
1137
889 + 791
29033
144 * 468
11025
704 + 145
16139
999 + 532
12805
755 + 576
8996
160 * 694
5725
684 + 873
30660
169 * 313
2684
945 + 727
26681
760 * 991
31958
713 + 182
3401
488 * 981
3837
301 * 135
20621
1000 * 519
16926
284 + 779
29934
503 * 118
8614
579 * 552
14625
738 * 438
18149
770 * 987
23084
124 * 85
5322
388 + 773
6353
966 + 902
19667
712 * 789
3453
75 * 881
29655
299 * 743
25469
747 * 846
11517
184 + 957
3398
275 * 27
24280
170 * 761
20437
5 + 550
27963
204 + 632
32549
63 * 87
30923
294 + 151
8551
609 + 48
