26958
5339
8656
-4949
31023
-16644
-8822
-9396
4782
9639
3044
10645
47206
27826
3117
-10605
56402
17158
-22331
18620
40220
8567
13169
30258
40653
44542
41646
42575
11082
7927
14406
-13993
25229
-10759
-25464
-24864
-10480
7063
36534
36327
33977
-1674
-3227
15515
21565
7021
20451
4177
-13553
24428
38731
-8573
862
581
22753
49246
-5603
24593
-8559
-11574
-29580
7185
48362
-7217
-3560
14919
6761
24004
5660
2449
59163
-10316
-11103
6124
3652
480
16166
-2725
23399
-9665
-6068
-10138
-10872
19177
-2591
14453
17920
-518
-21625
9966
24860
28120
13944
31850
-24704
16331
16080
4471
41640
5265
34598
32746
30283
34487
-2802
9712
135
-648
31816
19201
16606
-6729
-19552
33562
12319
25318
23667
20613
-15314
24040
26213
44076
17773
-26085
-2691
46063
27496
28601
5310
32538
10303
29050
22788
-9065
20865
15499
616
31311
-8674
9404
16080
-11331
-10777
34294
33530
42641
39651
-7403
54
50
33585
4124
7734
28324
-22077
-25856
18113
3043
28668
-2756
60571
-4500
4261
24330
24532
32183
3403
57421
10418
-18178
-4208
-18563
7694
13265
44151
-3911
-18505
15539
25753
22753
49170
32139
34419
-15743
14519
10345
937
15711
-7158
25856
1594
-6107
15959
-22354
13718
14542
46501
1065
22134
-561
-13524
41174
39565
17056
5171
-3866
20009
-9983
22004
47586
-10356
24889
-1257
31979
1802
1160
11572
1859
-7307
28094
31122
41953
9404
-24942
30326
2139
4874
28260
-5819
18269
30011
-18861
22902
-7926
36393
4372
-5752
62980
-16031
1982
2654
22627
-7421
7744
19395
7849
34999
27357
-2954
-9790
-193
20259
14185
6256
1225
-26905
20707
12145
-18160
395
47935
21570
4681
-24171
-9571
37941
26123
45457
-1150
3805
-12659
14353
27639
-7244
19026
31674
49500
-7020
-12554
31433
7154
-828
11256
13586
2030
2876
14259
46539
10800
19704
12348
2706
12585
44842
29318
32759
21425
5640
20572
-4916
4075
-16603
39360
22104
-16378
37579
-6100
28700
21741
16545
24581
3994
6436
928
19544
2752
31447
18308
-44
52511
9935
-15909
50924
21993
8833
5206
44031
11650
16318
44331
23325
-4265
42490
-3783
46367
28108
4398
-14195
27810
21412
2931
1252
39538
16278
6934
-18892
-4085
61353
-20120
10907
24364
-2718
-14180
3370
24160
9614
-9169
14970
-14759
41287
21384
-24615
4172
-16534
8556
-5
9078
29784
37707
39195
2506
14669
-18553
-8226
14366
-4721
-3388
10145
32374
29050
-7755
28512
-12894
41407
26502
1375
31199
915
23507
746
-6631
34328
34108
22487
-2345
4656
31636
36360
38337
32901
5438
7517
2379
48656
12814
30569
-10809
27336
24216
203
44270
3049
35236
-1885
8233
27029
1215
481
36364
14843
-1188
-3116
-4935
54886
35750
22830
27100
28331
-3761
14960
-1524
-1265
25141
41537
41167
10889
8172
4530
34845
-15911
29025
9919
2015
-7339
21420
12123
-9364
-15678
-6688
30987
-602
15311
8330
-3987
18679
-1759
10314
16608
9624
37505
-1726
30267
3030
-3853
20069
-19683
9639
1247
-3041
47413
9972
-18089
5456
-15801
54929
29098
-5462
12438
-11266
-2616
15337
10344
10127
21614
15818
-10057
-8030
25342
5924
6656
5013
18518
2132
6900
38999
-6841
17
9286
-23237
4030
830
31543
-3534
36671
-15885
22804
10922
4266
-9799
-1664
-3024
40565
3293
-21424
-1899
21000
18845
8360
12269
-21324
30592
10397
12211
-14445
10713
24724
48177
-9729
23924
11800
-2560
7328
50288
24050
333
34195
8669
8570
-16868
14715
12856
-11082
-15047
46647
26969
27913
22666
-10816
-5740
34261
19447
13792
42007
-4002
13392
19786
16132
-8853
4514
-23027
20182
-63
7263
5527
28413
29799
-10646
32332
6070
-3796
4363
36996
14107
45686
-5893
32163
7749
49590
-3102
44908
25664
38205
55002
2079
2019
-15029
20283
30658
46193
38653
377
-3332
53717
25307
29049
36526
39289
21827
28518
14681
34730
-6987
-5944
27594
6387
5630
10561
3767
-6882
-12841
11935
11160
6772
2124
24176
3608
3139
33283
-9820
9793
37674
24384
41497
3894
31892
23640
36045
3816
8207
25500
46231
7619
4194
-15732
11944
7759
20998
15016
348
-752
22751
2481
41102
-9019
30499
18353
17513
-14535
8041
27643
-8395
38440
9685
35454
-954
-609
29681
4760
-8196
13451
2926
47376
3683
-6302
19977
2896
19552
-528
4998
2571
27173
-17782
43133
-7891
18122
22154
345
-11074
-22340
39236
-9572
30734
451
35244
-562
5447
16263
10168
46800
8945
-20779
-327
13700
9180
-9059
-19694
-18177
267
-4101
6054
2489
-7702
25302
10812
38779
17710
16433
1875
-14185
-25686
14188
731
22469
28106
37188
26988
-2001
-7676
48665
2811
-24018
-17403
28263
15266
-9534
24212
3242
-8979
45015
3291
29444
29972
28319
21482
39550
2453
46258
-18440
259
-8587
39859
9630
18591
37860
23039
42785
28479
31507
14428
-6036
-17298
20608
38400
5523
37845
-19685
32410
23222
-11669
-2819
-16942
9086
23732
38369
7830
27811
43189
-15647
24081
14784
13701
43656
-4271
13442
7955
-323
-16012
-6647
30888
36529
22064
5283
4774
-13598
33963
2681
-7516
20989
55625
14507
-17422
-11762
-14027
17406
1964
-10994
-4338
45915
808
25310
-13382
21227
-6163
42298
-10016
24297
43317
6008
-22641
14950
-17314
26685
-15975
52481
18757
-10549
-11665
-2224
-10489
17294
14274
36412
4930
46169
38682
29673
35127
-2373
-4772
-4673
45242
434
52299
-10392
-15297
-2251
31260
42872
-4254
9367
-2373
-11176
-1691
12053
-19044
-5655
-15736
17488
9786
29653
4447
-15213
2010
27742
-13285
55780
30253
11127
23697
1459
-13686
15417
42535
7073
164
50747
28843
-30781
7641
46806
14754
-16855
-7075
14080
-5458
-15842
-1711
-5387
1614
-15667
-16270
27875
-11225
-22765
-18058
-16351
1004
-11357
-29545
11962
15728
55316
-3868
313
-22465
47897
-24950
-11121
21149
18556
8143
36102
-14968
42613
26604
28415
8128
-10275
-12052
-768
9777
-487
20062
18362
39523
-5459
-3433
-16837
898
-6634
46425
4030
8995
-1710
26144
14816
10415
-15839
-3912
6197
-17821
58314
-18163
2117
-10733
-10201
13656
6268
1427
-7851
15311
51323
35015
44565
-20451
18672
6360
-8107
47313
18533
5344
13214
-9104
-423
13744
-17276
6905
17209
-5266
32485
-15696
-6701
30448
9065
26881
37675
21622
-3064
4914
7607
-7641
-3155
22403
-19581
-2946
-19096
19617
15723
23753
45594
-10126
36635
34482
-2123
12417
-6048
6332
4862
-3974
1744
-5189
28302
19060
59689
2320
22016
-4294
18141
16192
21333
