356
387
414
217
168
485
424
980
204
97
133
272
575
3
424
313
683
124
396
185
33
186
1644
75
215
589
4
8
136
106
54
3217
607
156
598
396
73
1030
332
753
67
105
277
214
170
328
23
13520
604
2058
208
469
780
243
281
192
305
114
32
397
813
256
162
5487
93
294
9
246
479
112
862
149
418
31
315
189
284
327
61
729
270
248
325
167
299
1461
533
370
281
139
64
399
503
109
224
803
157
222
335
506
70
73
823
1792
8
119
347
159
534
458
29
42
783
600
620
714
315
90
551
560
62
143
153
270
3769
230
347
337
388
80
285
44
357
1547
223
4267
629
3
81
89
95
912
49
3951
589
7
214
234
129
816
1946
285
102
133
258
324
143
84
357
385
359
129
344
85
311
173
257
26
136
916
23
466
348
413
66
84
431
24
163
758
262
3245
430
584
111
55
11
34
829
333
24
32374
256
275
308
248
180
1571
94
776
212
653
251
433
10
596
1411
279
536
771
264
344
423
6
462
326
660
1445
124
500
2260
359
3517
237
1476
78
21
438
167
94
1662
211
288
263
33
219
388
361
125
340
581
230
86
27
243
2025
804
170
423
1870
64
7
356
128
95
283
431
311
295
2281
178
808
283
314
91
282
335
136
630
4
226
284
344
325
65
114
40
640
394
151
397
136
12
925
222
1632
203
608
54
417
328
459
304
18
29
302
210
275
11
81
