0.06
0.13
0.19
0.25
0.31
0.38
0.44
0.50
0.57
0.63
0.69
0.75
0.82
0.88
0.94
1.00
1.07
1.13
1.19
1.26
1.32
1.38
1.44
1.51
1.57
1.63
1.70
1.76
1.82
1.88
1.95
2.01
2.07
2.14
2.20
2.26
2.32
2.39
2.45
2.51
2.57
2.64
2.70
2.76
2.83
2.89
2.95
3.01
3.08
3.14
3.20
3.27
3.33
3.39
3.45
3.52
3.58
3.64
3.71
3.77
3.83
3.89
3.96
4.02
4.08
4.14
4.21
4.27
4.33
4.40
4.46
4.52
4.58
4.65
4.71
4.77
4.84
4.90
4.96
5.02
5.09
5.15
5.21
5.28
5.34
5.40
5.46
5.53
5.59
5.65
5.71
5.78
5.84
5.90
5.97
6.03
6.09
6.15
6.22
6.28
6.34
6.41
6.47
6.53
6.59
6.66
6.72
6.78
6.85
6.91
6.97
7.03
7.10
7.16
7.22
7.28
7.35
7.41
7.47
7.54
7.60
7.66
7.72
7.79
7.85
7.91
7.98
8.04
8.10
8.16
8.23
8.29
8.35
8.42
8.48
8.54
8.60
8.67
8.73
8.79
8.85
8.92
8.98
9.04
9.11
9.17
9.23
9.29
9.36
9.42
9.48
9.55
9.61
9.67
9.73
9.80
9.86
9.92
9.99
10.05
10.11
10.17
10.24
10.30
10.36
10.42
10.49
10.55
10.61
10.68
10.74
10.80
10.86
10.93
10.99
11.05
11.12
11.18
11.24
11.30
11.37
11.43
11.49
11.56
11.62
11.68
11.74
11.81
11.87
11.93
11.99
12.06
12.12
12.18
12.25
12.31
12.37
12.43
12.50
12.56
12.62
12.69
12.75
12.81
12.87
12.94
13.00
13.06
13.13
13.19
13.25
13.31
13.38
13.44
13.50
13.56
13.63
13.69
13.75
13.82
13.88
13.94
14.00
14.07
14.13
14.19
14.26
14.32
14.38
14.44
14.51
14.57
14.63
14.70
14.76
14.82
14.88
14.95
15.01
15.07
15.13
15.20
15.26
15.32
15.39
15.45
15.51
15.57
15.64
15.70
15.76
15.83
15.89
15.95
16.01
16.08
16.14
16.20
16.27
16.33
16.39
16.45
16.52
16.58
16.64
16.70
16.77
16.83
16.89
16.96
17.02
17.08
17.14
17.21
17.27
17.33
17.40
17.46
17.52
17.58
17.65
17.71
17.77
17.84
17.90
17.96
18.02
18.09
18.15
18.21
18.27
18.34
18.40
18.46
18.53
18.59
18.65
18.71
18.78
18.84
18.90
18.97
19.03
19.09
19.15
19.22
19.28
19.34
19.41
19.47
19.53
19.59
19.66
19.72
19.78
19.84
19.91
19.97
20.03
20.10
20.16
20.22
20.28
20.35
20.41
20.47
20.54
20.60
20.66
20.72
20.79
20.85
20.91
20.98
21.04
21.10
21.16
21.23
21.29
21.35
21.41
21.48
21.54
21.60
21.67
21.73
21.79
21.85
21.92
21.98
22.04
22.11
22.17
22.23
22.29
22.36
22.42
22.48
22.55
22.61
22.67
22.73
22.80
22.86
22.92
22.98
23.05
23.11
23.17
23.24
23.30
23.36
23.42
23.49
23.55
23.61
23.68
23.74
23.80
23.86
23.93
23.99
24.05
24.12
24.18
24.24
24.30
24.37
24.43
24.49
24.55
24.62
24.68
24.74
24.81
24.87
24.93
24.99
25.06
25.12
25.18
25.25
25.31
25.37
25.43
25.50
25.56
25.62
25.69
25.75
25.81
25.87
25.94
26.00
26.06
26.12
26.19
26.25
26.31
26.38
26.44
26.50
26.56
26.63
26.69
26.75
26.82
26.88
26.94
27.00
27.07
27.13
27.19
27.26
27.32
27.38
27.44
27.51
27.57
27.63
27.69
27.76
27.82
27.88
27.95
28.01
28.07
28.13
28.20
28.26
28.32
28.39
28.45
28.51
28.57
28.64
28.70
28.76
28.83
28.89
28.95
29.01
29.08
29.14
29.20
29.26
29.33
29.39
29.45
29.52
29.58
29.64
29.70
29.77
29.83
29.89
29.96
30.02
30.08
30.14
30.21
30.27
30.33
30.40
30.46
30.52
30.58
30.65
30.71
30.77
30.83
30.90
30.96
31.02
31.09
31.15
31.21
31.27
31.34
31.40
31.46
31.53
31.59
31.65
31.71
31.78
31.84
31.90
31.97
32.03
32.09
32.15
32.22
32.28
32.34
32.40
32.47
32.53
32.59
32.66
32.72
32.78
32.84
32.91
32.97
33.03
33.10
33.16
33.22
33.28
33.35
33.41
33.47
33.54
33.60
33.66
33.72
33.79
33.85
33.91
33.97
34.04
34.10
34.16
34.23
34.29
34.35
34.41
34.48
34.54
34.60
34.67
34.73
34.79
34.85
34.92
34.98
35.04
35.11
35.17
35.23
35.29
35.36
35.42
35.48
35.54
35.61
35.67
35.73
35.80
35.86
35.92
35.98
36.05
36.11
36.17
36.24
36.30
36.36
36.42
36.49
36.55
36.61
36.68
36.74
36.80
36.86
36.93
36.99
37.05
37.11
37.18
37.24
37.30
37.37
37.43
37.49
37.55
37.62
37.68
37.74
37.81
37.87
37.93
37.99
38.06
38.12
38.18
38.25
38.31
38.37
38.43
38.50
38.56
38.62
38.68
38.75
38.81
38.87
38.94
39.00
39.06
39.12
39.19
39.25
39.31
39.38
39.44
39.50
39.56
39.63
39.69
39.75
39.82
39.88
39.94
40.00
40.07
40.13
40.19
40.25
40.32
40.38
40.44
40.51
40.57
40.63
40.69
40.76
40.82
40.88
40.95
41.01
41.07
41.13
41.20
41.26
41.32
41.39
41.45
41.51
41.57
41.64
41.70
41.76
41.82
41.89
41.95
42.01
42.08
42.14
42.20
42.26
42.33
42.39
42.45
42.52
42.58
42.64
42.70
42.77
42.83
42.89
42.96
43.02
43.08
43.14
43.21
43.27
43.33
43.39
43.46
43.52
43.58
43.65
43.71
43.77
43.83
43.90
43.96
44.02
44.09
44.15
44.21
44.27
44.34
44.40
44.46
44.53
44.59
44.65
44.71
44.78
44.84
44.90
44.96
45.03
45.09
45.15
45.22
45.28
45.34
45.40
45.47
45.53
45.59
45.66
45.72
45.78
45.84
45.91
45.97
46.03
46.10
46.16
46.22
46.28
46.35
46.41
46.47
46.53
46.60
46.66
46.72
46.79
46.85
46.91
46.97
47.04
47.10
47.16
47.23
47.29
47.35
47.41
47.48
47.54
47.60
47.67
47.73
47.79
47.85
47.92
47.98
48.04
48.10
48.17
48.23
48.29
48.36
48.42
48.48
48.54
48.61
48.67
48.73
48.80
48.86
48.92
48.98
49.05
49.11
49.17
49.24
49.30
49.36
49.42
49.49
49.55
49.61
49.67
49.74
49.80
49.86
49.93
49.99
50.05
50.11
50.18
50.24
50.30
50.37
50.43
50.49
50.55
50.62
50.68
50.74
50.81
50.87
50.93
50.99
51.06
51.12
51.18
51.24
51.31
51.37
51.43
51.50
51.56
51.62
51.68
51.75
51.81
51.87
51.94
52.00
52.06
52.12
52.19
52.25
52.31
52.38
52.44
52.50
52.56
52.63
52.69
52.75
52.81
52.88
52.94
53.00
53.07
53.13
53.19
53.25
53.32
53.38
53.44
53.51
53.57
53.63
53.69
53.76
53.82
53.88
53.95
54.01
54.07
54.13
54.20
54.26
54.32
54.38
54.45
54.51
54.57
54.64
54.70
54.76
54.82
54.89
54.95
55.01
55.08
55.14
55.20
55.26
55.33
55.39
55.45
55.52
55.58
55.64
55.70
55.77
55.83
55.89
55.95
56.02
56.08
56.14
56.21
56.27
56.33
56.39
56.46
56.52
56.58
56.65
56.71
56.77
56.83
56.90
56.96
57.02
57.09
57.15
57.21
57.27
57.34
57.40
57.46
57.52
57.59
57.65
57.71
57.78
57.84
57.90
57.96
58.03
58.09
58.15
58.22
58.28
58.34
58.40
58.47
58.53
58.59
58.66
58.72
58.78
58.84
58.91
58.97
59.03
59.09
59.16
59.22
59.28
59.35
59.41
59.47
59.53
59.60
59.66
59.72
59.79
59.85
59.91
59.97
60.04
60.10
60.16
60.23
60.29
60.35
60.41
60.48
60.54
60.60
60.66
60.73
60.79
60.85
60.92
60.98
61.04
61.10
61.17
61.23
61.29
61.36
61.42
61.48
61.54
61.61
61.67
61.73
61.80
61.86
61.92
61.98
62.05
62.11
62.17
62.23
62.30
62.36
62.42
62.49
62.55
62.61
62.67
62.74
62.80
