1
3
2
0
4
4
1
3
2
1
2
3
94842
67916
101325
9552
11256
97897
97796
27714
39176
6233
100711
51363
65834
90678
77770
15491
76361
119076
6759
66248
40717
16491
79822
119756
115278
121818
83135
90611
114504
9718
35678
103111
64353
40873
9889
66632
117160
100324
7042
47430
83112
109011
50570
22150
86033
90993
107696
13815
67766
23374
17570
78836
30311
80355
66604
75408
29748
93722
26665
8213
65119
80504
36260
62829
83007
17203
122185
117339
82518
24564
74516
16551
59441
17526
112685
7831
6328
57365
376
10466
68980
51459
29219
65952
54891
55798
45364
4497
56782
114538
49747
55905
60086
70813
53519
69998
60528
66144
4276
124227
