-1.00
-1.01
-1.99
0.00
0.01
0.99
1.00
1.01
1.99
2.00
2.01
2.99
3.00
3.01
3.99
4.00
4.01
4.99
5.00
5.01
5.99
6.00
6.01
6.99
7.00
7.01
7.99
8.00
8.01
8.99
9.00
9.01
9.99
10.00
10.01
10.99
11.00
11.01
11.99
12.00
12.01
12.99
13.00
13.01
13.99
14.00
14.01
14.99
15.00
15.01
15.99
16.00
16.01
16.99
17.00
17.01
17.99
18.00
18.01
18.99
19.00
19.01
19.99
20.00
20.01
20.99
21.00
21.01
21.99
22.00
22.01
22.99
23.00
23.01
23.99
24.00
24.01
24.99
25.00
25.01
25.99
26.00
26.01
26.99
27.00
27.01
27.99
28.00
28.01
28.99
29.00
29.01
29.99
30.00
30.01
30.99
31.00
31.01
31.99
32.00
32.01
32.99
33.00
33.01
33.99
34.00
34.01
34.99
35.00
35.01
35.99
36.00
36.01
36.99
37.00
37.01
37.99
38.00
38.01
38.99
39.00
39.01
39.99
40.00
40.01
40.99
41.00
41.01
41.99
42.00
42.01
42.99
43.00
43.01
43.99
44.00
44.01
44.99
45.00
45.01
45.99
46.00
46.01
46.99
47.00
47.01
47.99
48.00
48.01
48.99
49.00
49.01
49.99
50.00
50.01
50.99
51.00
51.01
51.99
52.00
52.01
52.99
53.00
53.01
53.99
54.00
54.01
54.99
55.00
55.01
55.99
56.00
56.01
56.99
57.00
57.01
57.99
58.00
58.01
58.99
59.00
59.01
59.99
60.00
60.01
60.99
61.00
61.01
61.99
62.00
62.01
62.99
63.00
63.01
63.99
64.00
64.01
64.99
65.00
65.01
65.99
66.00
66.01
66.99
67.00
67.01
67.99
68.00
68.01
68.99
69.00
69.01
69.99
70.00
70.01
70.99
71.00
71.01
71.99
72.00
72.01
72.99
73.00
73.01
73.99
74.00
74.01
74.99
75.00
75.01
75.99
76.00
76.01
76.99
77.00
77.01
77.99
78.00
78.01
78.99
79.00
79.01
79.99
80.00
80.01
80.99
81.00
81.01
81.99
82.00
82.01
82.99
83.00
83.01
83.99
84.00
84.01
84.99
85.00
85.01
85.99
86.00
86.01
86.99
87.00
87.01
87.99
88.00
88.01
88.99
89.00
89.01
89.99
90.00
90.01
90.99
91.00
91.01
91.99
92.00
92.01
92.99
93.00
93.01
93.99
94.00
94.01
94.99
95.00
95.01
95.99
96.00
96.01
96.99
97.00
97.01
97.99
98.00
98.01
98.99
99.00
99.01
99.99
100.00
100.01
100.99
101.00
101.01
101.99
