502
515
233
540
541
720
533
664
429
128
358
591
233
402
160
996
903
592
39
241
264
943
623
966
452
817
663
945
209
443
410
458
716
285
654
512
606
451
502
726
204
370
594
821
645
283
813
172
699
816
629
487
196
345
302
596
522
530
682
442
504
218
576
690
903
329
863
821
375
573
774
180
82
826
572
245
417
206
207
268
202
727
553
404
873
902
353
367
128
397
479
350
657
888
129
818
186
630
653
861
956
352
90
383
685
463
899
902
482
673
706
970
466
273
387
499
870
430
72
967
489
869
930
840
744
123
834
814
493
488
608
505
139
181
689
437
786
460
459
549
484
734
849
705
350
331
282
797
750
627
473
935
464
634
814
761
808
924
178
565
233
814
560
935
785
830
258
585
543
421
394
313
39
884
150
882
295
672
427
201
789
844
323
113
365
302
650
818
159
263
307
420
851
654
863
356
717
696
573
187
296
745
220
498
125
923
665
502
944
863
336
942
823
459
667
381
46
810
747
838
246
572
157
675
90
123
117
550
458
467
220
824
502
658
849
418
669
770
834
949
449
246
147
365
360
387
116
245
118
431
677
287
580
299
892
213
652
298
431
443
530
336
299
261
727
954
996
444
906
645
367
657
71
474
257
831
925
612
405
315
482
777
259
344
616
908
358
768
15
968
487
310
693
348
178
306
874
902
277
293
186
709
469
307
200
977
747
945
419
433
421
910
817
642
920
153
907
995
986
779
472
368
231
240
514
373
670
714
660
175
605
429
355
625
82
106
938
125
865
419
118
846
160
348
103
852
492
893
156
706
396
115
77
804
821
353
348
566
635
397
492
489
299
230
498
935
126
157
692
995
294
989
735
759
570
677
995
841
247
401
844
896
850
759
358
211
626
125
828
831
905
350
756
682
256
867
628
574
982
741
84
551
525
168
44
886
991
537
688
657
82
928
600
682
183
431
605
422
878
753
306
360
553
759
356
421
226
639
83
668
63
823
531
657
773
249
255
560
165
911
805
478
791
155
466
456
254
565
788
127
203
639
971
594
474
770
493
550
370
259
117
203
764
314
949
102
678
806
952
841
858
539
277
303
73
443
596
203
507
696
104
630
392
882
570
793
343
827
653
970
62
129
563
696
911
381
155
649
595
710
95
579
112
530
763
137
565
297
500
239
477
500
516
527
47
141
493
874
944
316
608
473
574
310
860
844
329
951
560
270
697
794
446
144
950
851
190
756
321
899
550
398
382
709
397
189
4
230
898
160
318
800
494
720
32
619
535
136
490
577
41
843
1000
314
315
912
294
731
626
348
902
425
682
442
338
629
769
480
833
833
521
844
725
199
419
980
494
250
115
180
943
441
881
789
12
331
490
369
161
312
817
887
195
155
504
754
496
573
428
248
723
912
182
559
782
726
642
602
722
472
649
542
890
251
589
652
81
240
189
940
882
426
689
906
527
240
384
946
209
371
326
617
953
837
667
331
378
771
232
532
449
110
374
822
183
125
600
400
978
479
557
385
289
514
274
827
614
903
292
892
660
207
494
153
986
584
877
291
969
786
443
218
625
353
514
515
660
846
273
513
430
349
798
390
494
140
426
927
389
903
974
759
197
171
917
744
737
286
189
639
751
644
935
445
101
827
946
363
585
473
729
738
791
257
802
127
20
258
200
689
746
581
429
323
152
566
494
892
501
516
7
715
837
493
501
999
318
560
386
888
324
986
198
666
61
620
695
664
704
338
954
799
62
617
10
658
835
301
113
936
798
839
529
269
946
616
226
201
402
747
536
421
928
971
768
608
168
341
290
108
383
611
78
857
744
756
389
641
618
967
98
304
755
383
686
794
15
188
822
492
414
212
153
828
6
223
984
520
966
281
339
199
438
932
314
769
736
567
291
726
397
357
371
392
192
816
837
700
616
109
732
921
86
961
506
169
985
518
478
247
177
806
322
500
319
762
468
153
715
293
339
578
171
825
22
838
584
127
97
288
538
683
156
793
627
865
732
363
4
823
865
302
261
848
538
637
117
756
535
289
670
582
624
197
617
414
304
695
18
912
342
620
172
411
138
508
2
478
953
349
630
253
394
756
473
187
145
206
849
217
399
182
376
779
204
698
378
424
592
571
834
857
212
127
572
197
424
162
547
182
123
468
764
701
181
739
590
484
912
364
203
744
224
555
903
427
565
892
396
201
357
236
483
192
649
633
979
393
749
877
105
180
375
752
992
578
521
822
739
904
902
203
620
355
693
797
458
990
510
830
514
979
683
113
144
422
543
926
119
604
737
387
340
456
749
787
829
136
668
188
155
237
256
116
643
198
913
335
856
572
514
183
914
622
58
342
595
134
759
273
431
366
467
200
355
484
41
934
420
864
734
749
52
878
310
159
178
975
379
133
624
927
150
365
633
137
573
960
556
864
10
728
81
652
390
913
827
289
554
715
691
518
438
429
86
892
42
420
893
807
883
310
70
712
575
568
68
393
899
432
495
961
711
386
716
292
204
950
511
368
646
184
76
553
442
484
626
650
223
410
167
199
545
417
58
333
5
745
825
137
774
255
364
159
134
499
901
153
70
954
480
854
912
278
432
333
296
270
751
805
48
225
588
574
621
976
105
307
972
368
891
333
559
961
567
249
458
555
598
214
39
922
615
124
599
118
555
216
600
728
746
635
506
298
852
360
289
383
998
103
323
728
328
880
356
870
8
699
76
675
529
828
840
294
119
801
562
367
545
659
