100
42
36 1 7 16 18 8 38 26 24 22 6 42 27 30 28 20 40 4 5 11 37 25 17 10 14 23 3 41 35 12 29 13 9 21 39 19 2 15 32 33 34 31
27
15 8 20 17 10 16 21 13 26 23 5 14 4 22 19 6 3 2 24 7 27 9 1 25 12 11 18
8
4 8 7 5 1 6 2 3
28
20 26 22 12 16 6 2 23 5 27 1 15 7 8 17 21 9 13 18 4 19 14 11 10 25 3 28 24
15
14 4 6 7 5 2 11 1 9 3 15 10 13 12 8
39
20 39 2 25 1 5 14 32 31 23 16 33 34 10 37 4 36 18 9 22 3 7 8 38 12 35 30 29 19 13 11 6 17 15 24 27 26 21 28
3
1 3 2
2
1 2
50
41 36 13 20 22 25 30 18 9 32 46 4 15 49 48 29 21 14 11 12 33 7 24 10 43 16 45 44 28 2 35 17 8 34 31 26 3 27 23 40 37 42 5 47 50 38 19 6 39 1
47
18 33 5 31 39 43 12 21 3 37 2 44 6 10 32 35 40 4 47 8 15 29 30 13 9 25 38 1 22 17 46 41 20 11 27 42 36 24 45 28 34 14 19 23 7 26 16
29
14 21 7 24 23 15 18 4 26 11 27 1 12 29 13 10 3 2 16 9 17 6 22 28 5 20 25 8 19
14
8 3 2 9 7 14 5 10 1 13 11 6 4 12
49
18 42 4 5 37 29 27 44 43 24 46 34 38 22 15 39 2 40 48 6 17 36 28 23 30 35 26 8 41 21 33 9 1 3 25 47 12 14 7 19 11 49 45 32 16 10 20 13 31
50
18 4 33 40 37 39 34 49 44 45 9 7 1 32 25 30 26 10 41 24 50 47 2 31 42 3 17 46 5 15 43 12 11 16 29 27 36 13 38 20 48 6 21 35 23 8 14 22 28 19
43
24 37 34 38 41 9 12 39 42 3 11 4 25 19 23 28 33 27 16 10 18 8 2 21 5 15 29 17 13 14 7 20 40 31 36 22 30 26 32 1 6 35 43
26
8 1 5 24 12 2 20 16 3 14 17 7 6 10 21 23 26 4 15 11 9 25 22 19 13 18
50
35 31 20 12 38 43 7 48 37 45 1 6 32 39 14 25 42 30 19 36 16 5 13 33 4 26 28 50 41 23 29 21 24 49 8 17 34 40 10 44 9 46 27 18 47 15 11 2 3 22
25
25 7 12 13 4 11 9 20 16 10 1 18 15 23 14 24 17 6 2 19 8 3 22 21 5
16
7 6 2 3 9 11 12 4 1 14 13 8 5 15 10 16
24
23 20 16 6 15 5 24 14 4 8 11 17 10 13 21 9 12 18 1 3 7 2 22 19
24
5 23 2 18 22 10 1 6 9 21 12 24 4 20 14 13 19 11 8 17 16 7 3 15
32
29 25 18 14 24 10 7 30 9 11 27 13 6 31 26 20 2 1 3 8 16 4 28 12 23 19 17 21 15 22 32 5
14
12 14 13 6 5 9 3 7 8 4 2 10 11 1
38
15 32 29 19 30 18 11 4 28 13 35 17 2 14 24 16 3 31 12 36 9 1 37 5 27 7 33 34 10 26 20 25 6 21 8 23 38 22
10
7 1 8 9 5 3 4 6 2 10
27
8 3 23 16 14 19 6 26 24 18 9 25 12 10 4 5 1 13 21 15 7 17 27 11 2 22 20
24
6 21 3 20 22 14 18 19 23 7 10 8 4 1 13 17 12 11 15 24 5 9 2 16
48
17 18 26 27 42 31 32 5 8 16 33 7 29 2 25 1 34 23 48 20 19 43 36 13 38 47 14 40 44 22 12 45 10 41 6 37 4 3 35 28 11 30 46 24 39 21 9 15
35
8 19 9 22 33 18 35 30 20 3 13 10 21 25 2 34 26 17 32 1 27 11 6 15 16 31 7 23 24 29 14 28 4 12 5
9
3 2 6 7 5 4 9 8 1
47
19 16 5 42 24 1 2 21 31 46 9 39 10 43 32 11 7 47 17 26 33 34 12 40 29 22 13 15 18 25 36 44 37 41 28 35 4 8 14 38 6 45 23 27 20 30 3
49
46 45 9 26 29 1 11 19 25 39 27 2 43 6 33 10 41 17 8 44 38 40 31 32 5 22 34 37 16 21 47 48 28 3 12 15 14 13 4 24 23 49 20 7 18 35 36 42 30
50
4 3 22 11 16 28 47 7 36 32 23 44 13 50 15 24 1 33 42 20 19 38 40 5 30 25 21 26 18 41 6 17 35 27 46 2 9 29 45 48 31 39 10 14 12 43 34 37 49 8
3
2 1 3
18
18 2 14 10 11 3 6 15 9 12 7 8 16 4 5 17 13 1
14
14 10 7 13 8 1 5 4 9 6 11 12 3 2
42
14 36 3 39 27 40 5 22 18 9 13 29 11 21 41 23 32 8 26 25 2 38 35 34 24 33 42 10 28 37 19 7 17 30 4 6 31 16 1 15 12 20
33
25 10 13 16 21 4 2 29 17 1 5 24 30 18 22 28 7 14 11 9 26 6 31 15 32 8 12 20 3 33 19 27 23
50
39 22 37 42 23 14 9 50 7 4 30 36 45 11 27 26 46 25 38 8 2 20 18 6 33 41 13 47 28 24 19 34 48 29 15 21 5 17 35 32 16 43 31 40 12 3 10 1 49 44
17
3 12 9 13 7 17 16 8 10 6 11 15 5 2 14 4 1
32
10 12 28 16 5 20 31 11 3 23 26 18 17 8 27 24 4 2 25 21 22 9 32 7 14 29 13 15 1 30 6 19
36
2 20 12 21 18 25 16 34 8 32 11 29 28 1 5 15 24 9 36 13 31 3 30 35 4 17 19 6 23 26 33 27 10 14 7 22
11
6 2 8 7 1 11 3 10 4 5 9
8
4 1 5 2 6 7 8 3
38
38 16 27 18 34 11 20 37 19 12 26 5 24 4 1 17 14 25 23 3 2 7 30 21 28 8 36 32 15 9 31 10 6 22 29 33 35 13
48
24 3 48 2 9 13 45 23 19 26 21 27 33 15 32 31 14 25 20 29 12 8 36 34 6 4 11 40 44 39 35 18 10 38 46 1 41 43 30 17 22 47 7 28 5 42 16 37
49
35 15 12 3 10 18 44 32 6 48 40 29 26 38 9 22 20 30 36 42 2 19 23 41 5 14 25 34 16 8 4 7 49 39 17 1 45 47 37 21 24 28 13 27 46 43 33 11 31
11
8 2 5 1 7 6 10 3 11 9 4
48
9 47 6 10 45 21 5 40 29 27 7 13 37 38 35 30 14 28 4 48 44 17 33 22 11 15 16 26 41 18 34 31 19 39 20 12 25 1 42 32 36 3 24 2 23 46 8 43
29
1 4 5 2 17 21 27 10 14 11 24 7 29 18 25 15 19 20 9 6 22 26 8 28 12 13 16 3 23
7
7 4 3 1 6 5 2
43
18 41 3 33 22 43 23 4 13 27 9 40 5 17 29 26 20 14 30 11 37 12 31 35 21 36 7 10 42 19 15 38 24 1 28 8 2 34 39 6 25 16 32
39
4 5 6 26 32 7 24 30 29 35 36 13 10 12 9 17 18 15 27 19 38 8 34 21 28 31 1 23 37 20 22 16 25 2 14 39 11 33 3
25
6 12 18 19 13 16 17 20 24 15 8 3 11 21 25 1 7 9 2 10 4 14 23 22 5
24
3 19 17 11 14 1 10 4 5 16 9 23 18 24 8 20 22 15 12 6 21 2 7 13
15
12 13 14 6 8 7 15 4 11 2 10 1 5 9 3
11
9 1 6 4 10 11 7 5 8 3 2
20
13 18 9 12 19 1 5 6 15 16 3 7 2 17 11 8 10 4 20 14
11
3 2 8 10 5 9 4 11 1 6 7
45
6 10 31 30 45 2 19 39 3 40 38 17 35 36 32 13 24 34 41 29 1 33 18 43 23 11 25 28 44 37 21 9 20 15 5 14 22 4 12 26 8 42 27 7 16
29
3 14 7 9 16 4 6 17 28 29 11 18 20 15 21 26 2 1 22 5 23 10 13 8 24 12 27 25 19
5
2 1 5 3 4
24
8 17 14 12 20 19 6 24 21 10 7 11 2 23 3 5 15 16 18 13 1 22 4 9
32
7 9 28 27 8 1 30 20 2 12 6 25 18 11 32 17 10 31 29 5 14 4 22 26 15 3 13 19 21 16 23 24
23
14 20 4 16 6 8 11 21 3 15 1 22 2 17 12 13 18 10 7 19 23 9 5
21
14 9 7 17 16 11 20 1 6 10 4 19 21 3 5 8 2 12 13 18 15
9
7 1 3 9 2 5 8 4 6
7
7 6 1 3 5 2 4
20
13 11 2 17 9 16 12 19 1 18 14 8 4 20 7 15 3 5 10 6
12
2 3 5 6 8 12 1 10 9 7 4 11
16
4 9 12 7 6 10 2 11 16 13 1 5 14 3 15 8
24
2 23 20 8 22 19 3 15 7 14 18 17 10 9 24 12 11 21 1 13 4 6 16 5
27
27 6 20 23 11 17 3 25 19 14 5 7 21 22 2 13 4 16 24 9 15 12 10 1 18 8 26
50
22 12 27 38 34 47 15 26 8 42 9 35 14 40 7 30 44 21 5 28 46 13 39 23 3 33 49 45 32 2 17 1 18 10 31 25 36 11 16 43 6 37 50 4 29 20 48 24 41 19
12
4 12 2 8 9 11 3 5 7 6 10 1
4
2 1 3 4
36
21 34 12 17 29 24 9 14 4 15 6 28 36 32 8 27 3 31 5 1 20 25 2 23 10 19 16 7 35 30 22 18 26 11 13 33
30
16 18 27 22 10 23 26 28 2 5 14 20 12 30 24 21 8 7 29 4 15 19 9 3 6 17 1 25 11 13
43
17 16 26 43 11 34 31 7 29 35 28 21 32 38 20 8 10 12 30 25 39 22 18 15 5 23 41 36 4 42 1 40 33 19 14 13 2 3 6 9 24 27 37
31
27 11 29 14 12 21 10 26 5 7 18 24 8 9 16 2 3 6 23 15 4 17 28 30 25 22 19 20 13 1 31
26
23 21 9 4 6 19 22 10 17 20 2 1 11 14 5 8 15 13 18 12 7 3 25 26 16 24
2
1 2
46
37 18 36 12 26 15 19 40 44 3 16 23 39 43 7 11 45 9 28 35 2 42 30 31 5 24 34 10 27 20 46 33 32 38 13 6 8 1 17 25 21 29 4 22 41 14
45
5 14 35 7 20 11 6 28 13 37 29 34 16 9 17 22 24 19 25 41 39 43 18 4 45 36 38 8 10 23 44 26 42 31 21 12 27 3 30 2 1 32 15 33 40
34
25 34 19 27 17 11 14 5 33 20 9 32 12 7 28 8 3 23 24 30 4 10 26 13 18 2 15 31 1 6 21 29 22 16
21
11 6 7 5 9 18 19 3 4 16 14 10 15 2 12 17 20 1 21 8 13
23
17 20 23 21 12 4 2 3 7 14 13 9 18 8 15 10 22 16 6 1 11 19 5
36
32 12 33 27 7 22 6 13 34 20 11 35 21 36 26 2 23 9 30 1 5 3 18 24 15 19 28 4 8 14 29 16 25 10 31 17
28
2 22 25 13 20 19 28 21 7 5 16 27 12 18 23 24 15 6 9 1 3 14 17 8 11 4 10 26
23
12 1 14 13 16 3 5 17 9 6 15 7 2 21 18 11 8 23 10 20 19 4 22
43
15 3 23 1 17 25 22 9 33 19 8 39 32 29 40 16 6 7 26 20 27 36 38 42 43 37 2 24 14 30 41 10 34 18 35 21 4 5 13 11 31 12 28
43
22 34 7 28 24 2 4 5 19 35 1 13 25 43 17 27 15 20 32 36 29 12 9 23 21 42 10 14 18 26 33 31 30 37 6 16 38 11 41 3 8 40 39
39
20 23 36 15 31 4 35 34 2 30 29 14 39 22 16 17 38 5 24 3 27 21 8 18 32 19 25 13 6 12 33 11 7 9 28 37 10 1 26
11
3 11 9 5 7 1 8 2 6 4 10
21
8 17 20 4 12 11 21 15 7 5 19 16 3 10 13 18 14 9 1 6 2
4
1 3 4 2
19
1 3 14 13 15 11 19 17 16 4 10 2 18 6 9 5 7 8 12
37
26 1 33 9 36 20 6 35 18 2 29 7 22 5 25 19 32 11 14 4 23 31 12 8 3 28 10 21 37 15 30 27 16 24 34 13 17
42
28 27 12 42 31 18 6 24 37 17 16 5 3 22 35 8 34 33 7 13 11 32 1 36 20 21 40 9 25 39 30 2 23 38 15 4 19 29 26 41 14 10
37
36 11 32 18 8 7 15 13 2 1 19 33 23 34 20 5 27 26 35 31 28 37 9 10 12 3 16 17 29 30 4 14 22 25 6 24 21
