14
5
0 0
0 100
100 200
200 400
300 300
4
1 5
1 4
2 3
3 2
9
7 25
22 26
16 28
15 8
26 12
19 27
15 2
0 6
2 10
7
2 0
1 3
11 10
7 0
8 11
10 6
0 4
5
0 0
1222 2
3 2
4 2
7 1
25
13 48
21 44
45 42
18 18
41 33
39 22
48 16
15 27
7 45
6 24
44 5
12 31
17 10
30 35
41 13
23 0
8 34
47 17
44 44
39 25
6 25
37 27
4 31
39 5
0 1
45
6 19
38 39
10 11
32 1
30 24
35 19
37 28
27 40
21 35
39 30
45 27
33 40
10 10
7 32
30 44
20 30
28 17
19 3
6 7
12 10
18 26
19 30
37 39
30 23
0 44
24 3
25 26
21 8
26 16
13 19
24 26
35 12
34 33
0 23
30 49
37 12
14 44
14 25
24 20
20 37
33 19
2 42
25 28
31 31
18 32
9
16 36
26 25
16 46
44 10
35 15
36 30
42 29
19 15
38 10
40
45 3
16 44
17 28
21 16
32 32
13 6
23 8
16 0
2 31
47 39
29 19
48 26
41 6
20 27
29 27
39 22
18 21
29 5
16 25
37 34
41 1
31 47
12 3
24 11
27 12
8 33
2 18
28 0
47 18
13 42
34 48
44 22
3 27
12 38
48 8
11 3
46 46
4 39
28 3
21 3
44
45 15
35 3
0 40
17 8
2 36
22 28
14 36
30 32
32 45
13 39
1 10
49 8
37 24
16 29
24 0
21 44
4 6
26 38
20 29
16 6
37 20
15 8
33 24
27 27
46 42
43 1
35 46
38 5
11 13
14 23
40 46
0 28
9 39
23 1
31 8
47 11
46 7
23 9
2 5
37 10
20 23
13 2
17 5
27 26
22
44 41
36 15
32 49
49 16
49 28
26 33
28 3
26 7
44 15
25 47
3 26
32 47
13 40
24 1
34 24
3 7
26 20
3 30
41 35
35 43
11 39
38 42
34
17 13
8 26
21 30
35 31
31 2
22 12
41 10
49 23
41 42
3 24
36 35
30 44
11 17
39 41
13 24
26 6
5 45
12 10
17 7
7 1
46 44
36 32
28 49
38 23
47 46
15 33
38 21
22 18
26 46
0 37
3 47
8 2
17 38
18 19
10
47 34
17 5
10 9
26 30
48 42
33 29
48 36
27 47
11 15
0 47
45
9 42
42 24
31 3
3 41
49 34
40 43
24 28
38 15
16 32
24 8
22 5
29 5
37 12
7 32
36 41
15 10
14 20
46 17
22 48
36 36
41 8
46 11
39 27
28 15
48 13
33 42
43 31
22 43
42 14
21 44
10 9
9 23
19 17
36 4
34 25
45 47
49 9
18 23
35 36
26 39
18 11
15 23
39 30
20 49
24 19
