40
1
1
40
1
18
40
1
35
40
14
1
40
14
18
40
14
35
40
27
1
40
27
18
40
27
35
49
1
1
49
1
18
49
1
35
49
14
1
49
14
18
49
14
35
49
27
1
49
27
18
49
27
35
49
40
1
49
40
18
49
40
35
58
1
1
58
1
18
58
1
35
58
1
52
58
14
1
58
14
18
58
14
35
58
14
52
58
27
1
58
27
18
58
27
35
58
27
52
58
40
1
58
40
18
58
40
35
58
40
52
58
53
1
58
53
18
58
53
35
58
53
52
67
1
1
67
1
18
67
1
35
67
1
52
67
14
1
67
14
18
67
14
35
67
14
52
67
27
1
67
27
18
67
27
35
67
27
52
67
40
1
67
40
18
67
40
35
67
40
52
67
53
1
67
53
18
67
53
35
67
53
52
67
66
1
67
66
18
67
66
35
67
66
52
76
1
1
76
1
18
76
1
35
76
1
52
76
1
69
76
14
1
76
14
18
76
14
35
76
14
52
76
14
69
76
27
1
76
27
18
76
27
35
76
27
52
76
27
69
76
40
1
76
40
18
76
40
35
76
40
52
76
40
69
76
53
1
76
53
18
76
53
35
76
53
52
76
53
69
76
66
1
76
66
18
76
66
35
76
66
52
76
66
69
85
1
1
85
1
18
85
1
35
85
1
52
85
1
69
85
14
1
85
14
18
85
14
35
85
14
52
85
14
69
85
27
1
85
27
18
85
27
35
85
27
52
85
27
69
85
40
1
85
40
18
85
40
35
85
40
52
85
40
69
85
53
1
85
53
18
85
53
35
85
53
52
85
53
69
85
66
1
85
66
18
85
66
35
85
66
52
85
66
69
85
79
1
85
79
18
85
79
35
85
79
52
85
79
69
94
1
1
94
1
18
94
1
35
94
1
52
94
1
69
94
1
86
94
14
1
94
14
18
94
14
35
94
14
52
94
14
69
94
14
86
94
27
1
94
27
18
94
27
35
94
27
52
94
27
69
94
27
86
94
40
1
94
40
18
94
40
35
94
40
52
94
40
69
94
40
86
94
53
1
94
53
18
94
53
35
94
53
52
94
53
69
94
53
86
94
66
1
94
66
18
94
66
35
94
66
52
94
66
69
94
66
86
94
79
1
94
79
18
94
79
35
94
79
52
94
79
69
94
79
86
94
92
1
94
92
18
94
92
35
94
92
52
94
92
69
94
92
86
103
1
1
103
1
18
103
1
35
103
1
52
103
1
69
103
1
86
103
14
1
103
14
18
103
14
35
103
14
52
103
14
69
103
14
86
103
27
1
103
27
18
103
27
35
103
27
52
103
27
69
103
27
86
103
40
1
103
40
18
103
40
35
103
40
52
103
40
69
103
40
86
103
53
1
103
53
18
103
53
35
103
53
52
103
53
69
103
53
86
103
66
1
103
66
18
103
66
35
103
66
52
103
66
69
103
66
86
103
79
1
103
79
18
103
79
35
103
79
52
103
79
69
103
79
86
103
92
1
103
92
18
103
92
35
103
92
52
103
92
69
103
92
86
