38
21
35
25
18
35
27
27
35
47
30
35
34
18
35
27
27
35
40
40
40
56
39
35
52
43
26
35
52
30
27
35
52
40
40
40
52
53
53
53
53
65
48
35
52
52
35
35
52
39
27
35
52
40
40
40
52
53
53
53
53
66
66
66
66
74
57
40
52
69
61
44
35
52
69
48
31
35
52
69
40
40
40
52
69
53
53
53
53
69
66
66
66
66
69
83
66
49
52
69
70
53
36
52
69
57
40
35
52
69
44
40
40
52
69
53
53
53
53
69
66
66
66
66
69
79
79
79
79
79
92
75
58
52
69
86
79
62
45
52
69
86
66
49
35
52
69
86
53
40
40
52
69
86
53
53
53
53
69
86
66
66
66
66
69
86
79
79
79
79
79
86
92
92
92
92
92
92
101
84
67
52
69
86
88
71
54
52
69
86
75
58
41
52
69
86
62
45
40
52
69
86
53
53
53
53
69
86
66
66
66
66
69
86
79
79
79
79
79
86
92
92
92
92
92
92
