792
2856
2
48
9
1944
1
4
312
2
168
15
12320
168
98
4480
105
4
9576
112
168
122880
65
78
75
4
384
40320
1
1296
185794560
3
29160
119
9
288
119
22
209440
288
120
2
3
40
627
4
128
120
8
120
1
2856
2
72
585
65
8
52
405
720
30240
84
58240
45
1
24
40320
2
224
3
3
40
510
312
524880
28
39
3465
34459425
33
1
60
1680
504
56
190
98
7
4
9
9
91
440
2
153
8
121645100408832000
36
627
384
280
1296
360
2
24
3
2027025
48
5
1
1140
15000
1
5
21
2
288
640
48
4
6
33
312
36
8
792
750
3628800
171
40320
2
20922789888000
3715891200
360
524880
60
960
4
36
8
4
6
20922789888000
2856
46080
1
1
12320
122880
87178291200
6
65835
65835
1
30
654729075
1307674368000
6
1296
2
5
87178291200
39
2
44
405
1
28
4
3
3
1
39
6
1
135135
1729
2
1106560
162
8
1
2
22
40
720
12
27
312
8
4
8
40
8
112
5
55
8
4
10
3
1729
3
2
5
360
5
720
56
1680
18
3
4
171
72
585
12320
8
4
2
6
1
312
30240
1
18
4
2
5
10
5
9
1056
10321920
15
1
5
7
3
4
362880
7
120
6
2
112
3840
2856
3
121645100408832000
880
122880
720
162
3715891200
36
29160
4
171
2
65835
153
12
21
78
153
39916800
4
1296
5
4
128
750
8
1
1106560
4
66
1056
5
4
3
750
2
2856
3715891200
24
280
3
4
120
627
2
1307674368000
935
224
128
3
80
2
