17
24
31
38
45
52
59
66
73
80
87
94
101
108
115
122
129
136
143
150
157
164
171
178
185
192
199
206
213
220
227
234
241
248
255
262
269
276
283
290
297
304
311
318
325
332
339
346
353
360
367
374
381
388
395
402
409
416
423
430
437
444
451
458
465
472
479
486
493
500
507
514
521
528
535
542
549
556
563
570
577
584
591
598
605
612
619
626
633
640
647
654
661
668
675
682
689
696
703
710
717
724
731
738
745
752
759
766
773
780
787
794
801
808
815
822
829
836
843
850
857
864
871
878
885
892
899
906
913
920
927
934
941
948
955
962
969
976
983
990
997
1004
1011
1018
1025
1032
1039
1046
1053
1060
1067
1074
1081
1088
1095
1102
1109
1116
1123
1130
1137
1144
1151
1158
1165
1172
1179
1186
1193
1200
1207
1214
1221
1228
1235
2469
3703
4937
6171
7405
8639
9873
11107
12341
13575
14809
16043
17277
18511
19745
20979
22213
23447
24681
25915
27149
28383
29617
30851
32085
33319
34553
35787
37021
38255
39489
40723
41957
43191
44425
45659
46893
48127
49361
50595
51829
53063
54297
55531
56765
57999
59233
60467
61701
62935
64169
65403
66637
67871
69105
70339
71573
72807
74041
75275
76509
77743
78977
80211
81445
82679
83913
85147
86381
87615
88849
90083
91317
92551
93785
95019
96253
97487
98721
99955
101189
102423
103657
104891
106125
107359
108593
109827
111061
112295
113529
114763
115997
117231
118465
119699
120933
122167
123401
124635
125869
127103
128337
129571
130805
132039
133273
134507
135741
136975
138209
139443
140677
141911
143145
144379
145613
146847
148081
149315
150549
151783
153017
154251
155485
156719
157953
159187
160421
161655
162889
164123
165357
166591
167825
169059
170293
171527
172761
173995
175229
176463
177697
178931
180165
181399
182633
183867
185101
186335
187569
188803
190037
191271
192505
193739
194973
196207
197441
198675
199909
201143
202377
203611
204845
206079
207313
208547
209781
211015
212249
213483
214717
215951
217185
218419
219653
220887
222121
223355
224589
225823
227057
228291
229525
230759
231993
233227
234461
235695
236929
238163
239397
240631
241865
243099
244333
245567
246801
248035
249269
250503
251737
252971
254205
255439
256673
257907
259141
260375
261609
262843
264077
265311
266545
267779
269013
270247
271481
272715
273949
275183
276417
277651
278885
280119
281353
282587
283821
285055
286289
287523
288757
289991
291225
292459
293693
294927
296161
297395
298629
299863
301097
302331
303565
304799
306033
307267
308501
309735
310969
312203
313437
314671
315905
317139
318373
319607
320841
322075
323309
324543
325777
327011
328245
329479
330713
331947
333181
334415
335649
336883
338117
339351
340585
341819
343053
344287
345521
346755
347989
349223
350457
351691
352925
354159
355393
356627
357861
359095
360329
361563
362797
364031
365265
366499
367733
368967
370201
371435
372669
373903
375137
376371
377605
378839
380073
381307
382541
383775
385009
386243
387477
388711
389945
391179
392413
393647
394881
396115
397349
398583
399817
401051
402285
403519
404753
405987
407221
408455
409689
410923
412157
413391
414625
415859
417093
418327
419561
420795
422029
423263
424497
425731
426965
428199
429433
430667
431901
433135
434369
435603
436837
438071
439305
440539
441773
443007
444241
445475
446709
447943
449177
450411
451645
452879
454113
455347
456581
457815
459049
460283
461517
462751
463985
465219
466453
467687
468921
470155
471389
472623
473857
475091
476325
477559
478793
480027
481261
482495
483729
484963
486197
487431
488665
489899
491133
492367
493601
494835
496069
497303
498537
499771
501005
502239
503473
504707
505941
507175
508409
509643
510877
512111
513345
514579
515813
517047
518281
519515
520749
521983
523217
524451
525685
526919
528153
529387
530621
531855
533089
534323
535557
536791
538025
539259
540493
541727
542961
544195
545429
546663
547897
549131
550365
551599
552833
554067
555301
556535
557769
559003
560237
561471
562705
563939
565173
566407
567641
568875
570109
571343
572577
573811
575045
576279
577513
578747
579981
581215
582449
583683
584917
586151
587385
588619
589853
591087
592321
593555
594789
596023
597257
598491
599725
600959
602193
603427
604661
605895
607129
608363
609597
610831
612065
613299
614533
615767
617001
618235
619469
620703
621937
623171
624405
625639
626873
628107
629341
630575
631809
633043
634277
635511
636745
637979
639213
640447
641681
642915
644149
645383
646617
647851
649085
650319
651553
652787
654021
655255
656489
657723
658957
660191
661425
662659
663893
665127
666361
667595
668829
670063
671297
672531
673765
674999
676233
677467
678701
679935
681169
682403
683637
684871
686105
687339
688573
689807
691041
692275
693509
694743
695977
697211
698445
699679
700913
702147
703381
704615
705849
707083
708317
709551
710785
712019
713253
714487
715721
716955
718189
719423
720657
721891
723125
724359
725593
726827
728061
729295
730529
731763
732997
734231
735465
736699
737933
739167
740401
741635
742869
744103
745337
746571
747805
749039
750273
751507
752741
753975
755209
756443
757677
758911
760145
761379
762613
763847
765081
766315
767549
768783
770017
771251
772485
773719
774953
776187
777421
778655
779889
781123
782357
783591
784825
786059
787293
788527
789761
790995
792229
793463
794697
795931
797165
798399
799633
800867
802101
803335
804569
805803
807037
808271
809505
810739
811973
813207
814441
815675
816909
818143
819377
820611
821845
823079
824313
825547
826781
828015
829249
830483
831717
832951
834185
835419
836653
837887
839121
840355
841589
842823
844057
845291
846525
847759
848993
850227
851461
852695
853929
855163
856397
857631
858865
860099
861333
862567
863801
865035
866269
867503
868737
869971
871205
872439
873673
874907
876141
877375
878609
879843
881077
882311
883545
884779
886013
887247
888481
889715
890949
892183
893417
894651
895885
897119
898353
899587
900821
902055
903289
904523
905757
906991
908225
909459
910693
911927
913161
914395
915629
916863
918097
919331
920565
921799
923033
924267
925501
926735
927969
929203
930437
931671
932905
934139
935373
936607
937841
939075
940309
941543
942777
944011
945245
946479
947713
948947
950181
951415
952649
953883
955117
956351
957585
958819
960053
961287
962521
963755
964989
966223
967457
968691
969925
971159
972393
973627
974861
976095
977329
978563
979797
981031
982265
983499
984733
985967
987201
988435
989669
990903
992137
993371
994605
995839
997073
998307
999541
1000000000
