111 37
1 10
100 30
3 14
20 70
9 17
1000 1
1000 1000
12 54
10 4
32 75
3 2
66 40
1 2
31 82
10 9
73 59
5 3
100 15
5 1
59 88
7 10
43 97
5 4
76 29
9 8
94 69
8 8
99 88
6 1
14 52
9 7
27 29
3 10
19 78
5 10
51 40
2 9
15 6
5 7
49 24
6 4
85 56
5 1
66 19
6 8
93 63
1 5
27 72
3 10
71 78
8 4
81 13
9 1
56 2
3 5
36 86
4 5
2 54
4 10
86 95
3 3
67 81
9 7
39 55
9 9
62 37
1 7
60 72
4 5
30 87
5 1
75 89
6 2
26 30
2 2
83 93
8 10
98 72
9 9
34 23
1 8
98 27
4 10
4 59
4 2
29 81
4 9
100 18
6 2
42 71
6 8
88 86
10 7
66 89
7 2
96 40
5 9
64 50
4 7
86 99
9 3
100 43
6 8
23 78
1 7
24 46
1 2
10 52
9 3
100 33
7 8
37 73
4 10
52 98
6 4
12 1
8 5
40 51
3 7
11 72
10 2
57 15
9 8
31 41
7 1
29 35
7 4
58 30
5 10
100 76
7 4
6 86
3 8
90 69
5 8
51 45
2 2
33 97
5 8
93 45
8 9
35 50
3 9
45 2
5 3
16 44
4 8
67 69
4 5
1 46
2 3
79 42
3 3
96 68
5 7
84 66
7 4
88 72
4 5
99 85
3 4
46 57
1 6
76 51
4 6
3 27
2 8
34 50
10 7
43 44
2 7
62 29
6 1
18 16
1 3
5 85
2 1
50 21
3 5
33 65
4 2
7 60
7 5
86 89
5 3
56 68
5 8
88 34
6 9
13 18
10 3
51 45
5 7
95 21
9 2
28 31
3 2
52 72
9 7
68 86
5 8
13 88
7 7
49 52
2 7
14 52
10 6
