82965
92548
67313
66209
4410
80047
6114
18361
13940
93743
14392
4183
94433
648
6565
60199
21211
63286
95458
47856
77077
63521
60017
22520
42098
15630
42622
17582
24003
371
16540
103190
30163
65738
36754
33662
9751
106871
57846
44260
45772
968
59185
79431
11788
11540
3077
108817
69468
3629
14861
125478
194
2616
23003
11324
10236
15387
69535
57945
7876
117247
5207
39140
8132
68687
82694
107240
3578
146182
26700
231
19742
40156
17396
23773
36186
9628
4124
3280
90472
87172
99946
1450
48231
1988
80381
46995
24205
14326
14059
47095
152347
11592
29002
49178
99510
20765
44591
31615
69368
9974
31628
77085
12302
88484
32297
33346
18373
34308
15079
49971
49733
30232
38301
54639
59765
53059
8760
463
53759
45117
39953
4030
3823
49375
40636
34220
45438
34779
18781
79121
20257
111969
49139
8747
7800
13619
22379
76569
6975
57693
28386
37938
46588
23389
31851
52047
36923
21652
19679
111857
7874
100018
1274
1055
36163
10754
15188
59911
464
12488
42929
34672
47618
10585
3638
36145
54872
33055
2207
32808
4046
15835
7776
2518
46967
127062
34990
20215
63790
16624
9921
102011
20601
109596
35150
7820
15340
18264
27593
84434
38072
13627
52726
42016
48742
19894
56788
15153
1341
254
36
147328
24266
4212
747
23455
5870
2468
5764
48112
313
11216
11645
104046
74385
64908
69811
8153
117527
108089
69097
4661
103626
124255
48194
48636
74075
30202
85779
21069
125653
26
98656
9284
132847
32464
11164
85696
41116
11300
63441
13647
89497
56739
20711
31694
52758
36412
15180
9860
10614
10062
54539
78019
49639
22887
18121
6751
35905
36186
490
33032
76648
5781
80492
14771
27668
50527
15976
1917
139043
76875
1951
11465
38643
42455
30657
58048
122604
32581
130361
57801
88980
79343
8626
3681
90277
12971
1070
36783
52002
22234
49477
100173
46817
5807
17478
201
3249
27366
6773
24384
4049
31576
1601
10042
10789
4648
19686
2178
16558
9482
29124
136769
70924
80681
100777
39559
70284
36209
140922
44470
1066
4801
5286
70553
4134
19444
72681
18600
19667
19142
93860
125452
546
35348
18398
29846
8000
1558
110110
35163
93847
26163
18843
2718
50502
1490
87131
43066
44717
84001
38363
19184
63539
58110
30668
61408
84230
24850
27190
3102
135906
82608
45075
25724
14030
1039
10252
21999
1425
2484
96826
57112
2946
2197
66613
35596
41447
230
18349
47031
29072
55620
24924
47757
144866
2177
26632
12281
30006
5954
67369
27112
71789
19672
6030
12902
6412
58432
469
9622
1712
122543
35040
3218
19385
7414
45139
62518
70201
9013
54197
2894
12606
146
40119
47375
4041
2180
33148
62883
8974
36054
66054
109977
87604
14615
19392
126702
44784
22064
28642
34508
21660
27552
3954
16424
8560
63344
36214
29576
30332
23584
35392
103088
25678
52761
146777
11150
101221
32532
51661
14972
51867
136169
34550
52475
1338
834
94885
25002
54066
95948
31560
10744
7688
58078
62304
43792
10478
130687
50596
81879
13243
87906
24053
10096
87667
98129
137687
28944
32942
81547
158769
9314
91858
2320
34390
119323
93385
25903
51486
56730
3604
31601
64363
108476
125210
16378
64217
61983
26681
69766
41767
26248
14578
24598
154443
5340
19783
19606
48548
29616
35736
29133
3292
9154
20858
63062
37817
33253
1241
41565
25108
2555
24269
6016
59451
144991
2764
55113
50261
31775
25682
49555
4785
46504
36232
36045
27731
37479
51795
27875
21064
6824
2703
47912
1552
25350
20121
1187
14248
9427
32514
106367
171
35738
123962
14813
59500
11366
136073
123395
12126
82196
22092
151912
4023
2966
43077
58133
1917
31891
39179
38082
16493
39562
95163
58546
35425
1121
53919
4511
54120
3259
28992
4863
30094
12481
6741
56642
85153
62352
75928
14585
19607
110752
2765
10773
1526
66601
48903
14964
78880
28463
3204
1645
35429
107004
30129
40026
22194
83081
52164
76529
61557
32420
10634
57903
506
17241
2549
34173
76397
5575
6003
12984
70891
60317
97875
20415
44517
9515
7448
57634
75882
70515
9405
75136
59529
14305
77815
20222
1885
4202
50915
13260
44994
107139
52861
20192
16404
19688
37366
45570
26206
133994
7510
53725
7011
5657
74662
12445
1604
17577
40877
9086
12189
32968
2645
23215
40951
24592
63503
7309
89621
54849
131606
48023
9021
10394
2394
85410
20626
94740
1002
63389
160776
5454
125526
50720
7100
11005
969
54365
55130
30400
33566
46349
16357
3706
11040
10636
53204
24711
7963
88611
37384
51851
46538
17896
57595
49559
96012
42517
12317
8069
34195
33136
84537
67315
44288
24862
86262
31937
93112
41039
47237
25013
16609
41161
13001
17019
181
73377
2596
43635
13675
58139
51531
36895
41920
55070
78603
73150
137352
119228
6029
26577
5060
2453
65411
19305
18897
43818
72250
7447
45531
6420
10194
76460
22395
3587
23792
133286
47154
36659
13478
34174
54255
50063
66378
40459
12870
19747
31104
51456
2368
54730
113359
690
112240
70111
56184
161091
37054
55972
85382
8798
12540
41104
103862
247
51598
22977
3239
16397
30737
73636
10801
4558
6501
50106
134327
6233
98788
49912
119929
2722
10840
21510
44030
51931
4726
41278
114480
93645
402
8778
89453
5132
4736
90566
115419
109001
4473
18643
29431
4568
78197
17550
24678
5550
8589
61975
111972
28496
139132
85529
94191
24630
107810
141654
5419
5707
14691
28524
32627
41666
11861
33440
123116
8491
29462
31601
30019
59098
49664
8209
35283
58378
26604
101015
38519
2800
81177
20263
23747
3604
70669
76602
16867
3581
55528
38784
6523
125056
51502
423
17078
29556
1240
5152
122867
78199
11183
225
6666
135
13839
73984
48208
92081
49349
30218
61316
6192
118960
36411
28625
11876
39940
11888
68638
44373
32143
83924
81918
28935
50001
6308
68452
53749
37276
71409
32897
42720
59037
8772
66291
55557
9412
20196
70829
63905
17206
37049
25152
53371
5825
29931
41128
1657
17533
184
84160
18239
59665
7595
10694
5305
44557
17899
67458
84820
102991
69036
17486
6482
118914
19250
31688
134357
24440
13969
69464
51876
11276
25041
25465
13980
142211
23057
71914
4219
57744
96396
6136
159
42931
116553
441
10266
27355
5637
10309
56897
25937
8558
23824
3177
38816
15067
95126
91743
70099
1403
119765
24242
25169
62663
46943
14937
26267
2580
154911
5713
