28
5 56966 5.0 3.5
65622 65257 8.0 6.5
90000 120000 5.5 3.5
56700 72000 5.2 3.0
123 2000 3.0 2.0
100000 110000 1.5 0.5
62422 484317 3.1 1.0
5 569660 5.0 3.5
6522 65257 8.0 6.5
90000 110000 5.5 3.5
56700 73000 5.2 3.0
123 2000 3.0 2.0
100000 132000 1.5 0.5
62422 494317 3.1 1.0
999999 1000000 3.1 1.0
0 1000000 4.1 1.0
0 1000000 3.1 1.0
0 1000000 3.1 1.0
0 1000000 3.1 1.0
0 1000000 3.1 1.0
0 1000000 7.1 1.0
0 1000000 3.1 1.0
0 1000000 3.1 1.0
0 1000000 16.1 1.0
0 1000000 3.1 1.0
0 1000000 3.1 1.0
0 1000000 3.1 1.0
0 1000000 124.1 1.0
