23
10
65 31 37 37 72 76 61 35 57 37
12
45 186 185 55 51 51 22 78 64 26 49 21
10
20 93 203 67 64 225 112 81 58 180
8
169 189 220 228 68 32 214 180
6
133 55 67 166 112 41
4
39 38 120 55
269
189 104 181 211 89 158 38 43 223 22 102 57 41 127 149 143 182 143 146 107 55 32 193 23 58 23 136 203 128 122 206 141 87 69 104 148 198 120 166 188 207 206 205 210 119 117 195 59 183 117 146 27 159 214 92 194 96 109 24 79 205 99 161 83 205 229 31 218 156 55 26 151 68 41 179 110 58 29 164 127 162 45 160 20 40 75 45 44 24 116 101 192 179 171 210 207 215 168 196 220 119 107 73 70 104 92 176 72 101 52 97 79 61 63 228 162 219 90 104 71 85 96 137 230 199 65 191 88 29 72 193 230 37 158 67 201 220 138 150 68 186 187 145 169 157 139 119 177 67 58 132 118 83 168 210 52 41 93 101 169 60 66 145 185 61 140 110 228 34 173 184 77 219 83 214 45 177 115 156 54 97 20 224 200 152 40 76 68 219 221 37 116 181 112 89 130 166 100 110 149 57 101 28 218 136 112 201 215 114 83 191 61 91 193 138 152 101 76 95 132 30 37 158 143 156 195 135 129 22 97 137 104 208 27 90 131 172 220 54 187 194 180 95 115 207 121 87 193 186 53 62 108 162 81 192 137 150 200 80 42 186 91 124 45 150 149 117 92 81
181
80 74 218 119 113 107 24 206 213 193 213 129 223 119 127 52 111 202 147 126 146 225 58 88 82 198 217 132 156 102 127 72 168 105 162 97 224 170 43 134 197 64 132 93 109 114 216 211 182 191 68 221 169 120 222 78 50 131 202 176 153 223 182 21 174 120 47 131 81 101 196 96 102 104 149 56 109 144 68 62 216 48 21 148 63 34 125 171 140 112 37 51 22 80 168 168 230 203 113 64 150 213 88 198 223 99 204 78 23 116 123 117 51 55 49 25 91 84 137 217 69 116 32 120 218 34 57 82 127 34 111 181 203 154 161 47 149 70 168 212 191 214 23 228 156 118 36 101 172 190 189 182 195 152 202 92 173 135 221 214 47 204 56 37 182 188 53 30 152 127 30 57 185 193 95 105 141 205 32 87 122
271
45 203 55 73 32 63 124 136 145 129 175 75 191 138 194 33 180 111 151 122 63 230 37 186 122 45 223 146 39 167 34 143 64 211 228 57 92 212 27 114 77 29 77 115 171 174 27 133 202 178 135 192 73 134 144 102 206 61 115 49 112 222 37 228 114 196 37 90 88 76 216 157 202 84 215 105 62 185 102 220 100 63 61 141 30 70 38 206 136 193 95 201 215 222 121 56 68 141 113 189 228 107 210 36 106 104 108 25 201 173 91 184 140 74 109 173 93 114 105 145 135 25 25 170 221 80 100 71 182 78 230 109 69 157 216 70 73 218 177 88 24 132 227 135 138 33 168 101 159 141 113 65 206 76 138 108 162 175 54 105 170 24 184 181 100 85 106 77 73 228 58 69 168 142 219 82 226 186 98 178 44 29 115 52 213 219 178 84 62 227 124 60 229 88 222 24 156 210 56 70 143 92 162 129 205 142 133 34 230 85 82 71 133 166 62 100 86 157 128 194 30 123 213 163 144 145 196 85 226 131 184 133 186 88 43 129 169 64 89 42 40 39 90 103 158 106 108 37 61 91 222 203 215 59 61 48 171 194 222 170 166 38 147 182 45 141 82 204 132 113 82
105
77 78 48 179 28 181 37 104 32 156 196 188 165 21 195 104 154 70 90 149 74 217 187 200 41 172 136 213 144 40 216 183 153 96 91 113 29 27 156 148 54 104 156 191 151 146 226 123 185 94 178 151 123 52 119 92 202 153 166 164 72 35 109 112 208 134 185 52 113 40 23 166 166 205 189 132 167 59 145 80 117 103 189 46 153 192 202 43 56 127 70 136 48 91 58 106 49 175 68 125 221 142 230 189 60
18
93 35 110 50 104 90 171 218 213 121 100 177 210 68 194 160 142 53
237
106 108 124 60 97 156 67 173 175 217 168 21 63 69 172 159 50 222 168 185 50 210 32 178 150 72 174 224 155 176 75 42 140 89 164 177 119 105 166 137 88 194 218 96 144 118 203 135 219 106 117 162 191 132 39 225 114 134 132 49 176 86 174 175 90 139 29 146 128 96 65 157 75 68 185 73 66 82 59 144 170 53 67 112 195 23 73 114 108 159 143 184 33 168 44 192 45 50 84 115 210 33 83 44 69 201 133 155 117 180 26 161 213 142 54 229 59 166 211 93 173 206 205 62 111 123 91 51 229 88 35 185 174 45 200 193 78 29 34 133 221 196 93 165 46 175 135 192 105 94 164 31 223 219 181 221 45 168 165 193 216 77 152 190 145 63 176 227 104 123 93 48 173 175 72 64 42 201 21 45 52 53 59 89 38 218 123 71 187 22 157 215 100 207 210 141 159 166 28 25 94 171 187 179 191 171 180 38 230 96 20 148 145 146 217 103 23 178 129 52 127 197 98 107 98 193 43 62 48 151 173 31 73 89 133 104 61
53
41 36 57 189 109 225 147 208 34 123 96 179 52 139 165 55 206 194 20 36 176 214 216 82 128 181 211 25 21 182 71 170 48 34 93 47 138 149 125 208 38 214 104 73 174 104 56 155 213 202 160 195 74
232
121 153 67 199 173 154 94 141 148 210 217 114 220 90 187 119 139 94 86 47 150 38 36 20 54 63 99 53 95 30 49 44 151 164 123 132 74 74 69 84 84 74 60 130 92 143 96 177 84 79 21 37 57 22 54 26 194 97 51 130 161 89 190 152 173 224 162 123 137 25 87 26 33 112 64 60 177 173 35 170 55 109 31 138 205 62 230 215 81 151 190 153 46 170 194 169 131 186 160 105 221 79 22 56 27 124 82 36 25 166 223 199 114 210 213 217 187 73 137 163 103 141 141 56 183 212 39 164 147 103 222 113 205 169 180 202 125 205 155 223 133 191 110 141 199 149 32 223 95 172 72 201 127 122 153 22 116 118 66 150 145 215 171 166 78 203 181 55 25 67 108 183 141 205 138 130 59 195 30 66 42 216 118 161 30 47 48 215 131 196 56 130 32 195 202 112 112 69 221 125 146 214 136 171 155 148 64 29 99 112 35 147 40 203 64 221 145 119 107 224 55 161 134 151 144 170 153 34 141 33 171 140
46
153 134 227 34 186 63 198 195 56 40 81 138 176 63 27 59 51 198 215 109 142 61 220 203 160 184 162 181 23 83 217 38 85 227 110 189 107 41 145 90 211 64 204 126 226 185
147
227 53 145 216 57 27 115 219 219 46 209 101 195 174 203 130 143 62 67 177 29 175 41 179 196 180 183 150 68 159 212 79 213 33 214 84 57 58 193 146 183 126 51 63 177 140 113 89 221 200 173 208 106 25 206 173 58 109 211 168 170 47 68 179 96 63 51 208 116 145 135 101 38 44 65 49 88 145 174 101 70 115 177 158 125 91 62 150 149 109 130 22 96 154 173 49 113 101 56 69 65 87 202 55 227 105 161 65 209 47 38 203 36 104 132 138 146 194 62 199 22 223 123 202 146 76 226 131 215 70 164 69 197 129 87 119 200 151 99 35 177 226 119 81 133 93 106
140
94 207 229 31 40 159 40 116 201 23 195 115 64 223 188 197 132 29 213 213 189 101 185 120 35 22 84 159 188 87 48 58 76 77 38 42 189 220 32 116 97 220 95 201 168 184 200 68 85 87 230 202 136 107 155 86 194 211 114 135 93 35 123 133 205 217 112 145 20 89 98 62 127 185 95 75 50 30 66 34 22 49 154 109 187 21 83 31 86 110 216 45 127 102 46 155 126 165 61 41 202 220 172 212 95 41 200 193 173 170 228 157 191 180 73 186 123 165 104 74 74 115 207 34 76 93 160 160 221 90 109 57 144 137 152 178 95 39 202 42
124
92 134 209 34 216 25 37 212 186 221 47 180 62 200 140 172 50 148 178 223 147 45 78 62 71 183 73 126 128 44 46 53 134 89 92 40 103 194 89 69 22 186 210 205 102 107 160 70 95 217 41 176 82 209 158 210 48 61 229 98 48 138 40 92 42 105 82 36 134 201 106 230 165 62 68 73 152 188 76 214 213 106 134 224 38 35 182 65 158 166 114 34 114 159 217 48 108 122 116 20 172 178 130 69 139 207 150 24 139 221 180 132 33 144 110 180 33 124 195 142 228 187 114 162
300
202 220 208 210 95 202 51 77 31 227 142 194 229 213 160 63 123 215 158 51 206 230 138 26 142 81 89 109 181 46 76 38 228 127 133 133 164 202 87 194 145 82 53 154 230 52 71 190 143 209 35 100 32 196 61 105 132 109 217 94 223 56 115 83 197 59 71 73 230 224 144 94 215 182 164 210 147 228 45 123 106 63 111 72 158 132 192 148 219 106 211 192 33 113 194 197 113 142 228 217 104 145 38 192 223 122 119 222 99 128 229 173 82 227 137 61 66 164 50 133 204 122 56 203 183 146 223 20 142 163 103 227 195 36 196 166 131 85 69 96 229 176 73 105 27 154 33 116 61 219 181 183 104 181 59 49 184 26 68 183 83 113 181 197 103 132 193 92 105 79 225 100 59 123 79 68 168 166 127 192 134 202 112 85 34 117 229 65 193 213 144 125 150 99 91 74 78 67 27 109 24 31 224 169 186 37 94 178 122 146 105 96 149 207 21 192 151 68 71 136 93 33 118 46 25 143 155 150 85 189 229 20 106 207 117 112 103 169 213 64 54 150 216 169 93 227 92 190 26 190 229 91 155 111 22 125 163 215 114 188 134 23 29 192 81 210 61 93 44 58 209 205 216 42 139 97 32 125 229 53 43 163 150 92 204 125 134 207 100 115 82 179 158 127 158 159 121 54 170 222
224
120 86 224 145 206 78 148 31 149 165 219 37 42 98 211 54 196 139 27 56 137 82 216 25 169 213 88 109 37 77 91 54 201 49 74 211 93 173 20 46 118 89 108 209 21 36 84 196 220 32 89 38 54 101 170 42 26 102 170 62 123 194 227 224 76 127 87 32 125 181 176 44 143 60 90 74 159 62 211 165 161 64 45 163 50 78 126 217 80 87 188 197 164 202 78 88 97 112 112 95 189 50 154 159 162 160 169 212 152 27 190 169 198 74 48 111 184 197 26 173 127 203 226 101 66 138 111 202 159 58 213 205 215 36 223 76 105 21 41 168 124 31 93 221 71 148 134 189 218 139 106 167 143 165 68 144 152 76 186 225 140 76 54 223 185 36 162 211 228 21 28 42 214 39 65 140 119 33 86 189 203 179 161 99 146 182 204 217 43 75 226 41 209 159 156 115 40 100 87 223 167 108 123 84 70 144 126 79 70 72 60 95 71 177 134 108 38 117 40 158 97 36 136 29
168
186 61 217 154 229 51 107 100 68 95 159 197 73 159 63 50 160 212 63 149 130 223 172 208 201 147 37 166 20 211 103 179 22 46 122 88 21 153 66 22 213 46 59 54 51 212 66 61 70 206 83 43 55 211 202 150 62 215 130 133 213 206 66 53 91 150 172 108 128 230 72 147 156 42 102 101 78 49 50 80 157 201 46 163 146 102 156 211 108 149 220 35 108 105 147 60 29 82 198 131 73 195 122 112 202 181 51 23 109 64 152 38 126 223 211 55 140 196 187 126 221 176 146 230 119 143 178 156 75 58 197 63 183 77 132 68 32 51 226 25 219 68 47 149 99 173 83 203 98 58 170 230 106 109 95 210 123 127 71 186 61 50 228 67 129 119 176 83
96
132 194 157 146 45 149 36 58 68 195 47 117 185 193 186 152 92 185 218 174 142 190 190 67 136 67 173 220 158 181 170 69 129 48 71 117 80 188 70 35 125 212 107 209 202 198 227 40 72 177 51 150 48 194 155 198 126 93 204 37 29 106 178 179 215 154 23 144 69 200 71 22 66 68 182 154 208 177 153 181 170 128 128 131 97 173 20 223 56 62 165 219 91 203 97 229
202
106 171 90 40 178 131 150 160 47 71 125 121 113 191 105 149 41 199 112 37 179 61 151 70 82 214 148 132 207 92 201 146 21 205 79 92 147 104 73 48 128 20 59 59 223 215 185 66 24 23 160 118 57 124 119 59 167 177 73 44 128 199 138 65 187 99 146 140 23 172 76 53 160 171 157 100 143 34 65 96 63 40 205 102 107 95 42 133 137 141 114 189 205 182 168 203 179 139 126 133 100 216 192 134 112 181 164 134 136 50 147 180 59 221 22 45 47 170 169 80 22 105 46 125 216 206 114 102 39 71 214 145 140 152 94 185 49 203 98 136 78 174 169 92 99 66 191 174 221 184 136 105 87 174 55 228 34 201 156 70 108 200 45 162 59 46 209 182 209 127 66 57 80 64 95 164 130 70 158 24 149 91 85 28 221 178 168 225 227 229 144 145 188 229 29 29 111 194 39 193 57 45
