31 35 37 37 37 57 61 65 72 76
21 22 26 45 49 51 51 55 64 78 185 186
20 58 64 67 81 93 112 180 203 225
32 68 169 180 189 214 220 228
41 55 67 112 133 166
38 39 55 120
20 20 22 22 23 23 24 24 26 27 27 28 29 29 30 31 32 34 37 37 37 38 40 40 41 41 41 42 43 44 45 45 45 45 52 52 53 54 54 55 55 57 57 58 58 58 59 60 61 61 61 62 63 65 66 67 67 68 68 68 69 70 71 72 72 73 75 76 76 77 79 79 80 81 81 83 83 83 83 85 87 87 88 89 89 90 90 91 91 92 92 92 93 95 95 96 96 97 97 97 99 100 101 101 101 101 101 102 104 104 104 104 104 107 107 108 109 110 110 110 112 112 114 115 115 116 116 117 117 117 118 119 119 119 120 121 122 124 127 127 128 129 130 131 132 132 135 136 136 137 137 137 138 138 139 140 141 143 143 143 145 145 146 146 148 149 149 149 150 150 150 151 152 152 156 156 156 157 158 158 158 159 160 161 162 162 162 164 166 166 168 168 169 169 171 172 173 176 177 177 179 179 180 181 181 182 183 184 185 186 186 186 187 187 188 189 191 191 192 192 193 193 193 193 194 194 195 195 196 198 199 200 200 201 201 203 205 205 205 206 206 207 207 207 208 210 210 210 211 214 214 215 215 218 218 219 219 219 220 220 220 221 223 224 228 228 229 230 230
21 21 22 23 23 24 25 30 30 32 32 34 34 34 36 37 37 43 47 47 47 48 49 50 51 51 52 53 55 56 56 57 57 58 62 63 64 64 68 68 69 70 72 74 78 78 80 80 81 82 82 84 87 88 88 91 92 93 95 96 97 99 101 101 102 102 104 105 105 107 109 109 111 111 112 113 113 114 116 116 117 118 119 119 120 120 120 122 123 125 126 127 127 127 127 129 131 131 132 132 134 135 137 140 141 144 146 147 148 149 149 150 152 152 153 154 156 156 161 162 168 168 168 168 169 170 171 172 173 174 176 181 182 182 182 182 185 188 189 190 191 191 193 193 195 196 197 198 198 202 202 202 203 203 204 204 205 206 211 212 213 213 213 214 214 216 216 217 217 218 218 221 221 222 223 223 223 224 225 228 230
24 24 24 25 25 25 27 27 29 29 30 30 32 33 33 34 34 36 37 37 37 37 38 38 39 39 40 42 43 44 45 45 45 48 49 52 54 55 56 56 57 58 59 60 61 61 61 61 62 62 62 63 63 63 64 64 65 68 69 69 70 70 70 71 71 73 73 73 73 74 75 76 76 77 77 77 78 80 82 82 82 82 84 84 85 85 85 86 88 88 88 88 89 90 90 91 91 92 92 93 95 98 100 100 100 100 101 102 102 103 104 105 105 105 106 106 106 107 108 108 108 109 109 111 112 113 113 113 114 114 114 115 115 115 121 122 122 123 124 124 128 129 129 129 131 132 132 133 133 133 133 134 135 135 135 136 136 138 138 138 140 141 141 141 141 142 142 143 143 144 144 145 145 145 146 147 151 156 157 157 157 158 159 162 162 163 166 166 167 168 168 169 170 170 170 171 171 173 173 174 175 175 177 178 178 178 180 181 182 182 184 184 184 185 186 186 186 189 191 192 193 194 194 194 196 196 201 201 202 202 203 203 204 205 206 206 206 210 210 211 212 213 213 215 215 215 216 216 218 219 219 220 221 222 222 222 222 222 223 226 226 227 227 228 228 228 228 229 230 230 230
21 23 27 28 29 32 35 37 40 40 41 43 46 48 48 49 52 52 54 56 58 59 60 68 70 70 72 74 77 78 80 90 91 91 92 94 96 103 104 104 104 106 109 112 113 113 117 119 123 123 125 127 132 134 136 136 142 144 145 146 148 149 151 151 153 153 153 154 156 156 156 164 165 166 166 166 167 172 175 178 179 181 183 185 185 187 188 189 189 189 191 192 195 196 200 202 202 205 208 213 216 217 221 226 230
35 50 53 68 90 93 100 104 110 121 142 160 171 177 194 210 213 218
20 21 21 22 23 23 25 26 28 29 29 31 31 32 33 33 34 35 38 38 39 42 42 43 44 44 45 45 45 45 46 48 48 49 50 50 50 51 52 52 53 53 54 59 59 59 60 61 62 62 63 63 64 65 66 67 67 68 69 69 71 72 72 73 73 73 75 75 77 78 82 83 84 86 88 88 89 89 89 90 91 93 93 93 94 94 96 96 96 97 98 98 100 103 104 104 105 105 106 106 107 108 108 111 112 114 114 115 117 117 118 119 123 123 123 124 127 128 129 132 132 133 133 133 134 135 135 137 139 140 141 142 143 144 144 145 145 146 146 148 150 151 152 155 155 156 157 157 159 159 159 161 162 164 164 165 165 166 166 166 168 168 168 168 170 171 171 172 173 173 173 173 174 174 174 175 175 175 175 176 176 176 177 178 178 179 180 180 181 184 185 185 185 187 187 190 191 191 192 192 193 193 193 194 195 196 197 200 201 201 203 205 206 207 210 210 210 211 213 215 216 217 217 218 218 219 219 221 221 222 223 224 225 227 229 229 230
20 21 25 34 34 36 36 38 41 47 48 52 55 56 57 71 73 74 82 93 96 104 104 109 123 125 128 138 139 147 149 155 160 165 170 174 176 179 181 182 189 194 195 202 206 208 208 211 213 214 214 216 225
20 21 22 22 22 25 25 25 26 26 27 29 30 30 30 31 32 32 33 33 34 35 35 36 36 37 38 39 40 42 44 46 47 47 48 49 51 53 54 54 55 55 55 56 56 56 57 59 60 60 62 63 64 64 64 66 66 67 67 69 69 72 73 74 74 74 78 79 79 81 82 84 84 84 86 87 89 90 92 94 94 95 95 96 97 99 99 103 103 105 107 108 109 110 112 112 112 112 113 114 114 116 118 118 119 119 121 122 123 123 124 125 125 127 130 130 130 130 131 131 132 133 134 136 137 137 138 138 139 140 141 141 141 141 141 141 143 144 145 145 146 147 147 148 148 149 150 150 151 151 151 152 153 153 153 153 154 155 155 160 161 161 161 162 163 164 164 166 166 169 169 170 170 170 171 171 171 172 173 173 173 177 177 180 181 183 183 186 187 187 190 190 191 194 194 195 195 196 199 199 199 201 202 202 203 203 205 205 205 205 210 210 212 213 214 215 215 215 216 217 217 220 221 221 221 222 223 223 223 224 224 230
23 27 34 38 40 41 51 56 59 61 63 63 64 81 83 85 90 107 109 110 126 134 138 142 145 153 160 162 176 181 184 185 186 189 195 198 198 203 204 211 215 217 220 226 227 227
22 22 25 27 29 33 35 36 38 38 41 44 46 47 47 49 49 51 51 53 55 56 57 57 58 58 62 62 62 63 63 65 65 65 67 68 68 69 69 70 70 76 79 81 84 87 87 88 89 91 93 96 96 99 101 101 101 101 104 105 106 106 109 109 113 113 115 115 116 119 119 123 125 126 129 130 130 131 132 133 135 138 140 143 145 145 145 146 146 146 149 150 150 151 154 158 159 161 164 168 170 173 173 173 174 174 175 177 177 177 177 179 179 180 183 183 193 194 195 196 197 199 200 200 202 202 203 203 206 208 208 209 209 211 212 213 214 215 216 219 219 221 223 226 226 227 227
20 21 22 22 23 29 30 31 31 32 34 34 35 35 38 39 40 40 41 41 42 42 45 46 48 49 50 57 58 61 62 64 66 68 73 74 74 75 76 76 77 83 84 85 86 86 87 87 89 90 93 93 94 95 95 95 95 97 98 101 102 104 107 109 109 110 112 114 115 115 116 116 120 123 123 126 127 127 132 133 135 136 137 144 145 152 154 155 155 157 159 159 160 160 165 165 168 170 172 173 178 180 184 185 185 186 187 188 188 189 189 191 193 194 195 197 200 200 201 201 202 202 202 205 207 207 211 212 213 213 216 217 220 220 220 221 223 228 229 230
20 22 24 25 33 33 34 34 35 36 37 38 40 40 41 42 44 45 46 47 48 48 48 50 53 61 62 62 62 65 68 69 69 70 71 73 73 76 78 82 82 89 89 92 92 92 95 98 102 103 105 106 106 107 108 110 114 114 114 116 122 124 126 128 130 132 134 134 134 134 138 139 139 140 142 144 147 148 150 152 158 158 159 160 162 165 166 172 172 176 178 178 180 180 180 182 183 186 186 187 188 194 195 200 201 205 207 209 209 210 210 212 213 214 216 217 217 221 221 223 224 228 229 230
20 20 21 22 23 24 25 26 26 26 27 27 29 31 31 32 32 33 33 33 34 35 36 37 38 38 42 43 44 45 46 46 49 50 51 51 52 53 53 54 54 56 56 58 59 59 59 61 61 61 61 63 63 64 65 66 67 68 68 68 69 71 71 71 72 73 73 74 76 77 78 79 79 81 81 82 82 82 83 83 85 85 85 87 89 91 91 92 92 92 93 93 93 94 94 94 95 96 96 97 99 99 100 100 100 103 103 103 104 104 105 105 105 105 106 106 106 109 109 109 111 111 112 112 113 113 113 114 115 115 116 117 117 118 119 121 122 122 122 123 123 123 125 125 125 125 127 127 127 128 131 132 132 132 133 133 133 134 134 134 136 137 138 139 142 142 142 142 143 143 144 144 145 145 146 146 147 148 149 150 150 150 150 151 154 154 155 155 158 158 158 158 159 160 163 163 163 164 164 164 166 166 168 169 169 169 170 173 176 178 179 181 181 181 181 182 183 183 183 184 186 188 189 190 190 190 192 192 192 192 192 192 193 193 194 194 194 195 196 196 197 197 197 202 202 202 202 203 204 204 205 206 207 207 207 208 209 209 210 210 210 211 213 213 213 215 215 215 216 216 217 217 219 219 220 222 222 223 223 223 224 224 225 227 227 227 227 228 228 228 229 229 229 229 229 229 229 230 230 230
20 21 21 21 25 26 26 27 27 28 29 31 31 32 32 33 36 36 36 36 37 37 38 38 39 40 40 41 41 42 42 42 43 44 45 46 48 49 50 50 54 54 54 54 56 58 60 60 62 62 64 65 66 68 70 70 71 71 72 74 74 74 75 76 76 76 76 77 78 78 78 79 80 82 84 84 86 86 87 87 87 88 88 89 89 90 91 93 93 95 95 97 97 98 99 100 101 101 102 105 106 108 108 108 109 111 111 112 112 115 117 118 119 120 123 123 124 125 126 126 127 127 134 134 136 137 138 139 139 140 140 143 143 144 144 145 146 148 148 149 152 152 154 156 158 159 159 159 159 160 161 161 162 162 163 164 165 165 165 167 167 168 169 169 169 170 170 173 173 176 177 179 181 182 184 185 186 188 189 189 189 190 194 196 196 197 197 198 201 202 202 203 203 204 205 206 209 209 211 211 211 211 212 213 213 214 215 216 217 217 218 219 220 221 223 223 223 224 224 225 226 226 227 228
20 21 22 22 23 25 29 32 35 37 38 42 43 46 46 46 47 49 50 50 50 51 51 51 51 53 54 55 55 58 58 59 60 61 61 61 62 63 63 63 64 66 66 66 67 68 68 68 70 71 72 73 73 75 77 78 80 82 83 83 83 88 91 95 95 98 99 100 101 102 102 103 105 106 107 108 108 108 109 109 112 119 119 122 122 123 126 126 127 128 129 130 130 131 132 133 140 143 146 146 147 147 147 149 149 149 150 150 152 153 154 156 156 156 157 159 159 160 163 166 170 172 172 173 176 176 178 179 181 183 186 186 187 195 196 197 197 198 201 201 202 202 203 206 206 208 210 211 211 211 211 212 212 213 213 215 217 219 220 221 223 223 226 228 229 230 230 230
20 22 23 29 35 36 37 40 45 47 48 48 51 56 58 62 66 67 67 68 68 69 69 70 71 71 72 80 91 92 93 97 97 106 107 117 117 125 126 128 128 129 131 132 136 142 144 146 149 150 152 153 154 154 155 157 158 165 170 170 173 173 174 177 177 178 179 181 181 182 185 185 186 188 190 190 193 194 194 195 198 198 200 202 203 204 208 209 212 215 218 219 220 223 227 229
20 21 22 22 23 23 24 24 28 29 29 34 34 37 39 39 40 40 41 42 44 45 45 45 46 46 47 47 48 49 50 53 55 57 57 57 59 59 59 59 59 61 63 64 65 65 66 66 66 70 70 70 71 71 73 73 76 78 79 80 80 82 85 87 90 91 92 92 92 94 95 95 96 98 99 99 100 100 102 102 104 105 105 105 106 107 108 111 112 112 113 114 114 118 119 121 124 125 125 126 127 128 128 130 131 132 133 133 134 134 136 136 136 137 138 139 140 140 141 143 144 145 145 146 146 147 147 148 149 149 150 151 152 156 157 158 160 160 160 162 164 164 167 168 168 169 169 170 171 171 172 174 174 174 177 178 178 179 179 180 181 182 182 184 185 185 187 188 189 191 191 192 193 194 199 199 200 201 201 203 203 205 205 205 206 207 209 209 214 214 215 216 216 221 221 221 223 225 227 228 229 229
